0: 0
1: 0
2: 0
3: 0
4: 0
5: 0
6: 0
7: 0
8: 0
9: 0
10: 0
11: 0
12: 0
13: 0
14: 0
15: 0
16: 0
17: 0
18: 0
19: 0
20: 0
21: 0
22: 0
23: 0
24: 0
25: 0
26: 0
27: 0
28: 0
29: 0
30: 0
31: 0
32: 0
33: 0
34: 0
35: 0
36: 0
37: 0
38: 0
39: 0
40: 0
41: 0
42: 0
43: 0
44: 0
45: 0
46: 0
47: 0
48: 0
49: 0
50: 0
51: 0
52: 0
53: 0
54: 0
55: 0
56: 0
57: 0
58: 0
59: 0
60: 0
61: 0
62: 0
63: 0
64: 0
65: 0
66: 0
67: 0
68: 0
69: 0
70: 0
71: 0
72: 0
73: 0
74: 0
75: 0
76: 0
77: 0
78: 0
79: 0
80: 0
81: 0
82: 0
83: 0
84: 0
85: 0
86: 0
87: 0
88: 0
89: 0
90: 0
91: 0
92: 0
93: 0
94: 0
95: 0
96: 0
97: 0
98: 0
99: 0
100: 0
101: 0
102: 0
103: 0
104: 0
105: 0
106: 0
107: 0
108: 0
109: 0
110: 0
111: 0
112: 0
113: 0
114: 0
115: 0
116: 0
117: 0
118: 0
119: 0
120: 0
121: 0
122: 0
123: 0
124: 0
125: 0
126: 0
127: 0
128: 0
129: 0
130: 0
131: 0
132: 0
133: 0
134: 0
135: 0
136: 0
137: 0
138: 0
139: 0
140: 0
141: 0
142: 0
143: 0
144: 0
145: 0
146: 0
147: 0
148: 0
149: 0
150: 0
151: 0
152: 0
153: 0
154: 0
155: 0
156: 0
157: 0
158: 0
159: 0
160: 0
161: 0
162: 0
163: 0
164: 0
165: 0
166: 0
167: 0
168: 0
169: 0
170: 0
171: 0
172: 0
173: 0
174: 0
175: 0
176: 0
177: 0
178: 0
179: 0
180: 0
181: 0
182: 0
183: 0
184: 0
185: 0
186: 0
187: 0
188: 0
189: 0
190: 0
191: 0
192: 0
193: 0
194: 0
195: 0
196: 0
197: 0
198: 0
199: 0
200: 0
201: 0
202: 0
203: 0
204: 0
205: 0
206: 0
207: 0
208: 0
209: 0
210: 0
211: 0
212: 0
213: 0
214: 0
215: 0
216: 0
217: 0
218: 0
219: 0
220: 0
221: 0
222: 0
223: 0
224: 0
225: 0
226: 0
227: 0
228: 0
229: 0
230: 0
231: 0
232: 0
233: 0
234: 0
235: 0
236: 0
237: 0
238: 0
239: 0
240: 0
241: 0
242: 0
243: 0
244: 0
245: 0
246: 0
247: 0
248: 0
249: 0
250: 0
251: 0
252: 0
253: 0
254: 0
255: 0
256: 0
257: 0
258: 0
259: 0
260: 0
261: 0
262: 0
263: 0
264: 0
265: 0
266: 0
267: 0
268: 0
269: 0
270: 0
271: 0
272: 0
273: 0
274: 0
275: 0
276: 0
277: 0
278: 0
279: 0
280: 0
281: 0
282: 0
283: 0
284: 0
285: 0
286: 0
287: 0
288: 0
289: 0
290: 0
291: 0
292: 0
293: 0
294: 0
295: 0
296: 0
297: 0
298: 0
299: 0
300: 0
301: 0
302: 0
303: 0
304: 0
305: 0
306: 0
307: 0
308: 0
309: 0
310: 0
311: 0
312: 0
313: 0
314: 0
315: 0
316: 0
317: 0
318: 0
319: 0
320: 0
321: 0
322: 0
323: 0
324: 0
325: 0
326: 0
327: 0
328: 0
329: 0
330: 0
331: 0
332: 0
333: 0
334: 0
335: 0
336: 0
337: 0
338: 0
339: 0
340: 0
341: 0
342: 0
343: 0
344: 0
345: 0
346: 0
347: 0
348: 0
349: 0
350: 0
351: 0
352: 0
353: 0
354: 0
355: 0
356: 0
357: 0
358: 0
359: 0
360: 0
361: 0
362: 0
363: 0
364: 0
365: 0
366: 0
367: 0
368: 0
369: 0
370: 0
371: 0
372: 0
373: 0
374: 0
375: 0
376: 0
377: 0
378: 0
379: 0
380: 0
381: 0
382: 0
383: 0
384: 0
385: 0
386: 0
387: 0
388: 0
389: 0
390: 0
391: 0
392: 0
393: 0
394: 0
395: 0
396: 0
397: 0
398: 0
399: 0
400: 0
401: 0
402: 0
403: 0
404: 0
405: 0
406: 0
407: 0
408: 0
409: 0
410: 0
411: 0
412: 0
413: 0
414: 0
415: 0
416: 0
417: 0
418: 0
419: 0
420: 0
421: 0
422: 0
423: 0
424: 0
425: 0
426: 0
427: 0
428: 0
429: 0
430: 0
431: 0
432: 0
433: 0
434: 0
435: 0
436: 0
437: 0
438: 0
439: 0
440: 0
441: 0
442: 0
443: 0
444: 0
445: 0
446: 0
447: 0
448: 0
449: 0
450: 0
451: 0
452: 0
453: 0
454: 0
455: 0
456: 0
457: 0
458: 0
459: 0
460: 0
461: 0
462: 0
463: 0
464: 0
465: 0
466: 0
467: 0
468: 0
469: 0
470: 0
471: 0
472: 0
473: 0
474: 0
475: 0
476: 0
477: 0
478: 0
479: 0
480: 0
481: 0
482: 0
483: 0
484: 0
485: 0
486: 0
487: 0
488: 0
489: 0
490: 0
491: 0
492: 0
493: 0
494: 0
495: 0
496: 0
497: 0
498: 0
499: 0
500: 0
501: 0
502: 0
503: 0
504: 0
505: 0
506: 0
507: 0
508: 0
509: 0
510: 0
511: 0
512: 0
513: 0
514: 0
515: 0
516: 0
517: 0
518: 0
519: 0
520: 0
521: 0
522: 0
523: 0
524: 0
525: 0
526: 0
527: 0
528: 0
529: 0
530: 0
531: 0
532: 0
533: 0
534: 0
535: 0
536: 0
537: 0
538: 0
539: 0
540: 0
541: 0
542: 0
543: 0
544: 0
545: 0
546: 0
547: 0
548: 0
549: 0
550: 0
551: 0
552: 0
553: 0
554: 0
555: 0
556: 0
557: 0
558: 0
559: 0
560: 0
561: 0
562: 0
563: 0
564: 0
565: 0
566: 0
567: 0
568: 0
569: 0
570: 0
571: 0
572: 0
573: 0
574: 0
575: 0
576: 0
577: 0
578: 0
579: 0
580: 0
581: 0
582: 0
583: 0
584: 0
585: 0
586: 0
587: 0
588: 0
589: 0
590: 0
591: 0
592: 0
593: 0
594: 0
595: 0
596: 0
597: 0
598: 0
599: 0
600: 0
601: 0
602: 0
603: 0
604: 0
605: 0
606: 0
607: 0
608: 0
609: 0
610: 0
611: 0
612: 0
613: 0
614: 0
615: 0
616: 0
617: 0
618: 0
619: 0
620: 0
621: 0
622: 0
623: 0
624: 0
625: 0
626: 0
627: 0
628: 0
629: 0
630: 0
631: 0
632: 0
633: 0
634: 0
635: 0
636: 0
637: 0
638: 0
639: 0
640: 0
641: 0
642: 0
643: 0
644: 0
645: 0
646: 0
647: 0
648: 0
649: 0
650: 0
651: 0
652: 0
653: 0
654: 0
655: 0
656: 0
657: 0
658: 0
659: 0
660: 0
661: 0
662: 0
663: 0
664: 0
665: 0
666: 0
667: 0
668: 0
669: 0
670: 0
671: 0
672: 0
673: 0
674: 0
675: 0
676: 0
677: 0
678: 0
679: 0
680: 0
681: 0
682: 0
683: 0
684: 0
685: 0
686: 0
687: 0
688: 0
689: 0
690: 0
691: 0
692: 0
693: 0
694: 0
695: 0
696: 0
697: 0
698: 0
699: 0
700: 0
701: 0
702: 0
703: 0
704: 0
705: 0
706: 0
707: 0
708: 0
709: 0
710: 0
711: 0
712: 0
713: 0
714: 0
715: 0
716: 0
717: 0
718: 0
719: 0
720: 0
721: 0
722: 0
723: 0
724: 0
725: 0
726: 0
727: 0
728: 0
729: 0
730: 0
731: 0
732: 0
733: 0
734: 0
735: 0
736: 0
737: 0
738: 0
739: 0
740: 0
741: 0
742: 0
743: 0
744: 0
745: 0
746: 0
747: 0
748: 0
749: 0
750: 0
751: 0
752: 0
753: 0
754: 0
755: 0
756: 0
757: 0
758: 0
759: 0
760: 0
761: 0
762: 0
763: 0
764: 0
765: 0
766: 0
767: 0
768: 0
769: 0
770: 0
771: 0
772: 0
773: 0
774: 0
775: 0
776: 0
777: 0
778: 0
779: 0
780: 0
781: 0
782: 0
783: 0
784: 0
785: 0
786: 0
787: 0
788: 0
789: 0
790: 0
791: 0
792: 0
793: 0
794: 0
795: 0
796: 0
797: 0
798: 0
799: 0
800: 0
801: 0
802: 0
803: 0
804: 0
805: 0
806: 0
807: 0
808: 0
809: 0
810: 0
811: 0
812: 0
813: 0
814: 0
815: 0
816: 0
817: 0
818: 0
819: 0
820: 0
821: 0
822: 0
823: 0
824: 0
825: 0
826: 0
827: 0
828: 0
829: 0
830: 0
831: 0
832: 0
833: 0
834: 0
835: 0
836: 0
837: 0
838: 0
839: 0
840: 0
841: 0
842: 0
843: 0
844: 0
845: 0
846: 0
847: 0
848: 0
849: 0
850: 0
851: 0
852: 0
853: 0
854: 0
855: 0
856: 0
857: 0
858: 0
859: 0
860: 0
861: 0
862: 0
863: 0
864: 0
865: 0
866: 0
867: 0
868: 0
869: 0
870: 0
871: 0
872: 0
873: 0
874: 0
875: 0
876: 0
877: 0
878: 0
879: 0
880: 0
881: 0
882: 0
883: 0
884: 0
885: 0
886: 0
887: 0
888: 0
889: 0
890: 0
891: 0
892: 0
893: 0
894: 0
895: 0
896: 0
897: 0
898: 0
899: 0
900: 0
901: 0
902: 0
903: 0
904: 0
905: 0
906: 0
907: 0
908: 0
909: 0
910: 0
911: 0
912: 0
913: 0
914: 0
915: 0
916: 0
917: 0
918: 0
919: 0
920: 0
921: 0
922: 0
923: 0
924: 0
925: 0
926: 0
927: 0
928: 0
929: 0
930: 0
931: 0
932: 0
933: 0
934: 0
935: 0
936: 0
937: 0
938: 0
939: 0
940: 0
941: 0
942: 0
943: 0
944: 0
945: 0
946: 0
947: 0
948: 0
949: 0
950: 0
951: 0
952: 0
953: 0
954: 0
955: 0
956: 0
957: 0
958: 0
959: 0
960: 0
961: 0
962: 0
963: 0
964: 0
965: 0
966: 0
967: 0
968: 0
969: 0
970: 0
971: 0
972: 0
973: 0
974: 0
975: 0
976: 0
977: 0
978: 0
979: 0
980: 0
981: 0
982: 0
983: 0
984: 0
985: 0
986: 0
987: 0
988: 0
989: 0
990: 0
991: 0
992: 0
993: 0
994: 0
995: 0
996: 0
997: 0
998: 0
999: 0
1000: 0
1001: 0
1002: 0
1003: 0
1004: 0
1005: 0
1006: 0
1007: 0
1008: 0
1009: 0
1010: 0
1011: 0
1012: 0
1013: 0
1014: 0
1015: 0
1016: 0
1017: 0
1018: 0
1019: 0
1020: 0
1021: 0
1022: 0
1023: 0
1024: 0
1025: 0
1026: 0
1027: 0
1028: 0
1029: 0
1030: 0
1031: 0
1032: 0
1033: 0
1034: 0
1035: 0
1036: 0
1037: 0
1038: 0
1039: 0
1040: 0
1041: 0
1042: 0
1043: 0
1044: 0
1045: 0
1046: 0
1047: 0
1048: 0
1049: 0
1050: 0
1051: 0
1052: 0
1053: 0
1054: 0
1055: 0
1056: 0
1057: 0
1058: 0
1059: 0
1060: 0
1061: 0
1062: 0
1063: 0
1064: 0
1065: 0
1066: 0
1067: 0
1068: 0
1069: 0
1070: 0
1071: 0
1072: 0
1073: 0
1074: 0
1075: 0
1076: 0
1077: 0
1078: 0
1079: 0
1080: 0
1081: 0
1082: 0
1083: 0
1084: 0
1085: 0
1086: 0
1087: 0
1088: 0
1089: 0
1090: 0
1091: 0
1092: 0
1093: 0
1094: 0
1095: 0
1096: 0
1097: 0
1098: 0
1099: 0
1100: 0
1101: 0
1102: 0
1103: 0
1104: 0
1105: 0
1106: 0
1107: 0
1108: 0
1109: 0
1110: 0
1111: 0
1112: 0
1113: 0
1114: 0
1115: 0
1116: 0
1117: 0
1118: 0
1119: 0
1120: 0
1121: 0
1122: 0
1123: 0
1124: 0
1125: 0
1126: 0
1127: 0
1128: 0
1129: 0
1130: 0
1131: 0
1132: 0
1133: 0
1134: 0
1135: 0
1136: 0
1137: 0
1138: 0
1139: 0
1140: 0
1141: 0
1142: 0
1143: 0
1144: 0
1145: 0
1146: 0
1147: 0
1148: 0
1149: 0
1150: 0
1151: 0
1152: 0
1153: 0
1154: 0
1155: 0
1156: 0
1157: 0
1158: 0
1159: 0
1160: 0
1161: 0
1162: 0
1163: 0
1164: 0
1165: 0
1166: 0
1167: 0
1168: 0
1169: 0
1170: 0
1171: 0
1172: 0
1173: 0
1174: 0
1175: 0
1176: 0
1177: 0
1178: 0
1179: 0
1180: 0
1181: 0
1182: 0
1183: 0
1184: 0
1185: 0
1186: 0
1187: 0
1188: 0
1189: 0
1190: 0
1191: 0
1192: 0
1193: 0
1194: 0
1195: 0
1196: 0
1197: 0
1198: 0
1199: 0
1200: 0
1201: 0
1202: 0
1203: 0
1204: 0
1205: 0
1206: 0
1207: 0
1208: 0
1209: 0
1210: 0
1211: 0
1212: 0
1213: 0
1214: 0
1215: 0
1216: 0
1217: 0
1218: 0
1219: 0
1220: 0
1221: 0
1222: 0
1223: 0
1224: 0
1225: 0
1226: 0
1227: 0
1228: 0
1229: 0
1230: 0
1231: 0
1232: 0
1233: 0
1234: 0
1235: 0
1236: 0
1237: 0
1238: 0
1239: 0
1240: 0
1241: 0
1242: 0
1243: 0
1244: 0
1245: 0
1246: 0
1247: 0
1248: 0
1249: 0
1250: 0
1251: 0
1252: 0
1253: 0
1254: 0
1255: 0
1256: 0
1257: 0
1258: 0
1259: 0
1260: 0
1261: 0
1262: 0
1263: 0
1264: 0
1265: 0
1266: 0
1267: 0
1268: 0
1269: 0
1270: 0
1271: 0
1272: 0
1273: 0
1274: 0
1275: 0
1276: 0
1277: 0
1278: 0
1279: 0
1280: 0
1281: 0
1282: 0
1283: 0
1284: 0
1285: 0
1286: 0
1287: 0
1288: 0
1289: 0
1290: 0
1291: 0
1292: 0
1293: 0
1294: 0
1295: 0
1296: 0
1297: 0
1298: 0
1299: 0
1300: 0
1301: 0
1302: 0
1303: 0
1304: 0
1305: 0
1306: 0
1307: 0
1308: 0
1309: 0
1310: 0
1311: 0
1312: 0
1313: 0
1314: 0
1315: 0
1316: 0
1317: 0
1318: 0
1319: 0
1320: 0
1321: 0
1322: 0
1323: 0
1324: 0
1325: 0
1326: 0
1327: 0
1328: 0
1329: 0
1330: 0
1331: 0
1332: 0
1333: 0
1334: 0
1335: 0
1336: 0
1337: 0
1338: 0
1339: 0
1340: 0
1341: 0
1342: 0
1343: 0
1344: 0
1345: 0
1346: 0
1347: 0
1348: 0
1349: 0
1350: 0
1351: 0
1352: 0
1353: 0
1354: 0
1355: 0
1356: 0
1357: 0
1358: 0
1359: 0
1360: 0
1361: 0
1362: 0
1363: 0
1364: 0
1365: 0
1366: 0
1367: 0
1368: 0
1369: 0
1370: 0
1371: 0
1372: 0
1373: 0
1374: 0
1375: 0
1376: 0
1377: 0
1378: 0
1379: 0
1380: 0
1381: 0
1382: 0
1383: 0
1384: 0
1385: 0
1386: 0
1387: 0
1388: 0
1389: 0
1390: 0
1391: 0
1392: 0
1393: 0
1394: 0
1395: 0
1396: 0
1397: 0
1398: 0
1399: 0
1400: 0
1401: 0
1402: 0
1403: 0
1404: 0
1405: 0
1406: 0
1407: 0
1408: 0
1409: 0
1410: 0
1411: 0
1412: 0
1413: 0
1414: 0
1415: 0
1416: 0
1417: 0
1418: 0
1419: 0
1420: 0
1421: 0
1422: 0
1423: 0
1424: 0
1425: 0
1426: 0
1427: 0
1428: 0
1429: 0
1430: 0
1431: 0
1432: 0
1433: 0
1434: 0
1435: 0
1436: 0
1437: 0
1438: 0
1439: 0
1440: 0
1441: 0
1442: 0
1443: 0
1444: 0
1445: 0
1446: 0
1447: 0
1448: 0
1449: 0
1450: 0
1451: 0
1452: 0
1453: 0
1454: 0
1455: 0
1456: 0
1457: 0
1458: 0
1459: 0
1460: 0
1461: 0
1462: 0
1463: 0
1464: 0
1465: 0
1466: 0
1467: 0
1468: 0
1469: 0
1470: 0
1471: 0
1472: 0
1473: 0
1474: 0
1475: 0
1476: 0
1477: 0
1478: 0
1479: 0
1480: 0
1481: 0
1482: 0
1483: 0
1484: 0
1485: 0
1486: 0
1487: 0
1488: 0
1489: 0
1490: 0
1491: 0
1492: 0
1493: 0
1494: 0
1495: 0
1496: 0
1497: 0
1498: 0
1499: 0
1500: 0
1501: 0
1502: 0
1503: 0
1504: 0
1505: 0
1506: 0
1507: 0
1508: 0
1509: 0
1510: 0
1511: 0
1512: 0
1513: 0
1514: 0
1515: 0
1516: 0
1517: 0
1518: 0
1519: 0
1520: 0
1521: 0
1522: 0
1523: 0
1524: 0
1525: 0
1526: 0
1527: 0
1528: 0
1529: 0
1530: 0
1531: 0
1532: 0
1533: 0
1534: 0
1535: 0
1536: 0
1537: 0
1538: 0
1539: 0
1540: 0
1541: 0
1542: 0
1543: 0
1544: 0
1545: 0
1546: 0
1547: 0
1548: 0
1549: 0
1550: 0
1551: 0
1552: 0
1553: 0
1554: 0
1555: 0
1556: 0
1557: 0
1558: 0
1559: 0
1560: 0
1561: 0
1562: 0
1563: 0
1564: 0
1565: 0
1566: 0
1567: 0
1568: 0
1569: 0
1570: 0
1571: 0
1572: 0
1573: 0
1574: 0
1575: 0
1576: 0
1577: 0
1578: 0
1579: 0
1580: 0
1581: 0
1582: 0
1583: 0
1584: 0
1585: 0
1586: 0
1587: 0
1588: 0
1589: 0
1590: 0
1591: 0
1592: 0
1593: 0
1594: 0
1595: 0
1596: 0
1597: 0
1598: 0
1599: 0
1600: 0
1601: 0
1602: 0
1603: 0
1604: 0
1605: 0
1606: 0
1607: 0
1608: 0
1609: 0
1610: 0
1611: 0
1612: 0
1613: 0
1614: 0
1615: 0
1616: 0
1617: 0
1618: 0
1619: 0
1620: 0
1621: 0
1622: 0
1623: 0
1624: 0
1625: 0
1626: 0
1627: 0
1628: 0
1629: 0
1630: 0
1631: 0
1632: 0
1633: 0
1634: 0
1635: 0
1636: 0
1637: 0
1638: 0
1639: 0
1640: 0
1641: 0
1642: 0
1643: 0
1644: 0
1645: 0
1646: 0
1647: 0
1648: 0
1649: 0
1650: 0
1651: 0
1652: 0
1653: 0
1654: 0
1655: 0
1656: 0
1657: 0
1658: 0
1659: 0
1660: 0
1661: 0
1662: 0
1663: 0
1664: 0
1665: 0
1666: 0
1667: 0
1668: 0
1669: 0
1670: 0
1671: 0
1672: 0
1673: 0
1674: 0
1675: 0
1676: 0
1677: 0
1678: 0
1679: 0
1680: 0
1681: 0
1682: 0
1683: 0
1684: 0
1685: 0
1686: 0
1687: 0
1688: 0
1689: 0
1690: 0
1691: 0
1692: 0
1693: 0
1694: 0
1695: 0
1696: 0
1697: 0
1698: 0
1699: 0
1700: 0
1701: 0
1702: 0
1703: 0
1704: 0
1705: 0
1706: 0
1707: 0
1708: 0
1709: 0
1710: 0
1711: 0
1712: 0
1713: 0
1714: 0
1715: 0
1716: 0
1717: 0
1718: 0
1719: 0
1720: 0
1721: 0
1722: 0
1723: 0
1724: 0
1725: 0
1726: 0
1727: 0
1728: 0
1729: 0
1730: 0
1731: 0
1732: 0
1733: 0
1734: 0
1735: 0
1736: 0
1737: 0
1738: 0
1739: 0
1740: 0
1741: 0
1742: 0
1743: 0
1744: 0
1745: 0
1746: 0
1747: 0
1748: 0
1749: 0
1750: 0
1751: 0
1752: 0
1753: 0
1754: 0
1755: 0
1756: 0
1757: 0
1758: 0
1759: 0
1760: 0
1761: 0
1762: 0
1763: 0
1764: 0
1765: 0
1766: 0
1767: 0
1768: 0
1769: 0
1770: 0
1771: 0
1772: 0
1773: 0
1774: 0
1775: 0
1776: 0
1777: 0
1778: 0
1779: 0
1780: 0
1781: 0
1782: 0
1783: 0
1784: 0
1785: 0
1786: 0
1787: 0
1788: 0
1789: 0
1790: 0
1791: 0
1792: 0
1793: 0
1794: 0
1795: 0
1796: 0
1797: 0
1798: 0
1799: 0
1800: 0
1801: 0
1802: 0
1803: 0
1804: 0
1805: 0
1806: 0
1807: 0
1808: 0
1809: 0
1810: 0
1811: 0
1812: 0
1813: 0
1814: 0
1815: 0
1816: 0
1817: 0
1818: 0
1819: 0
1820: 0
1821: 0
1822: 0
1823: 0
1824: 0
1825: 0
1826: 0
1827: 0
1828: 0
1829: 0
1830: 0
1831: 0
1832: 0
1833: 0
1834: 0
1835: 0
1836: 0
1837: 0
1838: 0
1839: 0
1840: 0
1841: 0
1842: 0
1843: 0
1844: 0
1845: 0
1846: 0
1847: 0
1848: 0
1849: 0
1850: 0
1851: 0
1852: 0
1853: 0
1854: 0
1855: 0
1856: 0
1857: 0
1858: 0
1859: 0
1860: 0
1861: 0
1862: 0
1863: 0
1864: 0
1865: 0
1866: 0
1867: 0
1868: 0
1869: 0
1870: 0
1871: 0
1872: 0
1873: 0
1874: 0
1875: 0
1876: 0
1877: 0
1878: 0
1879: 0
1880: 0
1881: 0
1882: 0
1883: 0
1884: 0
1885: 0
1886: 0
1887: 0
1888: 0
1889: 0
1890: 0
1891: 0
1892: 0
1893: 0
1894: 0
1895: 0
1896: 0
1897: 0
1898: 0
1899: 0
1900: 0
1901: 0
1902: 0
1903: 0
1904: 0
1905: 0
1906: 0
1907: 0
1908: 0
1909: 0
1910: 0
1911: 0
1912: 0
1913: 0
1914: 0
1915: 0
1916: 0
1917: 0
1918: 0
1919: 0
1920: 0
1921: 0
1922: 0
1923: 0
1924: 0
1925: 0
1926: 0
1927: 0
1928: 0
1929: 0
1930: 0
1931: 0
1932: 0
1933: 0
1934: 0
1935: 0
1936: 0
1937: 0
1938: 0
1939: 0
1940: 0
1941: 0
1942: 0
1943: 0
1944: 0
1945: 0
1946: 0
1947: 0
1948: 0
1949: 0
1950: 0
1951: 0
1952: 0
1953: 0
1954: 0
1955: 0
1956: 0
1957: 0
1958: 0
1959: 0
1960: 0
1961: 0
1962: 0
1963: 0
1964: 0
1965: 0
1966: 0
1967: 0
1968: 0
1969: 0
1970: 0
1971: 0
1972: 0
1973: 0
1974: 0
1975: 0
1976: 0
1977: 0
1978: 0
1979: 0
1980: 0
1981: 0
1982: 0
1983: 0
1984: 0
1985: 0
1986: 0
1987: 0
1988: 0
1989: 0
1990: 0
1991: 0
1992: 0
1993: 0
1994: 0
1995: 0
1996: 0
1997: 0
1998: 0
1999: 0
2000: 0
2001: 0
2002: 0
2003: 0
2004: 0
2005: 0
2006: 0
2007: 0
2008: 0
2009: 0
2010: 0
2011: 0
2012: 0
2013: 0
2014: 0
2015: 0
2016: 0
2017: 0
2018: 0
2019: 0
2020: 0
2021: 0
2022: 0
2023: 0
2024: 0
2025: 0
2026: 0
2027: 0
2028: 0
2029: 0
2030: 0
2031: 0
2032: 0
2033: 0
2034: 0
2035: 0
2036: 0
2037: 0
2038: 0
2039: 0
2040: 0
2041: 0
2042: 0
2043: 0
2044: 0
2045: 0
2046: 0
2047: 0
2048: 0
2049: 0
2050: 0
2051: 0
2052: 0
2053: 0
2054: 0
2055: 0
2056: 0
2057: 0
2058: 0
2059: 0
2060: 0
2061: 0
2062: 0
2063: 0
2064: 0
2065: 0
2066: 0
2067: 0
2068: 0
2069: 0
2070: 0
2071: 0
2072: 0
2073: 0
2074: 0
2075: 0
2076: 0
2077: 0
2078: 0
2079: 0
2080: 0
2081: 0
2082: 0
2083: 0
2084: 0
2085: 0
2086: 0
2087: 0
2088: 0
2089: 0
2090: 0
2091: 0
2092: 0
2093: 0
2094: 0
2095: 0
2096: 0
2097: 0
2098: 0
2099: 0
2100: 0
2101: 0
2102: 0
2103: 0
2104: 0
2105: 0
2106: 0
2107: 0
2108: 0
2109: 0
2110: 0
2111: 0
2112: 0
2113: 0
2114: 0
2115: 0
2116: 0
2117: 0
2118: 0
2119: 0
2120: 0
2121: 0
2122: 0
2123: 0
2124: 0
2125: 0
2126: 0
2127: 0
2128: 0
2129: 0
2130: 0
2131: 0
2132: 0
2133: 0
2134: 0
2135: 0
2136: 0
2137: 0
2138: 0
2139: 0
2140: 0
2141: 0
2142: 0
2143: 0
2144: 0
2145: 0
2146: 0
2147: 0
2148: 0
2149: 0
2150: 0
2151: 0
2152: 0
2153: 0
2154: 0
2155: 0
2156: 0
2157: 0
2158: 0
2159: 0
2160: 0
2161: 0
2162: 0
2163: 0
2164: 0
2165: 0
2166: 0
2167: 0
2168: 0
2169: 0
2170: 0
2171: 0
2172: 0
2173: 0
2174: 0
2175: 0
2176: 0
2177: 0
2178: 0
2179: 0
2180: 0
2181: 0
2182: 0
2183: 0
2184: 0
2185: 0
2186: 0
2187: 0
2188: 0
2189: 0
2190: 0
2191: 0
2192: 0
2193: 0
2194: 0
2195: 0
2196: 0
2197: 0
2198: 0
2199: 0
2200: 0
2201: 0
2202: 0
2203: 0
2204: 0
2205: 0
2206: 0
2207: 0
2208: 0
2209: 0
2210: 0
2211: 0
2212: 0
2213: 0
2214: 0
2215: 0
2216: 0
2217: 0
2218: 0
2219: 0
2220: 0
2221: 0
2222: 0
2223: 0
2224: 0
2225: 0
2226: 0
2227: 0
2228: 0
2229: 0
2230: 0
2231: 0
2232: 0
2233: 0
2234: 0
2235: 0
2236: 0
2237: 0
2238: 0
2239: 0
2240: 0
2241: 0
2242: 0
2243: 0
2244: 0
2245: 0
2246: 0
2247: 0
2248: 0
2249: 0
2250: 0
2251: 0
2252: 0
2253: 0
2254: 0
2255: 0
2256: 0
2257: 0
2258: 0
2259: 0
2260: 0
2261: 0
2262: 0
2263: 0
2264: 0
2265: 0
2266: 0
2267: 0
2268: 0
2269: 0
2270: 0
2271: 0
2272: 0
2273: 0
2274: 0
2275: 0
2276: 0
2277: 0
2278: 0
2279: 0
2280: 0
2281: 0
2282: 0
2283: 0
2284: 0
2285: 0
2286: 0
2287: 0
2288: 0
2289: 0
2290: 0
2291: 0
2292: 0
2293: 0
2294: 0
2295: 0
2296: 0
2297: 0
2298: 0
2299: 0
2300: 0
2301: 0
2302: 0
2303: 0
2304: 0
2305: 0
2306: 0
2307: 0
2308: 0
2309: 0
2310: 0
2311: 0
2312: 0
2313: 0
2314: 0
2315: 0
2316: 0
2317: 0
2318: 0
2319: 0
2320: 0
2321: 0
2322: 0
2323: 0
2324: 0
2325: 0
2326: 0
2327: 0
2328: 0
2329: 0
2330: 0
2331: 0
2332: 0
2333: 0
2334: 0
2335: 0
2336: 0
2337: 0
2338: 0
2339: 0
2340: 0
2341: 0
2342: 0
2343: 0
2344: 0
2345: 0
2346: 0
2347: 0
2348: 0
2349: 0
2350: 0
2351: 0
2352: 0
2353: 0
2354: 0
2355: 0
2356: 0
2357: 0
2358: 0
2359: 0
2360: 0
2361: 0
2362: 0
2363: 0
2364: 0
2365: 0
2366: 0
2367: 0
2368: 0
2369: 0
2370: 0
2371: 0
2372: 0
2373: 0
2374: 0
2375: 0
2376: 0
2377: 0
2378: 0
2379: 0
2380: 0
2381: 0
2382: 0
2383: 0
2384: 0
2385: 0
2386: 0
2387: 0
2388: 0
2389: 0
2390: 0
2391: 0
2392: 0
2393: 0
2394: 0
2395: 0
2396: 0
2397: 0
2398: 0
2399: 0
2400: 0
2401: 0
2402: 0
2403: 0
2404: 0
2405: 0
2406: 0
2407: 0
2408: 0
2409: 0
2410: 0
2411: 0
2412: 0
2413: 0
2414: 0
2415: 0
2416: 0
2417: 0
2418: 0
2419: 0
2420: 0
2421: 0
2422: 0
2423: 0
2424: 0
2425: 0
2426: 0
2427: 0
2428: 0
2429: 0
2430: 0
2431: 0
2432: 0
2433: 0
2434: 0
2435: 0
2436: 0
2437: 0
2438: 0
2439: 0
2440: 0
2441: 0
2442: 0
2443: 0
2444: 0
2445: 0
2446: 0
2447: 0
2448: 0
2449: 0
2450: 0
2451: 0
2452: 0
2453: 0
2454: 0
2455: 0
2456: 0
2457: 0
2458: 0
2459: 0
2460: 0
2461: 0
2462: 0
2463: 0
2464: 0
2465: 0
2466: 0
2467: 0
2468: 0
2469: 0
2470: 0
2471: 0
2472: 0
2473: 0
2474: 0
2475: 0
2476: 0
2477: 0
2478: 0
2479: 0
2480: 0
2481: 0
2482: 0
2483: 0
2484: 0
2485: 0
2486: 0
2487: 0
2488: 0
2489: 0
2490: 0
2491: 0
2492: 0
2493: 0
2494: 0
2495: 0
2496: 0
2497: 0
2498: 0
2499: 0
2500: 0
2501: 0
2502: 0
2503: 0
2504: 0
2505: 0
2506: 0
2507: 0
2508: 0
2509: 0
2510: 0
2511: 0
2512: 0
2513: 0
2514: 0
2515: 0
2516: 0
2517: 0
2518: 0
2519: 0
2520: 0
2521: 0
2522: 0
2523: 0
2524: 0
2525: 0
2526: 0
2527: 0
2528: 0
2529: 0
2530: 0
2531: 0
2532: 0
2533: 0
2534: 0
2535: 0
2536: 0
2537: 0
2538: 0
2539: 0
2540: 0
2541: 0
2542: 0
2543: 0
2544: 0
2545: 0
2546: 0
2547: 0
2548: 0
2549: 0
2550: 0
2551: 0
2552: 0
2553: 0
2554: 0
2555: 0
2556: 0
2557: 0
2558: 0
2559: 0
2560: 0
2561: 0
2562: 0
2563: 0
2564: 0
2565: 0
2566: 0
2567: 0
2568: 0
2569: 0
2570: 0
2571: 0
2572: 0
2573: 0
2574: 0
2575: 0
2576: 0
2577: 0
2578: 0
2579: 0
2580: 0
2581: 0
2582: 0
2583: 0
2584: 0
2585: 0
2586: 0
2587: 0
2588: 0
2589: 0
2590: 0
2591: 0
2592: 0
2593: 0
2594: 0
2595: 0
2596: 0
2597: 0
2598: 0
2599: 0
2600: 0
2601: 0
2602: 0
2603: 0
2604: 0
2605: 0
2606: 0
2607: 0
2608: 0
2609: 0
2610: 0
2611: 0
2612: 0
2613: 0
2614: 0
2615: 0
2616: 0
2617: 0
2618: 0
2619: 0
2620: 0
2621: 0
2622: 0
2623: 0
2624: 0
2625: 0
2626: 0
2627: 0
2628: 0
2629: 0
2630: 0
2631: 0
2632: 0
2633: 0
2634: 0
2635: 0
2636: 0
2637: 0
2638: 0
2639: 0
2640: 0
2641: 0
2642: 0
2643: 0
2644: 0
2645: 0
2646: 0
2647: 0
2648: 0
2649: 0
2650: 0
2651: 0
2652: 0
2653: 0
2654: 0
2655: 0
2656: 0
2657: 0
2658: 0
2659: 0
2660: 0
2661: 0
2662: 0
2663: 0
2664: 0
2665: 0
2666: 0
2667: 0
2668: 0
2669: 0
2670: 0
2671: 0
2672: 0
2673: 0
2674: 0
2675: 0
2676: 0
2677: 0
2678: 0
2679: 0
2680: 0
2681: 0
2682: 0
2683: 0
2684: 0
2685: 0
2686: 0
2687: 0
2688: 0
2689: 0
2690: 0
2691: 0
2692: 0
2693: 0
2694: 0
2695: 0
2696: 0
2697: 0
2698: 0
2699: 0
2700: 0
2701: 0
2702: 0
2703: 0
2704: 0
2705: 0
2706: 0
2707: 0
2708: 0
2709: 0
2710: 0
2711: 0
2712: 0
2713: 0
2714: 0
2715: 0
2716: 0
2717: 0
2718: 0
2719: 0
2720: 0
2721: 0
2722: 0
2723: 0
2724: 0
2725: 0
2726: 0
2727: 0
2728: 0
2729: 0
2730: 0
2731: 0
2732: 0
2733: 0
2734: 0
2735: 0
2736: 0
2737: 0
2738: 0
2739: 0
2740: 0
2741: 0
2742: 0
2743: 0
2744: 0
2745: 0
2746: 0
2747: 0
2748: 0
2749: 0
2750: 0
2751: 0
2752: 0
2753: 0
2754: 0
2755: 0
2756: 0
2757: 0
2758: 0
2759: 0
2760: 0
2761: 0
2762: 0
2763: 0
2764: 0
2765: 0
2766: 0
2767: 0
2768: 0
2769: 0
2770: 0
2771: 0
2772: 0
2773: 0
2774: 0
2775: 0
2776: 0
2777: 0
2778: 0
2779: 0
2780: 0
2781: 0
2782: 0
2783: 0
2784: 0
2785: 0
2786: 0
2787: 0
2788: 0
2789: 0
2790: 0
2791: 0
2792: 0
2793: 0
2794: 0
2795: 0
2796: 0
2797: 0
2798: 0
2799: 0
2800: 0
2801: 0
2802: 0
2803: 0
2804: 0
2805: 0
2806: 0
2807: 0
2808: 0
2809: 0
2810: 0
2811: 0
2812: 0
2813: 0
2814: 0
2815: 0
2816: 0
2817: 0
2818: 0
2819: 0
2820: 0
2821: 0
2822: 0
2823: 0
2824: 0
2825: 0
2826: 0
2827: 0
2828: 0
2829: 0
2830: 0
2831: 0
2832: 0
2833: 0
2834: 0
2835: 0
2836: 0
2837: 0
2838: 0
2839: 0
2840: 0
2841: 0
2842: 0
2843: 0
2844: 0
2845: 0
2846: 0
2847: 0
2848: 0
2849: 0
2850: 0
2851: 0
2852: 0
2853: 0
2854: 0
2855: 0
2856: 0
2857: 0
2858: 0
2859: 0
2860: 0
2861: 0
2862: 0
2863: 0
2864: 0
2865: 0
2866: 0
2867: 0
2868: 0
2869: 0
2870: 0
2871: 0
2872: 0
2873: 0
2874: 0
2875: 0
2876: 0
2877: 0
2878: 0
2879: 0
2880: 0
2881: 0
2882: 0
2883: 0
2884: 0
2885: 0
2886: 0
2887: 0
2888: 0
2889: 0
2890: 0
2891: 0
2892: 0
2893: 0
2894: 0
2895: 0
2896: 0
2897: 0
2898: 0
2899: 0
2900: 0
2901: 0
2902: 0
2903: 0
2904: 0
2905: 0
2906: 0
2907: 0
2908: 0
2909: 0
2910: 0
2911: 0
2912: 0
2913: 0
2914: 0
2915: 0
2916: 0
2917: 0
2918: 0
2919: 0
2920: 0
2921: 0
2922: 0
2923: 0
2924: 0
2925: 0
2926: 0
2927: 0
2928: 0
2929: 0
2930: 0
2931: 0
2932: 0
2933: 0
2934: 0
2935: 0
2936: 0
2937: 0
2938: 0
2939: 0
2940: 0
2941: 0
2942: 0
2943: 0
2944: 0
2945: 0
2946: 0
2947: 0
2948: 0
2949: 0
2950: 0
2951: 0
2952: 0
2953: 0
2954: 0
2955: 0
2956: 0
2957: 0
2958: 0
2959: 0
2960: 0
2961: 0
2962: 0
2963: 0
2964: 0
2965: 0
2966: 0
2967: 0
2968: 0
2969: 0
2970: 0
2971: 0
2972: 0
2973: 0
2974: 0
2975: 0
2976: 0
2977: 0
2978: 0
2979: 0
2980: 0
2981: 0
2982: 0
2983: 0
2984: 0
2985: 0
2986: 0
2987: 0
2988: 0
2989: 0
2990: 0
2991: 0
2992: 0
2993: 0
2994: 0
2995: 0
2996: 0
2997: 0
2998: 0
2999: 0
3000: 0
3001: 0
3002: 0
3003: 0
3004: 0
3005: 0
3006: 0
3007: 0
3008: 0
3009: 0
3010: 0
3011: 0
3012: 0
3013: 0
3014: 0
3015: 0
3016: 0
3017: 0
3018: 0
3019: 0
3020: 0
3021: 0
3022: 0
3023: 0
3024: 0
3025: 0
3026: 0
3027: 0
3028: 0
3029: 0
3030: 0
3031: 0
3032: 0
3033: 0
3034: 0
3035: 0
3036: 0
3037: 0
3038: 0
3039: 0
3040: 0
3041: 0
3042: 0
3043: 0
3044: 0
3045: 0
3046: 0
3047: 0
3048: 0
3049: 0
3050: 0
3051: 0
3052: 0
3053: 0
3054: 0
3055: 0
3056: 0
3057: 0
3058: 0
3059: 0
3060: 0
3061: 0
3062: 0
3063: 0
3064: 0
3065: 0
3066: 0
3067: 0
3068: 0
3069: 0
3070: 0
3071: 0
3072: 0
3073: 0
3074: 0
3075: 0
3076: 0
3077: 0
3078: 0
3079: 0
3080: 0
3081: 0
3082: 0
3083: 0
3084: 0
3085: 0
3086: 0
3087: 0
3088: 0
3089: 0
3090: 0
3091: 0
3092: 0
3093: 0
3094: 0
3095: 0
3096: 0
3097: 0
3098: 0
3099: 0
3100: 0
3101: 0
3102: 0
3103: 0
3104: 0
3105: 0
3106: 0
3107: 0
3108: 0
3109: 0
3110: 0
3111: 0
3112: 0
3113: 0
3114: 0
3115: 0
3116: 0
3117: 0
3118: 0
3119: 0
3120: 0
3121: 0
3122: 0
3123: 0
3124: 0
3125: 0
3126: 0
3127: 0
3128: 0
3129: 0
3130: 0
3131: 0
3132: 0
3133: 0
3134: 0
3135: 0
3136: 0
3137: 0
3138: 0
3139: 0
3140: 0
3141: 0
3142: 0
3143: 0
3144: 0
3145: 0
3146: 0
3147: 0
3148: 0
3149: 0
3150: 0
3151: 0
3152: 0
3153: 0
3154: 0
3155: 0
3156: 0
3157: 0
3158: 0
3159: 0
3160: 0
3161: 0
3162: 0
3163: 0
3164: 0
3165: 0
3166: 0
3167: 0
3168: 0
3169: 0
3170: 0
3171: 0
3172: 0
3173: 0
3174: 0
3175: 0
3176: 0
3177: 0
3178: 0
3179: 0
3180: 0
3181: 0
3182: 0
3183: 0
3184: 0
3185: 0
3186: 0
3187: 0
3188: 0
3189: 0
3190: 0
3191: 0
3192: 0
3193: 0
3194: 0
3195: 0
3196: 0
3197: 0
3198: 0
3199: 0
3200: 0
3201: 0
3202: 0
3203: 0
3204: 0
3205: 0
3206: 0
3207: 0
3208: 0
3209: 0
3210: 0
3211: 0
3212: 0
3213: 0
3214: 0
3215: 0
3216: 0
3217: 0
3218: 0
3219: 0
3220: 0
3221: 0
3222: 0
3223: 0
3224: 0
3225: 0
3226: 0
3227: 0
3228: 0
3229: 0
3230: 0
3231: 0
3232: 0
3233: 0
3234: 0
3235: 0
3236: 0
3237: 0
3238: 0
3239: 0
3240: 0
3241: 0
3242: 0
3243: 0
3244: 0
3245: 0
3246: 0
3247: 0
3248: 0
3249: 0
3250: 0
3251: 0
3252: 0
3253: 0
3254: 0
3255: 0
3256: 0
3257: 0
3258: 0
3259: 0
3260: 0
3261: 0
3262: 0
3263: 0
3264: 0
3265: 0
3266: 0
3267: 0
3268: 0
3269: 0
3270: 0
3271: 0
3272: 0
3273: 0
3274: 0
3275: 0
3276: 0
3277: 0
3278: 0
3279: 0
3280: 0
3281: 0
3282: 0
3283: 0
3284: 0
3285: 0
3286: 0
3287: 0
3288: 0
3289: 0
3290: 0
3291: 0
3292: 0
3293: 0
3294: 0
3295: 0
3296: 0
3297: 0
3298: 0
3299: 0
3300: 0
3301: 0
3302: 0
3303: 0
3304: 0
3305: 0
3306: 0
3307: 0
3308: 0
3309: 0
3310: 0
3311: 0
3312: 0
3313: 0
3314: 0
3315: 0
3316: 0
3317: 0
3318: 0
3319: 0
3320: 0
3321: 0
3322: 0
3323: 0
3324: 0
3325: 0
3326: 0
3327: 0
3328: 0
3329: 0
3330: 0
3331: 0
3332: 0
3333: 0
3334: 0
3335: 0
3336: 0
3337: 0
3338: 0
3339: 0
3340: 0
3341: 0
3342: 0
3343: 0
3344: 0
3345: 0
3346: 0
3347: 0
3348: 0
3349: 0
3350: 0
3351: 0
3352: 0
3353: 0
3354: 0
3355: 0
3356: 0
3357: 0
3358: 0
3359: 0
3360: 0
3361: 0
3362: 0
3363: 0
3364: 0
3365: 0
3366: 0
3367: 0
3368: 0
3369: 0
3370: 0
3371: 0
3372: 0
3373: 0
3374: 0
3375: 0
3376: 0
3377: 0
3378: 0
3379: 0
3380: 0
3381: 0
3382: 0
3383: 0
3384: 0
3385: 0
3386: 0
3387: 0
3388: 0
3389: 0
3390: 0
3391: 0
3392: 0
3393: 0
3394: 0
3395: 0
3396: 0
3397: 0
3398: 0
3399: 0
3400: 0
3401: 0
3402: 0
3403: 0
3404: 0
3405: 0
3406: 0
3407: 0
3408: 0
3409: 0
3410: 0
3411: 0
3412: 0
3413: 0
3414: 0
3415: 0
3416: 0
3417: 0
3418: 0
3419: 0
3420: 0
3421: 0
3422: 0
3423: 0
3424: 0
3425: 0
3426: 0
3427: 0
3428: 0
3429: 0
3430: 0
3431: 0
3432: 0
3433: 0
3434: 0
3435: 0
3436: 0
3437: 0
3438: 0
3439: 0
3440: 0
3441: 0
3442: 0
3443: 0
3444: 0
3445: 0
3446: 0
3447: 0
3448: 0
3449: 0
3450: 0
3451: 0
3452: 0
3453: 0
3454: 0
3455: 0
3456: 0
3457: 0
3458: 0
3459: 0
3460: 0
3461: 0
3462: 0
3463: 0
3464: 0
3465: 0
3466: 0
3467: 0
3468: 0
3469: 0
3470: 0
3471: 0
3472: 0
3473: 0
3474: 0
3475: 0
3476: 0
3477: 0
3478: 0
3479: 0
3480: 0
3481: 0
3482: 0
3483: 0
3484: 0
3485: 0
3486: 0
3487: 0
3488: 0
3489: 0
3490: 0
3491: 0
3492: 0
3493: 0
3494: 0
3495: 0
3496: 0
3497: 0
3498: 0
3499: 0
3500: 0
3501: 0
3502: 0
3503: 0
3504: 0
3505: 0
3506: 0
3507: 0
3508: 0
3509: 0
3510: 0
3511: 0
3512: 0
3513: 0
3514: 0
3515: 0
3516: 0
3517: 0
3518: 0
3519: 0
3520: 0
3521: 0
3522: 0
3523: 0
3524: 0
3525: 0
3526: 0
3527: 0
3528: 0
3529: 0
3530: 0
3531: 0
3532: 0
3533: 0
3534: 0
3535: 0
3536: 0
3537: 0
3538: 0
3539: 0
3540: 0
3541: 0
3542: 0
3543: 0
3544: 0
3545: 0
3546: 0
3547: 0
3548: 0
3549: 0
3550: 0
3551: 0
3552: 0
3553: 0
3554: 0
3555: 0
3556: 0
3557: 0
3558: 0
3559: 0
3560: 0
3561: 0
3562: 0
3563: 0
3564: 0
3565: 0
3566: 0
3567: 0
3568: 0
3569: 0
3570: 0
3571: 0
3572: 0
3573: 0
3574: 0
3575: 0
3576: 0
3577: 0
3578: 0
3579: 0
3580: 0
3581: 0
3582: 0
3583: 0
3584: 0
3585: 0
3586: 0
3587: 0
3588: 0
3589: 0
3590: 0
3591: 0
3592: 0
3593: 0
3594: 0
3595: 0
3596: 0
3597: 0
3598: 0
3599: 0
3600: 0
3601: 0
3602: 0
3603: 0
3604: 0
3605: 0
3606: 0
3607: 0
3608: 0
3609: 0
3610: 0
3611: 0
3612: 0
3613: 0
3614: 0
3615: 0
3616: 0
3617: 0
3618: 0
3619: 0
3620: 0
3621: 0
3622: 0
3623: 0
3624: 0
3625: 0
3626: 0
3627: 0
3628: 0
3629: 0
3630: 0
3631: 0
3632: 0
3633: 0
3634: 0
3635: 0
3636: 0
3637: 0
3638: 0
3639: 0
3640: 0
3641: 0
3642: 0
3643: 0
3644: 0
3645: 0
3646: 0
3647: 0
3648: 0
3649: 0
3650: 0
3651: 0
3652: 0
3653: 0
3654: 0
3655: 0
3656: 0
3657: 0
3658: 0
3659: 0
3660: 0
3661: 0
3662: 0
3663: 0
3664: 0
3665: 0
3666: 0
3667: 0
3668: 0
3669: 0
3670: 0
3671: 0
3672: 0
3673: 0
3674: 0
3675: 0
3676: 0
3677: 0
3678: 0
3679: 0
3680: 0
3681: 0
3682: 0
3683: 0
3684: 0
3685: 0
3686: 0
3687: 0
3688: 0
3689: 0
3690: 0
3691: 0
3692: 0
3693: 0
3694: 0
3695: 0
3696: 0
3697: 0
3698: 0
3699: 0
3700: 0
3701: 0
3702: 0
3703: 0
3704: 0
3705: 0
3706: 0
3707: 0
3708: 0
3709: 0
3710: 0
3711: 0
3712: 0
3713: 0
3714: 0
3715: 0
3716: 0
3717: 0
3718: 0
3719: 0
3720: 0
3721: 0
3722: 0
3723: 0
3724: 0
3725: 0
3726: 0
3727: 0
3728: 0
3729: 0
3730: 0
3731: 0
3732: 0
3733: 0
3734: 0
3735: 0
3736: 0
3737: 0
3738: 0
3739: 0
3740: 0
3741: 0
3742: 0
3743: 0
3744: 0
3745: 0
3746: 0
3747: 0
3748: 0
3749: 0
3750: 0
3751: 0
3752: 0
3753: 0
3754: 0
3755: 0
3756: 0
3757: 0
3758: 0
3759: 0
3760: 0
3761: 0
3762: 0
3763: 0
3764: 0
3765: 0
3766: 0
3767: 0
3768: 0
3769: 0
3770: 0
3771: 0
3772: 0
3773: 0
3774: 0
3775: 0
3776: 0
3777: 0
3778: 0
3779: 0
3780: 0
3781: 0
3782: 0
3783: 0
3784: 0
3785: 0
3786: 0
3787: 0
3788: 0
3789: 0
3790: 0
3791: 0
3792: 0
3793: 0
3794: 0
3795: 0
3796: 0
3797: 0
3798: 0
3799: 0
3800: 0
3801: 0
3802: 0
3803: 0
3804: 0
3805: 0
3806: 0
3807: 0
3808: 0
3809: 0
3810: 0
3811: 0
3812: 0
3813: 0
3814: 0
3815: 0
3816: 0
3817: 0
3818: 0
3819: 0
3820: 0
3821: 0
3822: 0
3823: 0
3824: 0
3825: 0
3826: 0
3827: 0
3828: 0
3829: 0
3830: 0
3831: 0
3832: 0
3833: 0
3834: 0
3835: 0
3836: 0
3837: 0
3838: 0
3839: 0
3840: 0
3841: 0
3842: 0
3843: 0
3844: 0
3845: 0
3846: 0
3847: 0
3848: 0
3849: 0
3850: 0
3851: 0
3852: 0
3853: 0
3854: 0
3855: 0
3856: 0
3857: 0
3858: 0
3859: 0
3860: 0
3861: 0
3862: 0
3863: 0
3864: 0
3865: 0
3866: 0
3867: 0
3868: 0
3869: 0
3870: 0
3871: 0
3872: 0
3873: 0
3874: 0
3875: 0
3876: 0
3877: 0
3878: 0
3879: 0
3880: 0
3881: 0
3882: 0
3883: 0
3884: 0
3885: 0
3886: 0
3887: 0
3888: 0
3889: 0
3890: 0
3891: 0
3892: 0
3893: 0
3894: 0
3895: 0
3896: 0
3897: 0
3898: 0
3899: 0
3900: 0
3901: 0
3902: 0
3903: 0
3904: 0
3905: 0
3906: 0
3907: 0
3908: 0
3909: 0
3910: 0
3911: 0
3912: 0
3913: 0
3914: 0
3915: 0
3916: 0
3917: 0
3918: 0
3919: 0
3920: 0
3921: 0
3922: 0
3923: 0
3924: 0
3925: 0
3926: 0
3927: 0
3928: 0
3929: 0
3930: 0
3931: 0
3932: 0
3933: 0
3934: 0
3935: 0
3936: 0
3937: 0
3938: 0
3939: 0
3940: 0
3941: 0
3942: 0
3943: 0
3944: 0
3945: 0
3946: 0
3947: 0
3948: 0
3949: 0
3950: 0
3951: 0
3952: 0
3953: 0
3954: 0
3955: 0
3956: 0
3957: 0
3958: 0
3959: 0
3960: 0
3961: 0
3962: 0
3963: 0
3964: 0
3965: 0
3966: 0
3967: 0
3968: 0
3969: 0
3970: 0
3971: 0
3972: 0
3973: 0
3974: 0
3975: 0
3976: 0
3977: 0
3978: 0
3979: 0
3980: 0
3981: 0
3982: 0
3983: 0
3984: 0
3985: 0
3986: 0
3987: 0
3988: 0
3989: 0
3990: 0
3991: 0
3992: 0
3993: 0
3994: 0
3995: 0
3996: 0
3997: 0
3998: 0
3999: 0
4000: 0
4001: 0
4002: 0
4003: 0
4004: 0
4005: 0
4006: 0
4007: 0
4008: 0
4009: 0
4010: 0
4011: 0
4012: 0
4013: 0
4014: 0
4015: 0
4016: 0
4017: 0
4018: 0
4019: 0
4020: 0
4021: 0
4022: 0
4023: 0
4024: 0
4025: 0
4026: 0
4027: 0
4028: 0
4029: 0
4030: 0
4031: 0
4032: 0
4033: 0
4034: 0
4035: 0
4036: 0
4037: 0
4038: 0
4039: 0
4040: 0
4041: 0
4042: 0
4043: 0
4044: 0
4045: 0
4046: 0
4047: 0
4048: 0
4049: 0
4050: 0
4051: 0
4052: 0
4053: 0
4054: 0
4055: 0
4056: 0
4057: 0
4058: 0
4059: 0
4060: 0
4061: 0
4062: 0
4063: 0
4064: 0
4065: 0
4066: 0
4067: 0
4068: 0
4069: 0
4070: 0
4071: 0
4072: 0
4073: 0
4074: 0
4075: 0
4076: 0
4077: 0
4078: 0
4079: 0
4080: 0
4081: 0
4082: 0
4083: 0
4084: 0
4085: 0
4086: 0
4087: 0
4088: 0
4089: 0
4090: 0
4091: 0
4092: 0
4093: 0
4094: 0
4095: 0
4096: 0
4097: 0
4098: 0
4099: 0
4100: 0
4101: 0
4102: 0
4103: 0
4104: 0
4105: 0
4106: 0
4107: 0
4108: 0
4109: 0
4110: 0
4111: 0
4112: 0
4113: 0
4114: 0
4115: 0
4116: 0
4117: 0
4118: 0
4119: 0
4120: 0
4121: 0
4122: 0
4123: 0
4124: 0
4125: 0
4126: 0
4127: 0
4128: 0
4129: 0
4130: 0
4131: 0
4132: 0
4133: 0
4134: 0
4135: 0
4136: 0
4137: 0
4138: 0
4139: 0
4140: 0
4141: 0
4142: 0
4143: 0
4144: 0
4145: 0
4146: 0
4147: 0
4148: 0
4149: 0
4150: 0
4151: 0
4152: 0
4153: 0
4154: 0
4155: 0
4156: 0
4157: 0
4158: 0
4159: 0
4160: 0
4161: 0
4162: 0
4163: 0
4164: 0
4165: 0
4166: 0
4167: 0
4168: 0
4169: 0
4170: 0
4171: 0
4172: 0
4173: 0
4174: 0
4175: 0
4176: 0
4177: 0
4178: 0
4179: 0
4180: 0
4181: 0
4182: 0
4183: 0
4184: 0
4185: 0
4186: 0
4187: 0
4188: 0
4189: 0
4190: 0
4191: 0
4192: 0
4193: 0
4194: 0
4195: 0
4196: 0
4197: 0
4198: 0
4199: 0
4200: 0
4201: 0
4202: 0
4203: 0
4204: 0
4205: 0
4206: 0
4207: 0
4208: 0
4209: 0
4210: 0
4211: 0
4212: 0
4213: 0
4214: 0
4215: 0
4216: 0
4217: 0
4218: 0
4219: 0
4220: 0
4221: 0
4222: 0
4223: 0
4224: 0
4225: 0
4226: 0
4227: 0
4228: 0
4229: 0
4230: 0
4231: 0
4232: 0
4233: 0
4234: 0
4235: 0
4236: 0
4237: 0
4238: 0
4239: 0
4240: 0
4241: 0
4242: 0
4243: 0
4244: 0
4245: 0
4246: 0
4247: 0
4248: 0
4249: 0
4250: 0
4251: 0
4252: 0
4253: 0
4254: 0
4255: 0
4256: 0
4257: 0
4258: 0
4259: 0
4260: 0
4261: 0
4262: 0
4263: 0
4264: 0
4265: 0
4266: 0
4267: 0
4268: 0
4269: 0
4270: 0
4271: 0
4272: 0
4273: 0
4274: 0
4275: 0
4276: 0
4277: 0
4278: 0
4279: 0
4280: 0
4281: 0
4282: 0
4283: 0
4284: 0
4285: 0
4286: 0
4287: 0
4288: 0
4289: 0
4290: 0
4291: 0
4292: 0
4293: 0
4294: 0
4295: 0
4296: 0
4297: 0
4298: 0
4299: 0
4300: 0
4301: 0
4302: 0
4303: 0
4304: 0
4305: 0
4306: 0
4307: 0
4308: 0
4309: 0
4310: 0
4311: 0
4312: 0
4313: 0
4314: 0
4315: 0
4316: 0
4317: 0
4318: 0
4319: 0
4320: 0
4321: 0
4322: 0
4323: 0
4324: 0
4325: 0
4326: 0
4327: 0
4328: 0
4329: 0
4330: 0
4331: 0
4332: 0
4333: 0
4334: 0
4335: 0
4336: 0
4337: 0
4338: 0
4339: 0
4340: 0
4341: 0
4342: 0
4343: 0
4344: 0
4345: 0
4346: 0
4347: 0
4348: 0
4349: 0
4350: 0
4351: 0
4352: 0
4353: 0
4354: 0
4355: 0
4356: 0
4357: 0
4358: 0
4359: 0
4360: 0
4361: 0
4362: 0
4363: 0
4364: 0
4365: 0
4366: 0
4367: 0
4368: 0
4369: 0
4370: 0
4371: 0
4372: 0
4373: 0
4374: 0
4375: 0
4376: 0
4377: 0
4378: 0
4379: 0
4380: 0
4381: 0.000228206
4382: 0.000228154
4383: 0.000228102
4384: 0.00022805
4385: 0.000227998
4386: 0.000227946
4387: 0.000227894
4388: 0.000227842
4389: 0.00022779
4390: 0.000227739
4391: 0.000227687
4392: 0.000227635
4393: 0.000227583
4394: 0.000227531
4395: 0.00022748
4396: 0.000227428
4397: 0.000227376
4398: 0.000227324
4399: 0.000227273
4400: 0.000227221
4401: 0.000227169
4402: 0.000227118
4403: 0.000227066
4404: 0.000227015
4405: 0.000226963
4406: 0.000226912
4407: 0.00022686
4408: 0.000226809
4409: 0.000226757
4410: 0.000226706
4411: 0.000226655
4412: 0.000226603
4413: 0.000226552
4414: 0.000226501
4415: 0.000226449
4416: 0.000226398
4417: 0.000226347
4418: 0.000226296
4419: 0.000226244
4420: 0.000226193
4421: 0.000226142
4422: 0.000226091
4423: 0.00022604
4424: 0.000225989
4425: 0.000225938
4426: 0.000225887
4427: 0.000225836
4428: 0.000225785
4429: 0.000225734
4430: 0.000225683
4431: 0.000225632
4432: 0.000225581
4433: 0.00022553
4434: 0.000225479
4435: 0.000225428
4436: 0.000225378
4437: 0.000225327
4438: 0.000225276
4439: 0.000225225
4440: 0.000225175
4441: 0.000225124
4442: 0.000225073
4443: 0.000225023
4444: 0.000224972
4445: 0.000224921
4446: 0.000224871
4447: 0.00022482
4448: 0.00022477
4449: 0.000224719
4450: 0.000224669
4451: 0.000224618
4452: 0.000224568
4453: 0.000224517
4454: 0.000224467
4455: 0.000224417
4456: 0.000224366
4457: 0.000224316
4458: 0.000224266
4459: 0.000224215
4460: 0.000224165
4461: 0.000224115
4462: 0.000224065
4463: 0.000224014
4464: 0.000223964
4465: 0.000223914
4466: 0.000223864
4467: 0.000223814
4468: 0.000223764
4469: 0.000223714
4470: 0.000223664
4471: 0.000223614
4472: 0.000223564
4473: 0.000223514
4474: 0.000223464
4475: 0.000223414
4476: 0.000223364
4477: 0.000223314
4478: 0.000223264
4479: 0.000223214
4480: 0.000223164
4481: 0.000223115
4482: 0.000223065
4483: 0.000223015
4484: 0.000222965
4485: 0.000222916
4486: 0.000222866
4487: 0.000222816
4488: 0.000222767
4489: 0.000222717
4490: 0.000222668
4491: 0.000222618
4492: 0.000222568
4493: 0.000222519
4494: 0.000222469
4495: 0.00022242
4496: 0.00022237
4497: 0.000222321
4498: 0.000222272
4499: 0.000222222
4500: 0.000222173
4501: 0.000222124
4502: 0.000222074
4503: 0.000222025
4504: 0.000221976
4505: 0.000221926
4506: 0.000221877
4507: 0.000221828
4508: 0.000221779
4509: 0.000221729
4510: 0.00022168
4511: 0.000221631
4512: 0.000221582
4513: 0.000221533
4514: 0.000221484
4515: 0.000221435
4516: 0.000221386
4517: 0.000221337
4518: 0.000221288
4519: 0.000221239
4520: 0.00022119
4521: 0.000221141
4522: 0.000221092
4523: 0.000221043
4524: 0.000220994
4525: 0.000220946
4526: 0.000220897
4527: 0.000220848
4528: 0.000220799
4529: 0.000220751
4530: 0.000220702
4531: 0.000220653
4532: 0.000220604
4533: 0.000220556
4534: 0.000220507
4535: 0.000220459
4536: 0.00022041
4537: 0.000220361
4538: 0.000220313
4539: 0.000220264
4540: 0.000220216
4541: 0.000220167
4542: 0.000220119
4543: 0.00022007
4544: 0.000220022
4545: 0.000219974
4546: 0.000219925
4547: 0.000219877
4548: 0.000219829
4549: 0.00021978
4550: 0.000219732
4551: 0.000219684
4552: 0.000219635
4553: 0.000219587
4554: 0.000219539
4555: 0.000219491
4556: 0.000219443
4557: 0.000219394
4558: 0.000219346
4559: 0.000219298
4560: 0.00021925
4561: 0.000219202
4562: 0.000219154
4563: 0.000219106
4564: 0.000219058
4565: 0.00021901
4566: 0.000218962
4567: 0.000218914
4568: 0.000218866
4569: 0.000218818
4570: 0.000218771
4571: 0.000218723
4572: 0.000218675
4573: 0.000218627
4574: 0.000218579
4575: 0.000218531
4576: 0.000218484
4577: 0.000218436
4578: 0.000218388
4579: 0.000218341
4580: 0.000218293
4581: 0.000218245
4582: 0.000218198
4583: 0.00021815
4584: 0.000218103
4585: 0.000218055
4586: 0.000218007
4587: 0.00021796
4588: 0.000217912
4589: 0.000217865
4590: 0.000217817
4591: 0.00021777
4592: 0.000217723
4593: 0.000217675
4594: 0.000217628
4595: 0.000217581
4596: 0.000217533
4597: 0.000217486
4598: 0.000217439
4599: 0.000217391
4600: 0.000217344
4601: 0.000217297
4602: 0.00021725
4603: 0.000217202
4604: 0.000217155
4605: 0.000217108
4606: 0.000217061
4607: 0.000217014
4608: 0.000216967
4609: 0.00021692
4610: 0.000216873
4611: 0.000216826
4612: 0.000216779
4613: 0.000216732
4614: 0.000216685
4615: 0.000216638
4616: 0.000216591
4617: 0.000216544
4618: 0.000216497
4619: 0.00021645
4620: 0.000216403
4621: 0.000216357
4622: 0.00021631
4623: 0.000216263
4624: 0.000216216
4625: 0.000216169
4626: 0.000216123
4627: 0.000216076
4628: 0.000216029
4629: 0.000215983
4630: 0.000215936
4631: 0.000215889
4632: 0.000215843
4633: 0.000215796
4634: 0.00021575
4635: 0.000215703
4636: 0.000215657
4637: 0.00021561
4638: 0.000215564
4639: 0.000215517
4640: 0.000215471
4641: 0.000215424
4642: 0.000215378
4643: 0.000215332
4644: 0.000215285
4645: 0.000215239
4646: 0.000215193
4647: 0.000215146
4648: 0.0002151
4649: 0.000215054
4650: 0.000215008
4651: 0.000214961
4652: 0.000214915
4653: 0.000214869
4654: 0.000214823
4655: 0.000214777
4656: 0.000214731
4657: 0.000214684
4658: 0.000214638
4659: 0.000214592
4660: 0.000214546
4661: 0.0002145
4662: 0.000214454
4663: 0.000214408
4664: 0.000214362
4665: 0.000214316
4666: 0.00021427
4667: 0.000214225
4668: 0.000214179
4669: 0.000214133
4670: 0.000214087
4671: 0.000214041
4672: 0.000213995
4673: 0.00021395
4674: 0.000213904
4675: 0.000213858
4676: 0.000213812
4677: 0.000213767
4678: 0.000213721
4679: 0.000213675
4680: 0.00021363
4681: 0.000213584
4682: 0.000213538
4683: 0.000213493
4684: 0.000213447
4685: 0.000213402
4686: 0.000213356
4687: 0.000213311
4688: 0.000213265
4689: 0.00021322
4690: 0.000213174
4691: 0.000213129
4692: 0.000213083
4693: 0.000213038
4694: 0.000212993
4695: 0.000212947
4696: 0.000212902
4697: 0.000212857
4698: 0.000212811
4699: 0.000212766
4700: 0.000212721
4701: 0.000212675
4702: 0.00021263
4703: 0.000212585
4704: 0.00021254
4705: 0.000212495
4706: 0.00021245
4707: 0.000212404
4708: 0.000212359
4709: 0.000212314
4710: 0.000212269
4711: 0.000212224
4712: 0.000212179
4713: 0.000212134
4714: 0.000212089
4715: 0.000212044
4716: 0.000211999
4717: 0.000211954
4718: 0.000211909
4719: 0.000211864
4720: 0.00021182
4721: 0.000211775
4722: 0.00021173
4723: 0.000211685
4724: 0.00021164
4725: 0.000211595
4726: 0.000211551
4727: 0.000211506
4728: 0.000211461
4729: 0.000211416
4730: 0.000211372
4731: 0.000211327
4732: 0.000211282
4733: 0.000211238
4734: 0.000211193
4735: 0.000211149
4736: 0.000211104
4737: 0.00021106
4738: 0.000211015
4739: 0.00021097
4740: 0.000210926
4741: 0.000210881
4742: 0.000210837
4743: 0.000210793
4744: 0.000210748
4745: 0.000210704
4746: 0.000210659
4747: 0.000210615
4748: 0.000210571
4749: 0.000210526
4750: 0.000210482
4751: 0.000210438
4752: 0.000210393
4753: 0.000210349
4754: 0.000210305
4755: 0.000210261
4756: 0.000210217
4757: 0.000210172
4758: 0.000210128
4759: 0.000210084
4760: 0.00021004
4761: 0.000209996
4762: 0.000209952
4763: 0.000209908
4764: 0.000209864
4765: 0.00020982
4766: 0.000209776
4767: 0.000209732
4768: 0.000209688
4769: 0.000209644
4770: 0.0002096
4771: 0.000209556
4772: 0.000209512
4773: 0.000209468
4774: 0.000209424
4775: 0.00020938
4776: 0.000209336
4777: 0.000209293
4778: 0.000209249
4779: 0.000209205
4780: 0.000209161
4781: 0.000209118
4782: 0.000209074
4783: 0.00020903
4784: 0.000208986
4785: 0.000208943
4786: 0.000208899
4787: 0.000208855
4788: 0.000208812
4789: 0.000208768
4790: 0.000208725
4791: 0.000208681
4792: 0.000208638
4793: 0.000208594
4794: 0.000208551
4795: 0.000208507
4796: 0.000208464
4797: 0.00020842
4798: 0.000208377
4799: 0.000208333
4800: 0.00020829
4801: 0.000208247
4802: 0.000208203
4803: 0.00020816
4804: 0.000208117
4805: 0.000208073
4806: 0.00020803
4807: 0.000207987
4808: 0.000207943
4809: 0.0002079
4810: 0.000207857
4811: 0.000207814
4812: 0.000207771
4813: 0.000207727
4814: 0.000207684
4815: 0.000207641
4816: 0.000207598
4817: 0.000207555
4818: 0.000207512
4819: 0.000207469
4820: 0.000207426
4821: 0.000207383
4822: 0.00020734
4823: 0.000207297
4824: 0.000207254
4825: 0.000207211
4826: 0.000207168
4827: 0.000207125
4828: 0.000207082
4829: 0.000207039
4830: 0.000206996
4831: 0.000206954
4832: 0.000206911
4833: 0.000206868
4834: 0.000206825
4835: 0.000206782
4836: 0.00020674
4837: 0.000206697
4838: 0.000206654
4839: 0.000206612
4840: 0.000206569
4841: 0.000206526
4842: 0.000206484
4843: 0.000206441
4844: 0.000206398
4845: 0.000206356
4846: 0.000206313
4847: 0.000206271
4848: 0.000206228
4849: 0.000206186
4850: 0.000206143
4851: 0.000206101
4852: 0.000206058
4853: 0.000206016
4854: 0.000205973
4855: 0.000205931
4856: 0.000205888
4857: 0.000205846
4858: 0.000205804
4859: 0.000205761
4860: 0.000205719
4861: 0.000205677
4862: 0.000205634
4863: 0.000205592
4864: 0.00020555
4865: 0.000205508
4866: 0.000205465
4867: 0.000205423
4868: 0.000205381
4869: 0.000205339
4870: 0.000205297
4871: 0.000205255
4872: 0.000205212
4873: 0.00020517
4874: 0.000205128
4875: 0.000205086
4876: 0.000205044
4877: 0.000205002
4878: 0.00020496
4879: 0.000204918
4880: 0.000204876
4881: 0.000204834
4882: 0.000204792
4883: 0.00020475
4884: 0.000204708
4885: 0.000204666
4886: 0.000204625
4887: 0.000204583
4888: 0.000204541
4889: 0.000204499
4890: 0.000204457
4891: 0.000204415
4892: 0.000204374
4893: 0.000204332
4894: 0.00020429
4895: 0.000204248
4896: 0.000204207
4897: 0.000204165
4898: 0.000204123
4899: 0.000204082
4900: 0.00020404
4901: 0.000203998
4902: 0.000203957
4903: 0.000203915
4904: 0.000203874
4905: 0.000203832
4906: 0.000203791
4907: 0.000203749
4908: 0.000203707
4909: 0.000203666
4910: 0.000203625
4911: 0.000203583
4912: 0.000203542
4913: 0.0002035
4914: 0.000203459
4915: 0.000203417
4916: 0.000203376
4917: 0.000203335
4918: 0.000203293
4919: 0.000203252
4920: 0.000203211
4921: 0.000203169
4922: 0.000203128
4923: 0.000203087
4924: 0.000203046
4925: 0.000203004
4926: 0.000202963
4927: 0.000202922
4928: 0.000202881
4929: 0.00020284
4930: 0.000202799
4931: 0.000202758
4932: 0.000202716
4933: 0.000202675
4934: 0.000202634
4935: 0.000202593
4936: 0.000202552
4937: 0.000202511
4938: 0.00020247
4939: 0.000202429
4940: 0.000202388
4941: 0.000202347
4942: 0.000202306
4943: 0.000202265
4944: 0.000202224
4945: 0.000202184
4946: 0.000202143
4947: 0.000202102
4948: 0.000202061
4949: 0.00020202
4950: 0.000201979
4951: 0.000201939
4952: 0.000201898
4953: 0.000201857
4954: 0.000201816
4955: 0.000201776
4956: 0.000201735
4957: 0.000201694
4958: 0.000201654
4959: 0.000201613
4960: 0.000201572
4961: 0.000201532
4962: 0.000201491
4963: 0.00020145
4964: 0.00020141
4965: 0.000201369
4966: 0.000201329
4967: 0.000201288
4968: 0.000201248
4969: 0.000201207
4970: 0.000201167
4971: 0.000201126
4972: 0.000201086
4973: 0.000201045
4974: 0.000201005
4975: 0.000200965
4976: 0.000200924
4977: 0.000200884
4978: 0.000200844
4979: 0.000200803
4980: 0.000200763
4981: 0.000200723
4982: 0.000200682
4983: 0.000200642
4984: 0.000200602
4985: 0.000200562
4986: 0.000200521
4987: 0.000200481
4988: 0.000200441
4989: 0.000200401
4990: 0.000200361
4991: 0.000200321
4992: 0.00020028
4993: 0.00020024
4994: 0.0002002
4995: 0.00020016
4996: 0.00020012
4997: 0.00020008
4998: 0.00020004
4999: 0.0002
5000: 0.00019996
5001: 0.00019992
5002: 0.00019988
5003: 0.00019984
5004: 0.0001998
5005: 0.00019976
5006: 0.00019972
5007: 0.000199681
5008: 0.000199641
5009: 0.000199601
5010: 0.000199561
5011: 0.000199521
5012: 0.000199481
5013: 0.000199442
5014: 0.000199402
5015: 0.000199362
5016: 0.000199322
5017: 0.000199283
5018: 0.000199243
5019: 0.000199203
5020: 0.000199164
5021: 0.000199124
5022: 0.000199084
5023: 0.000199045
5024: 0.000199005
5025: 0.000198965
5026: 0.000198926
5027: 0.000198886
5028: 0.000198847
5029: 0.000198807
5030: 0.000198768
5031: 0.000198728
5032: 0.000198689
5033: 0.000198649
5034: 0.00019861
5035: 0.00019857
5036: 0.000198531
5037: 0.000198491
5038: 0.000198452
5039: 0.000198413
5040: 0.000198373
5041: 0.000198334
5042: 0.000198295
5043: 0.000198255
5044: 0.000198216
5045: 0.000198177
5046: 0.000198138
5047: 0.000198098
5048: 0.000198059
5049: 0.00019802
5050: 0.000197981
5051: 0.000197941
5052: 0.000197902
5053: 0.000197863
5054: 0.000197824
5055: 0.000197785
5056: 0.000197746
5057: 0.000197707
5058: 0.000197668
5059: 0.000197628
5060: 0.000197589
5061: 0.00019755
5062: 0.000197511
5063: 0.000197472
5064: 0.000197433
5065: 0.000197394
5066: 0.000197355
5067: 0.000197316
5068: 0.000197278
5069: 0.000197239
5070: 0.0001972
5071: 0.000197161
5072: 0.000197122
5073: 0.000197083
5074: 0.000197044
5075: 0.000197006
5076: 0.000196967
5077: 0.000196928
5078: 0.000196889
5079: 0.00019685
5080: 0.000196812
5081: 0.000196773
5082: 0.000196734
5083: 0.000196696
5084: 0.000196657
5085: 0.000196618
5086: 0.00019658
5087: 0.000196541
5088: 0.000196502
5089: 0.000196464
5090: 0.000196425
5091: 0.000196386
5092: 0.000196348
5093: 0.000196309
5094: 0.000196271
5095: 0.000196232
5096: 0.000196194
5097: 0.000196155
5098: 0.000196117
5099: 0.000196078
5100: 0.00019604
5101: 0.000196002
5102: 0.000195963
5103: 0.000195925
5104: 0.000195886
5105: 0.000195848
5106: 0.00019581
5107: 0.000195771
5108: 0.000195733
5109: 0.000195695
5110: 0.000195656
5111: 0.000195618
5112: 0.00019558
5113: 0.000195542
5114: 0.000195503
5115: 0.000195465
5116: 0.000195427
5117: 0.000195389
5118: 0.000195351
5119: 0.000195313
5120: 0.000195274
5121: 0.000195236
5122: 0.000195198
5123: 0.00019516
5124: 0.000195122
5125: 0.000195084
5126: 0.000195046
5127: 0.000195008
5128: 0.00019497
5129: 0.000194932
5130: 0.000194894
5131: 0.000194856
5132: 0.000194818
5133: 0.00019478
5134: 0.000194742
5135: 0.000194704
5136: 0.000194666
5137: 0.000194628
5138: 0.00019459
5139: 0.000194553
5140: 0.000194515
5141: 0.000194477
5142: 0.000194439
5143: 0.000194401
5144: 0.000194363
5145: 0.000194326
5146: 0.000194288
5147: 0.00019425
5148: 0.000194212
5149: 0.000194175
5150: 0.000194137
5151: 0.000194099
5152: 0.000194062
5153: 0.000194024
5154: 0.000193986
5155: 0.000193949
5156: 0.000193911
5157: 0.000193874
5158: 0.000193836
5159: 0.000193798
5160: 0.000193761
5161: 0.000193723
5162: 0.000193686
5163: 0.000193648
5164: 0.000193611
5165: 0.000193573
5166: 0.000193536
5167: 0.000193498
5168: 0.000193461
5169: 0.000193424
5170: 0.000193386
5171: 0.000193349
5172: 0.000193311
5173: 0.000193274
5174: 0.000193237
5175: 0.000193199
5176: 0.000193162
5177: 0.000193125
5178: 0.000193087
5179: 0.00019305
5180: 0.000193013
5181: 0.000192976
5182: 0.000192938
5183: 0.000192901
5184: 0.000192864
5185: 0.000192827
5186: 0.00019279
5187: 0.000192753
5188: 0.000192715
5189: 0.000192678
5190: 0.000192641
5191: 0.000192604
5192: 0.000192567
5193: 0.00019253
5194: 0.000192493
5195: 0.000192456
5196: 0.000192419
5197: 0.000192382
5198: 0.000192345
5199: 0.000192308
5200: 0.000192271
5201: 0.000192234
5202: 0.000192197
5203: 0.00019216
5204: 0.000192123
5205: 0.000192086
5206: 0.000192049
5207: 0.000192012
5208: 0.000191975
5209: 0.000191939
5210: 0.000191902
5211: 0.000191865
5212: 0.000191828
5213: 0.000191791
5214: 0.000191755
5215: 0.000191718
5216: 0.000191681
5217: 0.000191644
5218: 0.000191608
5219: 0.000191571
5220: 0.000191534
5221: 0.000191498
5222: 0.000191461
5223: 0.000191424
5224: 0.000191388
5225: 0.000191351
5226: 0.000191314
5227: 0.000191278
5228: 0.000191241
5229: 0.000191205
5230: 0.000191168
5231: 0.000191131
5232: 0.000191095
5233: 0.000191058
5234: 0.000191022
5235: 0.000190985
5236: 0.000190949
5237: 0.000190913
5238: 0.000190876
5239: 0.00019084
5240: 0.000190803
5241: 0.000190767
5242: 0.00019073
5243: 0.000190694
5244: 0.000190658
5245: 0.000190621
5246: 0.000190585
5247: 0.000190549
5248: 0.000190512
5249: 0.000190476
5250: 0.00019044
5251: 0.000190404
5252: 0.000190367
5253: 0.000190331
5254: 0.000190295
5255: 0.000190259
5256: 0.000190223
5257: 0.000190186
5258: 0.00019015
5259: 0.000190114
5260: 0.000190078
5261: 0.000190042
5262: 0.000190006
5263: 0.00018997
5264: 0.000189934
5265: 0.000189897
5266: 0.000189861
5267: 0.000189825
5268: 0.000189789
5269: 0.000189753
5270: 0.000189717
5271: 0.000189681
5272: 0.000189645
5273: 0.000189609
5274: 0.000189573
5275: 0.000189538
5276: 0.000189502
5277: 0.000189466
5278: 0.00018943
5279: 0.000189394
5280: 0.000189358
5281: 0.000189322
5282: 0.000189286
5283: 0.000189251
5284: 0.000189215
5285: 0.000189179
5286: 0.000189143
5287: 0.000189107
5288: 0.000189072
5289: 0.000189036
5290: 0.000189
5291: 0.000188964
5292: 0.000188929
5293: 0.000188893
5294: 0.000188857
5295: 0.000188822
5296: 0.000188786
5297: 0.00018875
5298: 0.000188715
5299: 0.000188679
5300: 0.000188644
5301: 0.000188608
5302: 0.000188573
5303: 0.000188537
5304: 0.000188501
5305: 0.000188466
5306: 0.00018843
5307: 0.000188395
5308: 0.000188359
5309: 0.000188324
5310: 0.000188288
5311: 0.000188253
5312: 0.000188218
5313: 0.000188182
5314: 0.000188147
5315: 0.000188111
5316: 0.000188076
5317: 0.000188041
5318: 0.000188005
5319: 0.00018797
5320: 0.000187935
5321: 0.000187899
5322: 0.000187864
5323: 0.000187829
5324: 0.000187793
5325: 0.000187758
5326: 0.000187723
5327: 0.000187688
5328: 0.000187652
5329: 0.000187617
5330: 0.000187582
5331: 0.000187547
5332: 0.000187512
5333: 0.000187477
5334: 0.000187441
5335: 0.000187406
5336: 0.000187371
5337: 0.000187336
5338: 0.000187301
5339: 0.000187266
5340: 0.000187231
5341: 0.000187196
5342: 0.000187161
5343: 0.000187126
5344: 0.000187091
5345: 0.000187056
5346: 0.000187021
5347: 0.000186986
5348: 0.000186951
5349: 0.000186916
5350: 0.000186881
5351: 0.000186846
5352: 0.000186811
5353: 0.000186776
5354: 0.000186741
5355: 0.000186706
5356: 0.000186672
5357: 0.000186637
5358: 0.000186602
5359: 0.000186567
5360: 0.000186532
5361: 0.000186498
5362: 0.000186463
5363: 0.000186428
5364: 0.000186393
5365: 0.000186359
5366: 0.000186324
5367: 0.000186289
5368: 0.000186254
5369: 0.00018622
5370: 0.000186185
5371: 0.00018615
5372: 0.000186116
5373: 0.000186081
5374: 0.000186047
5375: 0.000186012
5376: 0.000185977
5377: 0.000185943
5378: 0.000185908
5379: 0.000185874
5380: 0.000185839
5381: 0.000185805
5382: 0.00018577
5383: 0.000185736
5384: 0.000185701
5385: 0.000185667
5386: 0.000185632
5387: 0.000185598
5388: 0.000185563
5389: 0.000185529
5390: 0.000185494
5391: 0.00018546
5392: 0.000185426
5393: 0.000185391
5394: 0.000185357
5395: 0.000185322
5396: 0.000185288
5397: 0.000185254
5398: 0.000185219
5399: 0.000185185
5400: 0.000185151
5401: 0.000185117
5402: 0.000185082
5403: 0.000185048
5404: 0.000185014
5405: 0.00018498
5406: 0.000184945
5407: 0.000184911
5408: 0.000184877
5409: 0.000184843
5410: 0.000184809
5411: 0.000184775
5412: 0.00018474
5413: 0.000184706
5414: 0.000184672
5415: 0.000184638
5416: 0.000184604
5417: 0.00018457
5418: 0.000184536
5419: 0.000184502
5420: 0.000184468
5421: 0.000184434
5422: 0.0001844
5423: 0.000184366
5424: 0.000184332
5425: 0.000184298
5426: 0.000184264
5427: 0.00018423
5428: 0.000184196
5429: 0.000184162
5430: 0.000184128
5431: 0.000184094
5432: 0.00018406
5433: 0.000184026
5434: 0.000183993
5435: 0.000183959
5436: 0.000183925
5437: 0.000183891
5438: 0.000183857
5439: 0.000183824
5440: 0.00018379
5441: 0.000183756
5442: 0.000183722
5443: 0.000183688
5444: 0.000183655
5445: 0.000183621
5446: 0.000183587
5447: 0.000183554
5448: 0.00018352
5449: 0.000183486
5450: 0.000183453
5451: 0.000183419
5452: 0.000183385
5453: 0.000183352
5454: 0.000183318
5455: 0.000183284
5456: 0.000183251
5457: 0.000183217
5458: 0.000183184
5459: 0.00018315
5460: 0.000183117
5461: 0.000183083
5462: 0.00018305
5463: 0.000183016
5464: 0.000182983
5465: 0.000182949
5466: 0.000182916
5467: 0.000182882
5468: 0.000182849
5469: 0.000182815
5470: 0.000182782
5471: 0.000182749
5472: 0.000182715
5473: 0.000182682
5474: 0.000182648
5475: 0.000182615
5476: 0.000182582
5477: 0.000182548
5478: 0.000182515
5479: 0.000182482
5480: 0.000182448
5481: 0.000182415
5482: 0.000182382
5483: 0.000182349
5484: 0.000182315
5485: 0.000182282
5486: 0.000182249
5487: 0.000182216
5488: 0.000182183
5489: 0.000182149
5490: 0.000182116
5491: 0.000182083
5492: 0.00018205
5493: 0.000182017
5494: 0.000181984
5495: 0.000181951
5496: 0.000181917
5497: 0.000181884
5498: 0.000181851
5499: 0.000181818
5500: 0.000181785
5501: 0.000181752
5502: 0.000181719
5503: 0.000181686
5504: 0.000181653
5505: 0.00018162
5506: 0.000181587
5507: 0.000181554
5508: 0.000181521
5509: 0.000181488
5510: 0.000181455
5511: 0.000181422
5512: 0.000181389
5513: 0.000181357
5514: 0.000181324
5515: 0.000181291
5516: 0.000181258
5517: 0.000181225
5518: 0.000181192
5519: 0.000181159
5520: 0.000181127
5521: 0.000181094
5522: 0.000181061
5523: 0.000181028
5524: 0.000180995
5525: 0.000180963
5526: 0.00018093
5527: 0.000180897
5528: 0.000180865
5529: 0.000180832
5530: 0.000180799
5531: 0.000180766
5532: 0.000180734
5533: 0.000180701
5534: 0.000180668
5535: 0.000180636
5536: 0.000180603
5537: 0.000180571
5538: 0.000180538
5539: 0.000180505
5540: 0.000180473
5541: 0.00018044
5542: 0.000180408
5543: 0.000180375
5544: 0.000180343
5545: 0.00018031
5546: 0.000180278
5547: 0.000180245
5548: 0.000180213
5549: 0.00018018
5550: 0.000180148
5551: 0.000180115
5552: 0.000180083
5553: 0.00018005
5554: 0.000180018
5555: 0.000179986
5556: 0.000179953
5557: 0.000179921
5558: 0.000179888
5559: 0.000179856
5560: 0.000179824
5561: 0.000179791
5562: 0.000179759
5563: 0.000179727
5564: 0.000179695
5565: 0.000179662
5566: 0.00017963
5567: 0.000179598
5568: 0.000179565
5569: 0.000179533
5570: 0.000179501
5571: 0.000179469
5572: 0.000179437
5573: 0.000179404
5574: 0.000179372
5575: 0.00017934
5576: 0.000179308
5577: 0.000179276
5578: 0.000179244
5579: 0.000179211
5580: 0.000179179
5581: 0.000179147
5582: 0.000179115
5583: 0.000179083
5584: 0.000179051
5585: 0.000179019
5586: 0.000178987
5587: 0.000178955
5588: 0.000178923
5589: 0.000178891
5590: 0.000178859
5591: 0.000178827
5592: 0.000178795
5593: 0.000178763
5594: 0.000178731
5595: 0.000178699
5596: 0.000178667
5597: 0.000178635
5598: 0.000178603
5599: 0.000178571
5600: 0.00017854
5601: 0.000178508
5602: 0.000178476
5603: 0.000178444
5604: 0.000178412
5605: 0.00017838
5606: 0.000178348
5607: 0.000178317
5608: 0.000178285
5609: 0.000178253
5610: 0.000178221
5611: 0.00017819
5612: 0.000178158
5613: 0.000178126
5614: 0.000178094
5615: 0.000178063
5616: 0.000178031
5617: 0.000177999
5618: 0.000177968
5619: 0.000177936
5620: 0.000177904
5621: 0.000177873
5622: 0.000177841
5623: 0.000177809
5624: 0.000177778
5625: 0.000177746
5626: 0.000177715
5627: 0.000177683
5628: 0.000177651
5629: 0.00017762
5630: 0.000177588
5631: 0.000177557
5632: 0.000177525
5633: 0.000177494
5634: 0.000177462
5635: 0.000177431
5636: 0.000177399
5637: 0.000177368
5638: 0.000177336
5639: 0.000177305
5640: 0.000177274
5641: 0.000177242
5642: 0.000177211
5643: 0.000177179
5644: 0.000177148
5645: 0.000177117
5646: 0.000177085
5647: 0.000177054
5648: 0.000177022
5649: 0.000176991
5650: 0.00017696
5651: 0.000176929
5652: 0.000176897
5653: 0.000176866
5654: 0.000176835
5655: 0.000176803
5656: 0.000176772
5657: 0.000176741
5658: 0.00017671
5659: 0.000176678
5660: 0.000176647
5661: 0.000176616
5662: 0.000176585
5663: 0.000176554
5664: 0.000176523
5665: 0.000176491
5666: 0.00017646
5667: 0.000176429
5668: 0.000176398
5669: 0.000176367
5670: 0.000176336
5671: 0.000176305
5672: 0.000176274
5673: 0.000176243
5674: 0.000176211
5675: 0.00017618
5676: 0.000176149
5677: 0.000176118
5678: 0.000176087
5679: 0.000176056
5680: 0.000176025
5681: 0.000175994
5682: 0.000175963
5683: 0.000175932
5684: 0.000175901
5685: 0.000175871
5686: 0.00017584
5687: 0.000175809
5688: 0.000175778
5689: 0.000175747
5690: 0.000175716
5691: 0.000175685
5692: 0.000175654
5693: 0.000175623
5694: 0.000175593
5695: 0.000175562
5696: 0.000175531
5697: 0.0001755
5698: 0.000175469
5699: 0.000175439
5700: 0.000175408
5701: 0.000175377
5702: 0.000175346
5703: 0.000175316
5704: 0.000175285
5705: 0.000175254
5706: 0.000175223
5707: 0.000175193
5708: 0.000175162
5709: 0.000175131
5710: 0.000175101
5711: 0.00017507
5712: 0.000175039
5713: 0.000175009
5714: 0.000174978
5715: 0.000174948
5716: 0.000174917
5717: 0.000174886
5718: 0.000174856
5719: 0.000174825
5720: 0.000174795
5721: 0.000174764
5722: 0.000174734
5723: 0.000174703
5724: 0.000174672
5725: 0.000174642
5726: 0.000174611
5727: 0.000174581
5728: 0.000174551
5729: 0.00017452
5730: 0.00017449
5731: 0.000174459
5732: 0.000174429
5733: 0.000174398
5734: 0.000174368
5735: 0.000174338
5736: 0.000174307
5737: 0.000174277
5738: 0.000174246
5739: 0.000174216
5740: 0.000174186
5741: 0.000174155
5742: 0.000174125
5743: 0.000174095
5744: 0.000174064
5745: 0.000174034
5746: 0.000174004
5747: 0.000173974
5748: 0.000173943
5749: 0.000173913
5750: 0.000173883
5751: 0.000173853
5752: 0.000173822
5753: 0.000173792
5754: 0.000173762
5755: 0.000173732
5756: 0.000173702
5757: 0.000173671
5758: 0.000173641
5759: 0.000173611
5760: 0.000173581
5761: 0.000173551
5762: 0.000173521
5763: 0.000173491
5764: 0.000173461
5765: 0.00017343
5766: 0.0001734
5767: 0.00017337
5768: 0.00017334
5769: 0.00017331
5770: 0.00017328
5771: 0.00017325
5772: 0.00017322
5773: 0.00017319
5774: 0.00017316
5775: 0.00017313
5776: 0.0001731
5777: 0.00017307
5778: 0.00017304
5779: 0.00017301
5780: 0.00017298
5781: 0.000172951
5782: 0.000172921
5783: 0.000172891
5784: 0.000172861
5785: 0.000172831
5786: 0.000172801
5787: 0.000172771
5788: 0.000172741
5789: 0.000172712
5790: 0.000172682
5791: 0.000172652
5792: 0.000172622
5793: 0.000172592
5794: 0.000172563
5795: 0.000172533
5796: 0.000172503
5797: 0.000172473
5798: 0.000172444
5799: 0.000172414
5800: 0.000172384
5801: 0.000172354
5802: 0.000172325
5803: 0.000172295
5804: 0.000172265
5805: 0.000172236
5806: 0.000172206
5807: 0.000172176
5808: 0.000172147
5809: 0.000172117
5810: 0.000172087
5811: 0.000172058
5812: 0.000172028
5813: 0.000171999
5814: 0.000171969
5815: 0.000171939
5816: 0.00017191
5817: 0.00017188
5818: 0.000171851
5819: 0.000171821
5820: 0.000171792
5821: 0.000171762
5822: 0.000171733
5823: 0.000171703
5824: 0.000171674
5825: 0.000171644
5826: 0.000171615
5827: 0.000171585
5828: 0.000171556
5829: 0.000171527
5830: 0.000171497
5831: 0.000171468
5832: 0.000171438
5833: 0.000171409
5834: 0.00017138
5835: 0.00017135
5836: 0.000171321
5837: 0.000171292
5838: 0.000171262
5839: 0.000171233
5840: 0.000171204
5841: 0.000171174
5842: 0.000171145
5843: 0.000171116
5844: 0.000171086
5845: 0.000171057
5846: 0.000171028
5847: 0.000170999
5848: 0.000170969
5849: 0.00017094
5850: 0.000170911
5851: 0.000170882
5852: 0.000170853
5853: 0.000170823
5854: 0.000170794
5855: 0.000170765
5856: 0.000170736
5857: 0.000170707
5858: 0.000170678
5859: 0.000170648
5860: 0.000170619
5861: 0.00017059
5862: 0.000170561
5863: 0.000170532
5864: 0.000170503
5865: 0.000170474
5866: 0.000170445
5867: 0.000170416
5868: 0.000170387
5869: 0.000170358
5870: 0.000170329
5871: 0.0001703
5872: 0.000170271
5873: 0.000170242
5874: 0.000170213
5875: 0.000170184
5876: 0.000170155
5877: 0.000170126
5878: 0.000170097
5879: 0.000170068
5880: 0.000170039
5881: 0.00017001
5882: 0.000169981
5883: 0.000169952
5884: 0.000169924
5885: 0.000169895
5886: 0.000169866
5887: 0.000169837
5888: 0.000169808
5889: 0.000169779
5890: 0.00016975
5891: 0.000169722
5892: 0.000169693
5893: 0.000169664
5894: 0.000169635
5895: 0.000169607
5896: 0.000169578
5897: 0.000169549
5898: 0.00016952
5899: 0.000169492
5900: 0.000169463
5901: 0.000169434
5902: 0.000169405
5903: 0.000169377
5904: 0.000169348
5905: 0.000169319
5906: 0.000169291
5907: 0.000169262
5908: 0.000169233
5909: 0.000169205
5910: 0.000169176
5911: 0.000169147
5912: 0.000169119
5913: 0.00016909
5914: 0.000169062
5915: 0.000169033
5916: 0.000169005
5917: 0.000168976
5918: 0.000168947
5919: 0.000168919
5920: 0.00016889
5921: 0.000168862
5922: 0.000168833
5923: 0.000168805
5924: 0.000168776
5925: 0.000168748
5926: 0.000168719
5927: 0.000168691
5928: 0.000168663
5929: 0.000168634
5930: 0.000168606
5931: 0.000168577
5932: 0.000168549
5933: 0.00016852
5934: 0.000168492
5935: 0.000168464
5936: 0.000168435
5937: 0.000168407
5938: 0.000168379
5939: 0.00016835
5940: 0.000168322
5941: 0.000168294
5942: 0.000168265
5943: 0.000168237
5944: 0.000168209
5945: 0.00016818
5946: 0.000168152
5947: 0.000168124
5948: 0.000168095
5949: 0.000168067
5950: 0.000168039
5951: 0.000168011
5952: 0.000167983
5953: 0.000167954
5954: 0.000167926
5955: 0.000167898
5956: 0.00016787
5957: 0.000167842
5958: 0.000167813
5959: 0.000167785
5960: 0.000167757
5961: 0.000167729
5962: 0.000167701
5963: 0.000167673
5964: 0.000167645
5965: 0.000167616
5966: 0.000167588
5967: 0.00016756
5968: 0.000167532
5969: 0.000167504
5970: 0.000167476
5971: 0.000167448
5972: 0.00016742
5973: 0.000167392
5974: 0.000167364
5975: 0.000167336
5976: 0.000167308
5977: 0.00016728
5978: 0.000167252
5979: 0.000167224
5980: 0.000167196
5981: 0.000167168
5982: 0.00016714
5983: 0.000167112
5984: 0.000167084
5985: 0.000167056
5986: 0.000167029
5987: 0.000167001
5988: 0.000166973
5989: 0.000166945
5990: 0.000166917
5991: 0.000166889
5992: 0.000166861
5993: 0.000166834
5994: 0.000166806
5995: 0.000166778
5996: 0.00016675
5997: 0.000166722
5998: 0.000166694
5999: 0.000166667
6000: 0.000166639
6001: 0.000166611
6002: 0.000166583
6003: 0.000166556
6004: 0.000166528
6005: 0.0001665
6006: 0.000166472
6007: 0.000166445
6008: 0.000166417
6009: 0.000166389
6010: 0.000166362
6011: 0.000166334
6012: 0.000166306
6013: 0.000166279
6014: 0.000166251
6015: 0.000166223
6016: 0.000166196
6017: 0.000166168
6018: 0.000166141
6019: 0.000166113
6020: 0.000166085
6021: 0.000166058
6022: 0.00016603
6023: 0.000166003
6024: 0.000165975
6025: 0.000165948
6026: 0.00016592
6027: 0.000165893
6028: 0.000165865
6029: 0.000165837
6030: 0.00016581
6031: 0.000165782
6032: 0.000165755
6033: 0.000165728
6034: 0.0001657
6035: 0.000165673
6036: 0.000165645
6037: 0.000165618
6038: 0.00016559
6039: 0.000165563
6040: 0.000165536
6041: 0.000165508
6042: 0.000165481
6043: 0.000165453
6044: 0.000165426
6045: 0.000165399
6046: 0.000165371
6047: 0.000165344
6048: 0.000165317
6049: 0.000165289
6050: 0.000165262
6051: 0.000165235
6052: 0.000165207
6053: 0.00016518
6054: 0.000165153
6055: 0.000165125
6056: 0.000165098
6057: 0.000165071
6058: 0.000165044
6059: 0.000165017
6060: 0.000164989
6061: 0.000164962
6062: 0.000164935
6063: 0.000164908
6064: 0.00016488
6065: 0.000164853
6066: 0.000164826
6067: 0.000164799
6068: 0.000164772
6069: 0.000164745
6070: 0.000164718
6071: 0.00016469
6072: 0.000164663
6073: 0.000164636
6074: 0.000164609
6075: 0.000164582
6076: 0.000164555
6077: 0.000164528
6078: 0.000164501
6079: 0.000164474
6080: 0.000164447
6081: 0.00016442
6082: 0.000164393
6083: 0.000164366
6084: 0.000164339
6085: 0.000164312
6086: 0.000164285
6087: 0.000164258
6088: 0.000164231
6089: 0.000164204
6090: 0.000164177
6091: 0.00016415
6092: 0.000164123
6093: 0.000164096
6094: 0.000164069
6095: 0.000164042
6096: 0.000164015
6097: 0.000163988
6098: 0.000163961
6099: 0.000163934
6100: 0.000163908
6101: 0.000163881
6102: 0.000163854
6103: 0.000163827
6104: 0.0001638
6105: 0.000163773
6106: 0.000163747
6107: 0.00016372
6108: 0.000163693
6109: 0.000163666
6110: 0.000163639
6111: 0.000163613
6112: 0.000163586
6113: 0.000163559
6114: 0.000163532
6115: 0.000163506
6116: 0.000163479
6117: 0.000163452
6118: 0.000163425
6119: 0.000163399
6120: 0.000163372
6121: 0.000163345
6122: 0.000163319
6123: 0.000163292
6124: 0.000163265
6125: 0.000163239
6126: 0.000163212
6127: 0.000163185
6128: 0.000163159
6129: 0.000163132
6130: 0.000163106
6131: 0.000163079
6132: 0.000163052
6133: 0.000163026
6134: 0.000162999
6135: 0.000162973
6136: 0.000162946
6137: 0.00016292
6138: 0.000162893
6139: 0.000162866
6140: 0.00016284
6141: 0.000162813
6142: 0.000162787
6143: 0.00016276
6144: 0.000162734
6145: 0.000162707
6146: 0.000162681
6147: 0.000162655
6148: 0.000162628
6149: 0.000162602
6150: 0.000162575
6151: 0.000162549
6152: 0.000162522
6153: 0.000162496
6154: 0.00016247
6155: 0.000162443
6156: 0.000162417
6157: 0.00016239
6158: 0.000162364
6159: 0.000162338
6160: 0.000162311
6161: 0.000162285
6162: 0.000162259
6163: 0.000162232
6164: 0.000162206
6165: 0.00016218
6166: 0.000162153
6167: 0.000162127
6168: 0.000162101
6169: 0.000162075
6170: 0.000162048
6171: 0.000162022
6172: 0.000161996
6173: 0.00016197
6174: 0.000161943
6175: 0.000161917
6176: 0.000161891
6177: 0.000161865
6178: 0.000161838
6179: 0.000161812
6180: 0.000161786
6181: 0.00016176
6182: 0.000161734
6183: 0.000161708
6184: 0.000161681
6185: 0.000161655
6186: 0.000161629
6187: 0.000161603
6188: 0.000161577
6189: 0.000161551
6190: 0.000161525
6191: 0.000161499
6192: 0.000161473
6193: 0.000161447
6194: 0.000161421
6195: 0.000161394
6196: 0.000161368
6197: 0.000161342
6198: 0.000161316
6199: 0.00016129
6200: 0.000161264
6201: 0.000161238
6202: 0.000161212
6203: 0.000161186
6204: 0.00016116
6205: 0.000161134
6206: 0.000161108
6207: 0.000161082
6208: 0.000161057
6209: 0.000161031
6210: 0.000161005
6211: 0.000160979
6212: 0.000160953
6213: 0.000160927
6214: 0.000160901
6215: 0.000160875
6216: 0.000160849
6217: 0.000160823
6218: 0.000160798
6219: 0.000160772
6220: 0.000160746
6221: 0.00016072
6222: 0.000160694
6223: 0.000160668
6224: 0.000160643
6225: 0.000160617
6226: 0.000160591
6227: 0.000160565
6228: 0.000160539
6229: 0.000160514
6230: 0.000160488
6231: 0.000160462
6232: 0.000160436
6233: 0.000160411
6234: 0.000160385
6235: 0.000160359
6236: 0.000160333
6237: 0.000160308
6238: 0.000160282
6239: 0.000160256
6240: 0.000160231
6241: 0.000160205
6242: 0.000160179
6243: 0.000160154
6244: 0.000160128
6245: 0.000160102
6246: 0.000160077
6247: 0.000160051
6248: 0.000160026
6249: 0.00016
6250: 0.000159974
6251: 0.000159949
6252: 0.000159923
6253: 0.000159898
6254: 0.000159872
6255: 0.000159847
6256: 0.000159821
6257: 0.000159795
6258: 0.00015977
6259: 0.000159744
6260: 0.000159719
6261: 0.000159693
6262: 0.000159668
6263: 0.000159642
6264: 0.000159617
6265: 0.000159591
6266: 0.000159566
6267: 0.000159541
6268: 0.000159515
6269: 0.00015949
6270: 0.000159464
6271: 0.000159439
6272: 0.000159413
6273: 0.000159388
6274: 0.000159363
6275: 0.000159337
6276: 0.000159312
6277: 0.000159286
6278: 0.000159261
6279: 0.000159236
6280: 0.00015921
6281: 0.000159185
6282: 0.00015916
6283: 0.000159134
6284: 0.000159109
6285: 0.000159084
6286: 0.000159058
6287: 0.000159033
6288: 0.000159008
6289: 0.000158983
6290: 0.000158957
6291: 0.000158932
6292: 0.000158907
6293: 0.000158881
6294: 0.000158856
6295: 0.000158831
6296: 0.000158806
6297: 0.000158781
6298: 0.000158755
6299: 0.00015873
6300: 0.000158705
6301: 0.00015868
6302: 0.000158655
6303: 0.000158629
6304: 0.000158604
6305: 0.000158579
6306: 0.000158554
6307: 0.000158529
6308: 0.000158504
6309: 0.000158479
6310: 0.000158453
6311: 0.000158428
6312: 0.000158403
6313: 0.000158378
6314: 0.000158353
6315: 0.000158328
6316: 0.000158303
6317: 0.000158278
6318: 0.000158253
6319: 0.000158228
6320: 0.000158203
6321: 0.000158178
6322: 0.000158153
6323: 0.000158128
6324: 0.000158103
6325: 0.000158078
6326: 0.000158053
6327: 0.000158028
6328: 0.000158003
6329: 0.000157978
6330: 0.000157953
6331: 0.000157928
6332: 0.000157903
6333: 0.000157878
6334: 0.000157853
6335: 0.000157828
6336: 0.000157803
6337: 0.000157778
6338: 0.000157754
6339: 0.000157729
6340: 0.000157704
6341: 0.000157679
6342: 0.000157654
6343: 0.000157629
6344: 0.000157604
6345: 0.00015758
6346: 0.000157555
6347: 0.00015753
6348: 0.000157505
6349: 0.00015748
6350: 0.000157456
6351: 0.000157431
6352: 0.000157406
6353: 0.000157381
6354: 0.000157356
6355: 0.000157332
6356: 0.000157307
6357: 0.000157282
6358: 0.000157257
6359: 0.000157233
6360: 0.000157208
6361: 0.000157183
6362: 0.000157159
6363: 0.000157134
6364: 0.000157109
6365: 0.000157085
6366: 0.00015706
6367: 0.000157035
6368: 0.000157011
6369: 0.000156986
6370: 0.000156961
6371: 0.000156937
6372: 0.000156912
6373: 0.000156887
6374: 0.000156863
6375: 0.000156838
6376: 0.000156814
6377: 0.000156789
6378: 0.000156764
6379: 0.00015674
6380: 0.000156715
6381: 0.000156691
6382: 0.000156666
6383: 0.000156642
6384: 0.000156617
6385: 0.000156593
6386: 0.000156568
6387: 0.000156544
6388: 0.000156519
6389: 0.000156495
6390: 0.00015647
6391: 0.000156446
6392: 0.000156421
6393: 0.000156397
6394: 0.000156372
6395: 0.000156348
6396: 0.000156323
6397: 0.000156299
6398: 0.000156274
6399: 0.00015625
6400: 0.000156226
6401: 0.000156201
6402: 0.000156177
6403: 0.000156152
6404: 0.000156128
6405: 0.000156104
6406: 0.000156079
6407: 0.000156055
6408: 0.000156031
6409: 0.000156006
6410: 0.000155982
6411: 0.000155958
6412: 0.000155933
6413: 0.000155909
6414: 0.000155885
6415: 0.00015586
6416: 0.000155836
6417: 0.000155812
6418: 0.000155788
6419: 0.000155763
6420: 0.000155739
6421: 0.000155715
6422: 0.00015569
6423: 0.000155666
6424: 0.000155642
6425: 0.000155618
6426: 0.000155594
6427: 0.000155569
6428: 0.000155545
6429: 0.000155521
6430: 0.000155497
6431: 0.000155473
6432: 0.000155448
6433: 0.000155424
6434: 0.0001554
6435: 0.000155376
6436: 0.000155352
6437: 0.000155328
6438: 0.000155304
6439: 0.00015528
6440: 0.000155255
6441: 0.000155231
6442: 0.000155207
6443: 0.000155183
6444: 0.000155159
6445: 0.000155135
6446: 0.000155111
6447: 0.000155087
6448: 0.000155063
6449: 0.000155039
6450: 0.000155015
6451: 0.000154991
6452: 0.000154967
6453: 0.000154943
6454: 0.000154919
6455: 0.000154895
6456: 0.000154871
6457: 0.000154847
6458: 0.000154823
6459: 0.000154799
6460: 0.000154775
6461: 0.000154751
6462: 0.000154727
6463: 0.000154703
6464: 0.000154679
6465: 0.000154655
6466: 0.000154631
6467: 0.000154607
6468: 0.000154583
6469: 0.00015456
6470: 0.000154536
6471: 0.000154512
6472: 0.000154488
6473: 0.000154464
6474: 0.00015444
6475: 0.000154416
6476: 0.000154392
6477: 0.000154369
6478: 0.000154345
6479: 0.000154321
6480: 0.000154297
6481: 0.000154273
6482: 0.00015425
6483: 0.000154226
6484: 0.000154202
6485: 0.000154178
6486: 0.000154154
6487: 0.000154131
6488: 0.000154107
6489: 0.000154083
6490: 0.000154059
6491: 0.000154036
6492: 0.000154012
6493: 0.000153988
6494: 0.000153965
6495: 0.000153941
6496: 0.000153917
6497: 0.000153894
6498: 0.00015387
6499: 0.000153846
6500: 0.000153822
6501: 0.000153799
6502: 0.000153775
6503: 0.000153752
6504: 0.000153728
6505: 0.000153704
6506: 0.000153681
6507: 0.000153657
6508: 0.000153633
6509: 0.00015361
6510: 0.000153586
6511: 0.000153563
6512: 0.000153539
6513: 0.000153516
6514: 0.000153492
6515: 0.000153468
6516: 0.000153445
6517: 0.000153421
6518: 0.000153398
6519: 0.000153374
6520: 0.000153351
6521: 0.000153327
6522: 0.000153304
6523: 0.00015328
6524: 0.000153257
6525: 0.000153233
6526: 0.00015321
6527: 0.000153186
6528: 0.000153163
6529: 0.000153139
6530: 0.000153116
6531: 0.000153092
6532: 0.000153069
6533: 0.000153046
6534: 0.000153022
6535: 0.000152999
6536: 0.000152975
6537: 0.000152952
6538: 0.000152929
6539: 0.000152905
6540: 0.000152882
6541: 0.000152858
6542: 0.000152835
6543: 0.000152812
6544: 0.000152788
6545: 0.000152765
6546: 0.000152742
6547: 0.000152718
6548: 0.000152695
6549: 0.000152672
6550: 0.000152648
6551: 0.000152625
6552: 0.000152602
6553: 0.000152579
6554: 0.000152555
6555: 0.000152532
6556: 0.000152509
6557: 0.000152486
6558: 0.000152462
6559: 0.000152439
6560: 0.000152416
6561: 0.000152393
6562: 0.000152369
6563: 0.000152346
6564: 0.000152323
6565: 0.0001523
6566: 0.000152277
6567: 0.000152253
6568: 0.00015223
6569: 0.000152207
6570: 0.000152184
6571: 0.000152161
6572: 0.000152138
6573: 0.000152114
6574: 0.000152091
6575: 0.000152068
6576: 0.000152045
6577: 0.000152022
6578: 0.000151999
6579: 0.000151976
6580: 0.000151953
6581: 0.00015193
6582: 0.000151906
6583: 0.000151883
6584: 0.00015186
6585: 0.000151837
6586: 0.000151814
6587: 0.000151791
6588: 0.000151768
6589: 0.000151745
6590: 0.000151722
6591: 0.000151699
6592: 0.000151676
6593: 0.000151653
6594: 0.00015163
6595: 0.000151607
6596: 0.000151584
6597: 0.000151561
6598: 0.000151538
6599: 0.000151515
6600: 0.000151492
6601: 0.000151469
6602: 0.000151446
6603: 0.000151423
6604: 0.0001514
6605: 0.000151378
6606: 0.000151355
6607: 0.000151332
6608: 0.000151309
6609: 0.000151286
6610: 0.000151263
6611: 0.00015124
6612: 0.000151217
6613: 0.000151194
6614: 0.000151172
6615: 0.000151149
6616: 0.000151126
6617: 0.000151103
6618: 0.00015108
6619: 0.000151057
6620: 0.000151035
6621: 0.000151012
6622: 0.000150989
6623: 0.000150966
6624: 0.000150943
6625: 0.000150921
6626: 0.000150898
6627: 0.000150875
6628: 0.000150852
6629: 0.00015083
6630: 0.000150807
6631: 0.000150784
6632: 0.000150761
6633: 0.000150739
6634: 0.000150716
6635: 0.000150693
6636: 0.00015067
6637: 0.000150648
6638: 0.000150625
6639: 0.000150602
6640: 0.00015058
6641: 0.000150557
6642: 0.000150534
6643: 0.000150512
6644: 0.000150489
6645: 0.000150466
6646: 0.000150444
6647: 0.000150421
6648: 0.000150399
6649: 0.000150376
6650: 0.000150353
6651: 0.000150331
6652: 0.000150308
6653: 0.000150286
6654: 0.000150263
6655: 0.00015024
6656: 0.000150218
6657: 0.000150195
6658: 0.000150173
6659: 0.00015015
6660: 0.000150128
6661: 0.000150105
6662: 0.000150083
6663: 0.00015006
6664: 0.000150038
6665: 0.000150015
6666: 0.000149993
6667: 0.00014997
6668: 0.000149948
6669: 0.000149925
6670: 0.000149903
6671: 0.00014988
6672: 0.000149858
6673: 0.000149835
6674: 0.000149813
6675: 0.00014979
6676: 0.000149768
6677: 0.000149745
6678: 0.000149723
6679: 0.000149701
6680: 0.000149678
6681: 0.000149656
6682: 0.000149633
6683: 0.000149611
6684: 0.000149589
6685: 0.000149566
6686: 0.000149544
6687: 0.000149522
6688: 0.000149499
6689: 0.000149477
6690: 0.000149454
6691: 0.000149432
6692: 0.00014941
6693: 0.000149388
6694: 0.000149365
6695: 0.000149343
6696: 0.000149321
6697: 0.000149298
6698: 0.000149276
6699: 0.000149254
6700: 0.000149231
6701: 0.000149209
6702: 0.000149187
6703: 0.000149165
6704: 0.000149142
6705: 0.00014912
6706: 0.000149098
6707: 0.000149076
6708: 0.000149054
6709: 0.000149031
6710: 0.000149009
6711: 0.000148987
6712: 0.000148965
6713: 0.000148943
6714: 0.00014892
6715: 0.000148898
6716: 0.000148876
6717: 0.000148854
6718: 0.000148832
6719: 0.00014881
6720: 0.000148787
6721: 0.000148765
6722: 0.000148743
6723: 0.000148721
6724: 0.000148699
6725: 0.000148677
6726: 0.000148655
6727: 0.000148633
6728: 0.00014861
6729: 0.000148588
6730: 0.000148566
6731: 0.000148544
6732: 0.000148522
6733: 0.0001485
6734: 0.000148478
6735: 0.000148456
6736: 0.000148434
6737: 0.000148412
6738: 0.00014839
6739: 0.000148368
6740: 0.000148346
6741: 0.000148324
6742: 0.000148302
6743: 0.00014828
6744: 0.000148258
6745: 0.000148236
6746: 0.000148214
6747: 0.000148192
6748: 0.00014817
6749: 0.000148148
6750: 0.000148126
6751: 0.000148104
6752: 0.000148082
6753: 0.00014806
6754: 0.000148038
6755: 0.000148017
6756: 0.000147995
6757: 0.000147973
6758: 0.000147951
6759: 0.000147929
6760: 0.000147907
6761: 0.000147885
6762: 0.000147863
6763: 0.000147842
6764: 0.00014782
6765: 0.000147798
6766: 0.000147776
6767: 0.000147754
6768: 0.000147732
6769: 0.00014771
6770: 0.000147689
6771: 0.000147667
6772: 0.000147645
6773: 0.000147623
6774: 0.000147601
6775: 0.00014758
6776: 0.000147558
6777: 0.000147536
6778: 0.000147514
6779: 0.000147493
6780: 0.000147471
6781: 0.000147449
6782: 0.000147427
6783: 0.000147406
6784: 0.000147384
6785: 0.000147362
6786: 0.000147341
6787: 0.000147319
6788: 0.000147297
6789: 0.000147275
6790: 0.000147254
6791: 0.000147232
6792: 0.00014721
6793: 0.000147189
6794: 0.000147167
6795: 0.000147145
6796: 0.000147124
6797: 0.000147102
6798: 0.00014708
6799: 0.000147059
6800: 0.000147037
6801: 0.000147016
6802: 0.000146994
6803: 0.000146972
6804: 0.000146951
6805: 0.000146929
6806: 0.000146908
6807: 0.000146886
6808: 0.000146864
6809: 0.000146843
6810: 0.000146821
6811: 0.0001468
6812: 0.000146778
6813: 0.000146757
6814: 0.000146735
6815: 0.000146714
6816: 0.000146692
6817: 0.000146671
6818: 0.000146649
6819: 0.000146628
6820: 0.000146606
6821: 0.000146585
6822: 0.000146563
6823: 0.000146542
6824: 0.00014652
6825: 0.000146499
6826: 0.000146477
6827: 0.000146456
6828: 0.000146434
6829: 0.000146413
6830: 0.000146391
6831: 0.00014637
6832: 0.000146349
6833: 0.000146327
6834: 0.000146306
6835: 0.000146284
6836: 0.000146263
6837: 0.000146242
6838: 0.00014622
6839: 0.000146199
6840: 0.000146177
6841: 0.000146156
6842: 0.000146135
6843: 0.000146113
6844: 0.000146092
6845: 0.000146071
6846: 0.000146049
6847: 0.000146028
6848: 0.000146007
6849: 0.000145985
6850: 0.000145964
6851: 0.000145943
6852: 0.000145921
6853: 0.0001459
6854: 0.000145879
6855: 0.000145858
6856: 0.000145836
6857: 0.000145815
6858: 0.000145794
6859: 0.000145773
6860: 0.000145751
6861: 0.00014573
6862: 0.000145709
6863: 0.000145688
6864: 0.000145666
6865: 0.000145645
6866: 0.000145624
6867: 0.000145603
6868: 0.000145582
6869: 0.00014556
6870: 0.000145539
6871: 0.000145518
6872: 0.000145497
6873: 0.000145476
6874: 0.000145455
6875: 0.000145433
6876: 0.000145412
6877: 0.000145391
6878: 0.00014537
6879: 0.000145349
6880: 0.000145328
6881: 0.000145307
6882: 0.000145285
6883: 0.000145264
6884: 0.000145243
6885: 0.000145222
6886: 0.000145201
6887: 0.00014518
6888: 0.000145159
6889: 0.000145138
6890: 0.000145117
6891: 0.000145096
6892: 0.000145075
6893: 0.000145054
6894: 0.000145033
6895: 0.000145012
6896: 0.000144991
6897: 0.00014497
6898: 0.000144949
6899: 0.000144928
6900: 0.000144907
6901: 0.000144886
6902: 0.000144865
6903: 0.000144844
6904: 0.000144823
6905: 0.000144802
6906: 0.000144781
6907: 0.00014476
6908: 0.000144739
6909: 0.000144718
6910: 0.000144697
6911: 0.000144676
6912: 0.000144655
6913: 0.000144634
6914: 0.000144613
6915: 0.000144592
6916: 0.000144571
6917: 0.00014455
6918: 0.00014453
6919: 0.000144509
6920: 0.000144488
6921: 0.000144467
6922: 0.000144446
6923: 0.000144425
6924: 0.000144404
6925: 0.000144383
6926: 0.000144363
6927: 0.000144342
6928: 0.000144321
6929: 0.0001443
6930: 0.000144279
6931: 0.000144259
6932: 0.000144238
6933: 0.000144217
6934: 0.000144196
6935: 0.000144175
6936: 0.000144155
6937: 0.000144134
6938: 0.000144113
6939: 0.000144092
6940: 0.000144071
6941: 0.000144051
6942: 0.00014403
6943: 0.000144009
6944: 0.000143988
6945: 0.000143968
6946: 0.000143947
6947: 0.000143926
6948: 0.000143906
6949: 0.000143885
6950: 0.000143864
6951: 0.000143843
6952: 0.000143823
6953: 0.000143802
6954: 0.000143781
6955: 0.000143761
6956: 0.00014374
6957: 0.000143719
6958: 0.000143699
6959: 0.000143678
6960: 0.000143658
6961: 0.000143637
6962: 0.000143616
6963: 0.000143596
6964: 0.000143575
6965: 0.000143554
6966: 0.000143534
6967: 0.000143513
6968: 0.000143493
6969: 0.000143472
6970: 0.000143451
6971: 0.000143431
6972: 0.00014341
6973: 0.00014339
6974: 0.000143369
6975: 0.000143349
6976: 0.000143328
6977: 0.000143308
6978: 0.000143287
6979: 0.000143266
6980: 0.000143246
6981: 0.000143225
6982: 0.000143205
6983: 0.000143184
6984: 0.000143164
6985: 0.000143143
6986: 0.000143123
6987: 0.000143102
6988: 0.000143082
6989: 0.000143062
6990: 0.000143041
6991: 0.000143021
6992: 0.000143
6993: 0.00014298
6994: 0.000142959
6995: 0.000142939
6996: 0.000142918
6997: 0.000142898
6998: 0.000142878
6999: 0.000142857
7000: 0.000142837
7001: 0.000142816
7002: 0.000142796
7003: 0.000142776
7004: 0.000142755
7005: 0.000142735
7006: 0.000142714
7007: 0.000142694
7008: 0.000142674
7009: 0.000142653
7010: 0.000142633
7011: 0.000142613
7012: 0.000142592
7013: 0.000142572
7014: 0.000142552
7015: 0.000142531
7016: 0.000142511
7017: 0.000142491
7018: 0.00014247
7019: 0.00014245
7020: 0.00014243
7021: 0.00014241
7022: 0.000142389
7023: 0.000142369
7024: 0.000142349
7025: 0.000142328
7026: 0.000142308
7027: 0.000142288
7028: 0.000142268
7029: 0.000142248
7030: 0.000142227
7031: 0.000142207
7032: 0.000142187
7033: 0.000142167
7034: 0.000142146
7035: 0.000142126
7036: 0.000142106
7037: 0.000142086
7038: 0.000142066
7039: 0.000142045
7040: 0.000142025
7041: 0.000142005
7042: 0.000141985
7043: 0.000141965
7044: 0.000141945
7045: 0.000141924
7046: 0.000141904
7047: 0.000141884
7048: 0.000141864
7049: 0.000141844
7050: 0.000141824
7051: 0.000141804
7052: 0.000141784
7053: 0.000141764
7054: 0.000141743
7055: 0.000141723
7056: 0.000141703
7057: 0.000141683
7058: 0.000141663
7059: 0.000141643
7060: 0.000141623
7061: 0.000141603
7062: 0.000141583
7063: 0.000141563
7064: 0.000141543
7065: 0.000141523
7066: 0.000141503
7067: 0.000141483
7068: 0.000141463
7069: 0.000141443
7070: 0.000141423
7071: 0.000141403
7072: 0.000141383
7073: 0.000141363
7074: 0.000141343
7075: 0.000141323
7076: 0.000141303
7077: 0.000141283
7078: 0.000141263
7079: 0.000141243
7080: 0.000141223
7081: 0.000141203
7082: 0.000141183
7083: 0.000141163
7084: 0.000141143
7085: 0.000141123
7086: 0.000141103
7087: 0.000141084
7088: 0.000141064
7089: 0.000141044
7090: 0.000141024
7091: 0.000141004
7092: 0.000140984
7093: 0.000140964
7094: 0.000140944
7095: 0.000140924
7096: 0.000140905
7097: 0.000140885
7098: 0.000140865
7099: 0.000140845
7100: 0.000140825
7101: 0.000140805
7102: 0.000140786
7103: 0.000140766
7104: 0.000140746
7105: 0.000140726
7106: 0.000140706
7107: 0.000140687
7108: 0.000140667
7109: 0.000140647
7110: 0.000140627
7111: 0.000140607
7112: 0.000140588
7113: 0.000140568
7114: 0.000140548
7115: 0.000140528
7116: 0.000140509
7117: 0.000140489
7118: 0.000140469
7119: 0.000140449
7120: 0.00014043
7121: 0.00014041
7122: 0.00014039
7123: 0.000140371
7124: 0.000140351
7125: 0.000140331
7126: 0.000140311
7127: 0.000140292
7128: 0.000140272
7129: 0.000140252
7130: 0.000140233
7131: 0.000140213
7132: 0.000140193
7133: 0.000140174
7134: 0.000140154
7135: 0.000140135
7136: 0.000140115
7137: 0.000140095
7138: 0.000140076
7139: 0.000140056
7140: 0.000140036
7141: 0.000140017
7142: 0.000139997
7143: 0.000139978
7144: 0.000139958
7145: 0.000139938
7146: 0.000139919
7147: 0.000139899
7148: 0.00013988
7149: 0.00013986
7150: 0.000139841
7151: 0.000139821
7152: 0.000139801
7153: 0.000139782
7154: 0.000139762
7155: 0.000139743
7156: 0.000139723
7157: 0.000139704
7158: 0.000139684
7159: 0.000139665
7160: 0.000139645
7161: 0.000139626
7162: 0.000139606
7163: 0.000139587
7164: 0.000139567
7165: 0.000139548
7166: 0.000139528
7167: 0.000139509
7168: 0.000139489
7169: 0.00013947
7170: 0.000139451
7171: 0.000139431
7172: 0.000139412
7173: 0.000139392
7174: 0.000139373
7175: 0.000139353
7176: 0.000139334
7177: 0.000139315
7178: 0.000139295
7179: 0.000139276
7180: 0.000139256
7181: 0.000139237
7182: 0.000139218
7183: 0.000139198
7184: 0.000139179
7185: 0.000139159
7186: 0.00013914
7187: 0.000139121
7188: 0.000139101
7189: 0.000139082
7190: 0.000139063
7191: 0.000139043
7192: 0.000139024
7193: 0.000139005
7194: 0.000138985
7195: 0.000138966
7196: 0.000138947
7197: 0.000138927
7198: 0.000138908
7199: 0.000138889
7200: 0.00013887
7201: 0.00013885
7202: 0.000138831
7203: 0.000138812
7204: 0.000138793
7205: 0.000138773
7206: 0.000138754
7207: 0.000138735
7208: 0.000138715
7209: 0.000138696
7210: 0.000138677
7211: 0.000138658
7212: 0.000138639
7213: 0.000138619
7214: 0.0001386
7215: 0.000138581
7216: 0.000138562
7217: 0.000138543
7218: 0.000138523
7219: 0.000138504
7220: 0.000138485
7221: 0.000138466
7222: 0.000138447
7223: 0.000138427
7224: 0.000138408
7225: 0.000138389
7226: 0.00013837
7227: 0.000138351
7228: 0.000138332
7229: 0.000138313
7230: 0.000138293
7231: 0.000138274
7232: 0.000138255
7233: 0.000138236
7234: 0.000138217
7235: 0.000138198
7236: 0.000138179
7237: 0.00013816
7238: 0.000138141
7239: 0.000138122
7240: 0.000138102
7241: 0.000138083
7242: 0.000138064
7243: 0.000138045
7244: 0.000138026
7245: 0.000138007
7246: 0.000137988
7247: 0.000137969
7248: 0.00013795
7249: 0.000137931
7250: 0.000137912
7251: 0.000137893
7252: 0.000137874
7253: 0.000137855
7254: 0.000137836
7255: 0.000137817
7256: 0.000137798
7257: 0.000137779
7258: 0.00013776
7259: 0.000137741
7260: 0.000137722
7261: 0.000137703
7262: 0.000137684
7263: 0.000137665
7264: 0.000137646
7265: 0.000137627
7266: 0.000137608
7267: 0.000137589
7268: 0.000137571
7269: 0.000137552
7270: 0.000137533
7271: 0.000137514
7272: 0.000137495
7273: 0.000137476
7274: 0.000137457
7275: 0.000137438
7276: 0.000137419
7277: 0.0001374
7278: 0.000137382
7279: 0.000137363
7280: 0.000137344
7281: 0.000137325
7282: 0.000137306
7283: 0.000137287
7284: 0.000137268
7285: 0.00013725
7286: 0.000137231
7287: 0.000137212
7288: 0.000137193
7289: 0.000137174
7290: 0.000137155
7291: 0.000137137
7292: 0.000137118
7293: 0.000137099
7294: 0.00013708
7295: 0.000137061
7296: 0.000137043
7297: 0.000137024
7298: 0.000137005
7299: 0.000136986
7300: 0.000136968
7301: 0.000136949
7302: 0.00013693
7303: 0.000136911
7304: 0.000136893
7305: 0.000136874
7306: 0.000136855
7307: 0.000136836
7308: 0.000136818
7309: 0.000136799
7310: 0.00013678
7311: 0.000136761
7312: 0.000136743
7313: 0.000136724
7314: 0.000136705
7315: 0.000136687
7316: 0.000136668
7317: 0.000136649
7318: 0.000136631
7319: 0.000136612
7320: 0.000136593
7321: 0.000136575
7322: 0.000136556
7323: 0.000136537
7324: 0.000136519
7325: 0.0001365
7326: 0.000136482
7327: 0.000136463
7328: 0.000136444
7329: 0.000136426
7330: 0.000136407
7331: 0.000136388
7332: 0.00013637
7333: 0.000136351
7334: 0.000136333
7335: 0.000136314
7336: 0.000136295
7337: 0.000136277
7338: 0.000136258
7339: 0.00013624
7340: 0.000136221
7341: 0.000136203
7342: 0.000136184
7343: 0.000136166
7344: 0.000136147
7345: 0.000136129
7346: 0.00013611
7347: 0.000136091
7348: 0.000136073
7349: 0.000136054
7350: 0.000136036
7351: 0.000136017
7352: 0.000135999
7353: 0.00013598
7354: 0.000135962
7355: 0.000135943
7356: 0.000135925
7357: 0.000135906
7358: 0.000135888
7359: 0.00013587
7360: 0.000135851
7361: 0.000135833
7362: 0.000135814
7363: 0.000135796
7364: 0.000135777
7365: 0.000135759
7366: 0.00013574
7367: 0.000135722
7368: 0.000135704
7369: 0.000135685
7370: 0.000135667
7371: 0.000135648
7372: 0.00013563
7373: 0.000135612
7374: 0.000135593
7375: 0.000135575
7376: 0.000135556
7377: 0.000135538
7378: 0.00013552
7379: 0.000135501
7380: 0.000135483
7381: 0.000135465
7382: 0.000135446
7383: 0.000135428
7384: 0.00013541
7385: 0.000135391
7386: 0.000135373
7387: 0.000135355
7388: 0.000135336
7389: 0.000135318
7390: 0.0001353
7391: 0.000135281
7392: 0.000135263
7393: 0.000135245
7394: 0.000135227
7395: 0.000135208
7396: 0.00013519
7397: 0.000135172
7398: 0.000135153
7399: 0.000135135
7400: 0.000135117
7401: 0.000135099
7402: 0.00013508
7403: 0.000135062
7404: 0.000135044
7405: 0.000135026
7406: 0.000135007
7407: 0.000134989
7408: 0.000134971
7409: 0.000134953
7410: 0.000134935
7411: 0.000134916
7412: 0.000134898
7413: 0.00013488
7414: 0.000134862
7415: 0.000134844
7416: 0.000134825
7417: 0.000134807
7418: 0.000134789
7419: 0.000134771
7420: 0.000134753
7421: 0.000134735
7422: 0.000134716
7423: 0.000134698
7424: 0.00013468
7425: 0.000134662
7426: 0.000134644
7427: 0.000134626
7428: 0.000134608
7429: 0.00013459
7430: 0.000134571
7431: 0.000134553
7432: 0.000134535
7433: 0.000134517
7434: 0.000134499
7435: 0.000134481
7436: 0.000134463
7437: 0.000134445
7438: 0.000134427
7439: 0.000134409
7440: 0.000134391
7441: 0.000134372
7442: 0.000134354
7443: 0.000134336
7444: 0.000134318
7445: 0.0001343
7446: 0.000134282
7447: 0.000134264
7448: 0.000134246
7449: 0.000134228
7450: 0.00013421
7451: 0.000134192
7452: 0.000134174
7453: 0.000134156
7454: 0.000134138
7455: 0.00013412
7456: 0.000134102
7457: 0.000134084
7458: 0.000134066
7459: 0.000134048
7460: 0.00013403
7461: 0.000134012
7462: 0.000133994
7463: 0.000133976
7464: 0.000133958
7465: 0.000133941
7466: 0.000133923
7467: 0.000133905
7468: 0.000133887
7469: 0.000133869
7470: 0.000133851
7471: 0.000133833
7472: 0.000133815
7473: 0.000133797
7474: 0.000133779
7475: 0.000133761
7476: 0.000133743
7477: 0.000133726
7478: 0.000133708
7479: 0.00013369
7480: 0.000133672
7481: 0.000133654
7482: 0.000133636
7483: 0.000133618
7484: 0.000133601
7485: 0.000133583
7486: 0.000133565
7487: 0.000133547
7488: 0.000133529
7489: 0.000133511
7490: 0.000133494
7491: 0.000133476
7492: 0.000133458
7493: 0.00013344
7494: 0.000133422
7495: 0.000133404
7496: 0.000133387
7497: 0.000133369
7498: 0.000133351
7499: 0.000133333
7500: 0.000133316
7501: 0.000133298
7502: 0.00013328
7503: 0.000133262
7504: 0.000133245
7505: 0.000133227
7506: 0.000133209
7507: 0.000133191
7508: 0.000133174
7509: 0.000133156
7510: 0.000133138
7511: 0.00013312
7512: 0.000133103
7513: 0.000133085
7514: 0.000133067
7515: 0.000133049
7516: 0.000133032
7517: 0.000133014
7518: 0.000132996
7519: 0.000132979
7520: 0.000132961
7521: 0.000132943
7522: 0.000132926
7523: 0.000132908
7524: 0.00013289
7525: 0.000132873
7526: 0.000132855
7527: 0.000132837
7528: 0.00013282
7529: 0.000132802
7530: 0.000132784
7531: 0.000132767
7532: 0.000132749
7533: 0.000132732
7534: 0.000132714
7535: 0.000132696
7536: 0.000132679
7537: 0.000132661
7538: 0.000132644
7539: 0.000132626
7540: 0.000132608
7541: 0.000132591
7542: 0.000132573
7543: 0.000132556
7544: 0.000132538
7545: 0.000132521
7546: 0.000132503
7547: 0.000132485
7548: 0.000132468
7549: 0.00013245
7550: 0.000132433
7551: 0.000132415
7552: 0.000132398
7553: 0.00013238
7554: 0.000132363
7555: 0.000132345
7556: 0.000132328
7557: 0.00013231
7558: 0.000132293
7559: 0.000132275
7560: 0.000132258
7561: 0.00013224
7562: 0.000132223
7563: 0.000132205
7564: 0.000132188
7565: 0.00013217
7566: 0.000132153
7567: 0.000132135
7568: 0.000132118
7569: 0.0001321
7570: 0.000132083
7571: 0.000132066
7572: 0.000132048
7573: 0.000132031
7574: 0.000132013
7575: 0.000131996
7576: 0.000131978
7577: 0.000131961
7578: 0.000131944
7579: 0.000131926
7580: 0.000131909
7581: 0.000131891
7582: 0.000131874
7583: 0.000131857
7584: 0.000131839
7585: 0.000131822
7586: 0.000131804
7587: 0.000131787
7588: 0.00013177
7589: 0.000131752
7590: 0.000131735
7591: 0.000131718
7592: 0.0001317
7593: 0.000131683
7594: 0.000131666
7595: 0.000131648
7596: 0.000131631
7597: 0.000131614
7598: 0.000131596
7599: 0.000131579
7600: 0.000131562
7601: 0.000131544
7602: 0.000131527
7603: 0.00013151
7604: 0.000131492
7605: 0.000131475
7606: 0.000131458
7607: 0.000131441
7608: 0.000131423
7609: 0.000131406
7610: 0.000131389
7611: 0.000131372
7612: 0.000131354
7613: 0.000131337
7614: 0.00013132
7615: 0.000131303
7616: 0.000131285
7617: 0.000131268
7618: 0.000131251
7619: 0.000131234
7620: 0.000131216
7621: 0.000131199
7622: 0.000131182
7623: 0.000131165
7624: 0.000131148
7625: 0.00013113
7626: 0.000131113
7627: 0.000131096
7628: 0.000131079
7629: 0.000131062
7630: 0.000131044
7631: 0.000131027
7632: 0.00013101
7633: 0.000130993
7634: 0.000130976
7635: 0.000130959
7636: 0.000130941
7637: 0.000130924
7638: 0.000130907
7639: 0.00013089
7640: 0.000130873
7641: 0.000130856
7642: 0.000130839
7643: 0.000130822
7644: 0.000130804
7645: 0.000130787
7646: 0.00013077
7647: 0.000130753
7648: 0.000130736
7649: 0.000130719
7650: 0.000130702
7651: 0.000130685
7652: 0.000130668
7653: 0.000130651
7654: 0.000130634
7655: 0.000130617
7656: 0.000130599
7657: 0.000130582
7658: 0.000130565
7659: 0.000130548
7660: 0.000130531
7661: 0.000130514
7662: 0.000130497
7663: 0.00013048
7664: 0.000130463
7665: 0.000130446
7666: 0.000130429
7667: 0.000130412
7668: 0.000130395
7669: 0.000130378
7670: 0.000130361
7671: 0.000130344
7672: 0.000130327
7673: 0.00013031
7674: 0.000130293
7675: 0.000130276
7676: 0.000130259
7677: 0.000130242
7678: 0.000130225
7679: 0.000130208
7680: 0.000130191
7681: 0.000130174
7682: 0.000130157
7683: 0.000130141
7684: 0.000130124
7685: 0.000130107
7686: 0.00013009
7687: 0.000130073
7688: 0.000130056
7689: 0.000130039
7690: 0.000130022
7691: 0.000130005
7692: 0.000129988
7693: 0.000129971
7694: 0.000129955
7695: 0.000129938
7696: 0.000129921
7697: 0.000129904
7698: 0.000129887
7699: 0.00012987
7700: 0.000129853
7701: 0.000129836
7702: 0.00012982
7703: 0.000129803
7704: 0.000129786
7705: 0.000129769
7706: 0.000129752
7707: 0.000129735
7708: 0.000129719
7709: 0.000129702
7710: 0.000129685
7711: 0.000129668
7712: 0.000129651
7713: 0.000129634
7714: 0.000129618
7715: 0.000129601
7716: 0.000129584
7717: 0.000129567
7718: 0.00012955
7719: 0.000129534
7720: 0.000129517
7721: 0.0001295
7722: 0.000129483
7723: 0.000129467
7724: 0.00012945
7725: 0.000129433
7726: 0.000129416
7727: 0.0001294
7728: 0.000129383
7729: 0.000129366
7730: 0.000129349
7731: 0.000129333
7732: 0.000129316
7733: 0.000129299
7734: 0.000129282
7735: 0.000129266
7736: 0.000129249
7737: 0.000129232
7738: 0.000129216
7739: 0.000129199
7740: 0.000129182
7741: 0.000129166
7742: 0.000129149
7743: 0.000129132
7744: 0.000129116
7745: 0.000129099
7746: 0.000129082
7747: 0.000129066
7748: 0.000129049
7749: 0.000129032
7750: 0.000129016
7751: 0.000128999
7752: 0.000128982
7753: 0.000128966
7754: 0.000128949
7755: 0.000128932
7756: 0.000128916
7757: 0.000128899
7758: 0.000128883
7759: 0.000128866
7760: 0.000128849
7761: 0.000128833
7762: 0.000128816
7763: 0.0001288
7764: 0.000128783
7765: 0.000128766
7766: 0.00012875
7767: 0.000128733
7768: 0.000128717
7769: 0.0001287
7770: 0.000128684
7771: 0.000128667
7772: 0.00012865
7773: 0.000128634
7774: 0.000128617
7775: 0.000128601
7776: 0.000128584
7777: 0.000128568
7778: 0.000128551
7779: 0.000128535
7780: 0.000128518
7781: 0.000128502
7782: 0.000128485
7783: 0.000128469
7784: 0.000128452
7785: 0.000128436
7786: 0.000128419
7787: 0.000128403
7788: 0.000128386
7789: 0.00012837
7790: 0.000128353
7791: 0.000128337
7792: 0.00012832
7793: 0.000128304
7794: 0.000128287
7795: 0.000128271
7796: 0.000128254
7797: 0.000128238
7798: 0.000128222
7799: 0.000128205
7800: 0.000128189
7801: 0.000128172
7802: 0.000128156
7803: 0.000128139
7804: 0.000128123
7805: 0.000128107
7806: 0.00012809
7807: 0.000128074
7808: 0.000128057
7809: 0.000128041
7810: 0.000128025
7811: 0.000128008
7812: 0.000127992
7813: 0.000127975
7814: 0.000127959
7815: 0.000127943
7816: 0.000127926
7817: 0.00012791
7818: 0.000127894
7819: 0.000127877
7820: 0.000127861
7821: 0.000127845
7822: 0.000127828
7823: 0.000127812
7824: 0.000127796
7825: 0.000127779
7826: 0.000127763
7827: 0.000127747
7828: 0.00012773
7829: 0.000127714
7830: 0.000127698
7831: 0.000127681
7832: 0.000127665
7833: 0.000127649
7834: 0.000127632
7835: 0.000127616
7836: 0.0001276
7837: 0.000127584
7838: 0.000127567
7839: 0.000127551
7840: 0.000127535
7841: 0.000127518
7842: 0.000127502
7843: 0.000127486
7844: 0.00012747
7845: 0.000127453
7846: 0.000127437
7847: 0.000127421
7848: 0.000127405
7849: 0.000127389
7850: 0.000127372
7851: 0.000127356
7852: 0.00012734
7853: 0.000127324
7854: 0.000127307
7855: 0.000127291
7856: 0.000127275
7857: 0.000127259
7858: 0.000127243
7859: 0.000127226
7860: 0.00012721
7861: 0.000127194
7862: 0.000127178
7863: 0.000127162
7864: 0.000127146
7865: 0.000127129
7866: 0.000127113
7867: 0.000127097
7868: 0.000127081
7869: 0.000127065
7870: 0.000127049
7871: 0.000127033
7872: 0.000127016
7873: 0.000127
7874: 0.000126984
7875: 0.000126968
7876: 0.000126952
7877: 0.000126936
7878: 0.00012692
7879: 0.000126904
7880: 0.000126887
7881: 0.000126871
7882: 0.000126855
7883: 0.000126839
7884: 0.000126823
7885: 0.000126807
7886: 0.000126791
7887: 0.000126775
7888: 0.000126759
7889: 0.000126743
7890: 0.000126727
7891: 0.000126711
7892: 0.000126695
7893: 0.000126678
7894: 0.000126662
7895: 0.000126646
7896: 0.00012663
7897: 0.000126614
7898: 0.000126598
7899: 0.000126582
7900: 0.000126566
7901: 0.00012655
7902: 0.000126534
7903: 0.000126518
7904: 0.000126502
7905: 0.000126486
7906: 0.00012647
7907: 0.000126454
7908: 0.000126438
7909: 0.000126422
7910: 0.000126406
7911: 0.00012639
7912: 0.000126374
7913: 0.000126358
7914: 0.000126342
7915: 0.000126326
7916: 0.00012631
7917: 0.000126295
7918: 0.000126279
7919: 0.000126263
7920: 0.000126247
7921: 0.000126231
7922: 0.000126215
7923: 0.000126199
7924: 0.000126183
7925: 0.000126167
7926: 0.000126151
7927: 0.000126135
7928: 0.000126119
7929: 0.000126103
7930: 0.000126088
7931: 0.000126072
7932: 0.000126056
7933: 0.00012604
7934: 0.000126024
7935: 0.000126008
7936: 0.000125992
7937: 0.000125976
7938: 0.00012596
7939: 0.000125945
7940: 0.000125929
7941: 0.000125913
7942: 0.000125897
7943: 0.000125881
7944: 0.000125865
7945: 0.000125849
7946: 0.000125834
7947: 0.000125818
7948: 0.000125802
7949: 0.000125786
7950: 0.00012577
7951: 0.000125755
7952: 0.000125739
7953: 0.000125723
7954: 0.000125707
7955: 0.000125691
7956: 0.000125676
7957: 0.00012566
7958: 0.000125644
7959: 0.000125628
7960: 0.000125612
7961: 0.000125597
7962: 0.000125581
7963: 0.000125565
7964: 0.000125549
7965: 0.000125534
7966: 0.000125518
7967: 0.000125502
7968: 0.000125486
7969: 0.000125471
7970: 0.000125455
7971: 0.000125439
7972: 0.000125423
7973: 0.000125408
7974: 0.000125392
7975: 0.000125376
7976: 0.00012536
7977: 0.000125345
7978: 0.000125329
7979: 0.000125313
7980: 0.000125298
7981: 0.000125282
7982: 0.000125266
7983: 0.000125251
7984: 0.000125235
7985: 0.000125219
7986: 0.000125203
7987: 0.000125188
7988: 0.000125172
7989: 0.000125156
7990: 0.000125141
7991: 0.000125125
7992: 0.000125109
7993: 0.000125094
7994: 0.000125078
7995: 0.000125063
7996: 0.000125047
7997: 0.000125031
7998: 0.000125016
7999: 0.000125
8000: 0.000124984
8001: 0.000124969
8002: 0.000124953
8003: 0.000124938
8004: 0.000124922
8005: 0.000124906
8006: 0.000124891
8007: 0.000124875
8008: 0.00012486
8009: 0.000124844
8010: 0.000124828
8011: 0.000124813
8012: 0.000124797
8013: 0.000124782
8014: 0.000124766
8015: 0.00012475
8016: 0.000124735
8017: 0.000124719
8018: 0.000124704
8019: 0.000124688
8020: 0.000124673
8021: 0.000124657
8022: 0.000124642
8023: 0.000124626
8024: 0.000124611
8025: 0.000124595
8026: 0.00012458
8027: 0.000124564
8028: 0.000124549
8029: 0.000124533
8030: 0.000124517
8031: 0.000124502
8032: 0.000124486
8033: 0.000124471
8034: 0.000124456
8035: 0.00012444
8036: 0.000124425
8037: 0.000124409
8038: 0.000124394
8039: 0.000124378
8040: 0.000124363
8041: 0.000124347
8042: 0.000124332
8043: 0.000124316
8044: 0.000124301
8045: 0.000124285
8046: 0.00012427
8047: 0.000124254
8048: 0.000124239
8049: 0.000124224
8050: 0.000124208
8051: 0.000124193
8052: 0.000124177
8053: 0.000124162
8054: 0.000124146
8055: 0.000124131
8056: 0.000124116
8057: 0.0001241
8058: 0.000124085
8059: 0.000124069
8060: 0.000124054
8061: 0.000124039
8062: 0.000124023
8063: 0.000124008
8064: 0.000123993
8065: 0.000123977
8066: 0.000123962
8067: 0.000123946
8068: 0.000123931
8069: 0.000123916
8070: 0.0001239
8071: 0.000123885
8072: 0.00012387
8073: 0.000123854
8074: 0.000123839
8075: 0.000123824
8076: 0.000123808
8077: 0.000123793
8078: 0.000123778
8079: 0.000123762
8080: 0.000123747
8081: 0.000123732
8082: 0.000123716
8083: 0.000123701
8084: 0.000123686
8085: 0.000123671
8086: 0.000123655
8087: 0.00012364
8088: 0.000123625
8089: 0.000123609
8090: 0.000123594
8091: 0.000123579
8092: 0.000123564
8093: 0.000123548
8094: 0.000123533
8095: 0.000123518
8096: 0.000123503
8097: 0.000123487
8098: 0.000123472
8099: 0.000123457
8100: 0.000123442
8101: 0.000123426
8102: 0.000123411
8103: 0.000123396
8104: 0.000123381
8105: 0.000123365
8106: 0.00012335
8107: 0.000123335
8108: 0.00012332
8109: 0.000123305
8110: 0.000123289
8111: 0.000123274
8112: 0.000123259
8113: 0.000123244
8114: 0.000123229
8115: 0.000123213
8116: 0.000123198
8117: 0.000123183
8118: 0.000123168
8119: 0.000123153
8120: 0.000123138
8121: 0.000123122
8122: 0.000123107
8123: 0.000123092
8124: 0.000123077
8125: 0.000123062
8126: 0.000123047
8127: 0.000123031
8128: 0.000123016
8129: 0.000123001
8130: 0.000122986
8131: 0.000122971
8132: 0.000122956
8133: 0.000122941
8134: 0.000122926
8135: 0.000122911
8136: 0.000122895
8137: 0.00012288
8138: 0.000122865
8139: 0.00012285
8140: 0.000122835
8141: 0.00012282
8142: 0.000122805
8143: 0.00012279
8144: 0.000122775
8145: 0.00012276
8146: 0.000122745
8147: 0.00012273
8148: 0.000122714
8149: 0.000122699
8150: 0.000122684
8151: 0.000122669
8152: 0.000122654
8153: 0.000122639
8154: 0.000122624
8155: 0.000122609
8156: 0.000122594
8157: 0.000122579
8158: 0.000122564
8159: 0.000122549
8160: 0.000122534
8161: 0.000122519
8162: 0.000122504
8163: 0.000122489
8164: 0.000122474
8165: 0.000122459
8166: 0.000122444
8167: 0.000122429
8168: 0.000122414
8169: 0.000122399
8170: 0.000122384
8171: 0.000122369
8172: 0.000122354
8173: 0.000122339
8174: 0.000122324
8175: 0.000122309
8176: 0.000122294
8177: 0.000122279
8178: 0.000122264
8179: 0.000122249
8180: 0.000122234
8181: 0.00012222
8182: 0.000122205
8183: 0.00012219
8184: 0.000122175
8185: 0.00012216
8186: 0.000122145
8187: 0.00012213
8188: 0.000122115
8189: 0.0001221
8190: 0.000122085
8191: 0.00012207
8192: 0.000122055
8193: 0.000122041
8194: 0.000122026
8195: 0.000122011
8196: 0.000121996
8197: 0.000121981
8198: 0.000121966
8199: 0.000121951
8200: 0.000121936
8201: 0.000121921
8202: 0.000121907
8203: 0.000121892
8204: 0.000121877
8205: 0.000121862
8206: 0.000121847
8207: 0.000121832
8208: 0.000121818
8209: 0.000121803
8210: 0.000121788
8211: 0.000121773
8212: 0.000121758
8213: 0.000121743
8214: 0.000121729
8215: 0.000121714
8216: 0.000121699
8217: 0.000121684
8218: 0.000121669
8219: 0.000121655
8220: 0.00012164
8221: 0.000121625
8222: 0.00012161
8223: 0.000121595
8224: 0.000121581
8225: 0.000121566
8226: 0.000121551
8227: 0.000121536
8228: 0.000121521
8229: 0.000121507
8230: 0.000121492
8231: 0.000121477
8232: 0.000121462
8233: 0.000121448
8234: 0.000121433
8235: 0.000121418
8236: 0.000121403
8237: 0.000121389
8238: 0.000121374
8239: 0.000121359
8240: 0.000121344
8241: 0.00012133
8242: 0.000121315
8243: 0.0001213
8244: 0.000121286
8245: 0.000121271
8246: 0.000121256
8247: 0.000121242
8248: 0.000121227
8249: 0.000121212
8250: 0.000121197
8251: 0.000121183
8252: 0.000121168
8253: 0.000121153
8254: 0.000121139
8255: 0.000121124
8256: 0.000121109
8257: 0.000121095
8258: 0.00012108
8259: 0.000121065
8260: 0.000121051
8261: 0.000121036
8262: 0.000121021
8263: 0.000121007
8264: 0.000120992
8265: 0.000120977
8266: 0.000120963
8267: 0.000120948
8268: 0.000120934
8269: 0.000120919
8270: 0.000120904
8271: 0.00012089
8272: 0.000120875
8273: 0.000120861
8274: 0.000120846
8275: 0.000120831
8276: 0.000120817
8277: 0.000120802
8278: 0.000120788
8279: 0.000120773
8280: 0.000120758
8281: 0.000120744
8282: 0.000120729
8283: 0.000120715
8284: 0.0001207
8285: 0.000120685
8286: 0.000120671
8287: 0.000120656
8288: 0.000120642
8289: 0.000120627
8290: 0.000120613
8291: 0.000120598
8292: 0.000120584
8293: 0.000120569
8294: 0.000120555
8295: 0.00012054
8296: 0.000120525
8297: 0.000120511
8298: 0.000120496
8299: 0.000120482
8300: 0.000120467
8301: 0.000120453
8302: 0.000120438
8303: 0.000120424
8304: 0.000120409
8305: 0.000120395
8306: 0.00012038
8307: 0.000120366
8308: 0.000120351
8309: 0.000120337
8310: 0.000120322
8311: 0.000120308
8312: 0.000120294
8313: 0.000120279
8314: 0.000120265
8315: 0.00012025
8316: 0.000120236
8317: 0.000120221
8318: 0.000120207
8319: 0.000120192
8320: 0.000120178
8321: 0.000120163
8322: 0.000120149
8323: 0.000120135
8324: 0.00012012
8325: 0.000120106
8326: 0.000120091
8327: 0.000120077
8328: 0.000120062
8329: 0.000120048
8330: 0.000120034
8331: 0.000120019
8332: 0.000120005
8333: 0.00011999
8334: 0.000119976
8335: 0.000119962
8336: 0.000119947
8337: 0.000119933
8338: 0.000119918
8339: 0.000119904
8340: 0.00011989
8341: 0.000119875
8342: 0.000119861
8343: 0.000119847
8344: 0.000119832
8345: 0.000119818
8346: 0.000119804
8347: 0.000119789
8348: 0.000119775
8349: 0.00011976
8350: 0.000119746
8351: 0.000119732
8352: 0.000119717
8353: 0.000119703
8354: 0.000119689
8355: 0.000119674
8356: 0.00011966
8357: 0.000119646
8358: 0.000119632
8359: 0.000119617
8360: 0.000119603
8361: 0.000119589
8362: 0.000119574
8363: 0.00011956
8364: 0.000119546
8365: 0.000119531
8366: 0.000119517
8367: 0.000119503
8368: 0.000119489
8369: 0.000119474
8370: 0.00011946
8371: 0.000119446
8372: 0.000119432
8373: 0.000119417
8374: 0.000119403
8375: 0.000119389
8376: 0.000119374
8377: 0.00011936
8378: 0.000119346
8379: 0.000119332
8380: 0.000119318
8381: 0.000119303
8382: 0.000119289
8383: 0.000119275
8384: 0.000119261
8385: 0.000119246
8386: 0.000119232
8387: 0.000119218
8388: 0.000119204
8389: 0.00011919
8390: 0.000119175
8391: 0.000119161
8392: 0.000119147
8393: 0.000119133
8394: 0.000119119
8395: 0.000119104
8396: 0.00011909
8397: 0.000119076
8398: 0.000119062
8399: 0.000119048
8400: 0.000119033
8401: 0.000119019
8402: 0.000119005
8403: 0.000118991
8404: 0.000118977
8405: 0.000118963
8406: 0.000118948
8407: 0.000118934
8408: 0.00011892
8409: 0.000118906
8410: 0.000118892
8411: 0.000118878
8412: 0.000118864
8413: 0.00011885
8414: 0.000118835
8415: 0.000118821
8416: 0.000118807
8417: 0.000118793
8418: 0.000118779
8419: 0.000118765
8420: 0.000118751
8421: 0.000118737
8422: 0.000118723
8423: 0.000118708
8424: 0.000118694
8425: 0.00011868
8426: 0.000118666
8427: 0.000118652
8428: 0.000118638
8429: 0.000118624
8430: 0.00011861
8431: 0.000118596
8432: 0.000118582
8433: 0.000118568
8434: 0.000118554
8435: 0.00011854
8436: 0.000118526
8437: 0.000118511
8438: 0.000118497
8439: 0.000118483
8440: 0.000118469
8441: 0.000118455
8442: 0.000118441
8443: 0.000118427
8444: 0.000118413
8445: 0.000118399
8446: 0.000118385
8447: 0.000118371
8448: 0.000118357
8449: 0.000118343
8450: 0.000118329
8451: 0.000118315
8452: 0.000118301
8453: 0.000118287
8454: 0.000118273
8455: 0.000118259
8456: 0.000118245
8457: 0.000118231
8458: 0.000118217
8459: 0.000118203
8460: 0.000118189
8461: 0.000118175
8462: 0.000118161
8463: 0.000118147
8464: 0.000118133
8465: 0.00011812
8466: 0.000118106
8467: 0.000118092
8468: 0.000118078
8469: 0.000118064
8470: 0.00011805
8471: 0.000118036
8472: 0.000118022
8473: 0.000118008
8474: 0.000117994
8475: 0.00011798
8476: 0.000117966
8477: 0.000117952
8478: 0.000117938
8479: 0.000117925
8480: 0.000117911
8481: 0.000117897
8482: 0.000117883
8483: 0.000117869
8484: 0.000117855
8485: 0.000117841
8486: 0.000117827
8487: 0.000117813
8488: 0.0001178
8489: 0.000117786
8490: 0.000117772
8491: 0.000117758
8492: 0.000117744
8493: 0.00011773
8494: 0.000117716
8495: 0.000117702
8496: 0.000117689
8497: 0.000117675
8498: 0.000117661
8499: 0.000117647
8500: 0.000117633
8501: 0.000117619
8502: 0.000117606
8503: 0.000117592
8504: 0.000117578
8505: 0.000117564
8506: 0.00011755
8507: 0.000117536
8508: 0.000117523
8509: 0.000117509
8510: 0.000117495
8511: 0.000117481
8512: 0.000117467
8513: 0.000117454
8514: 0.00011744
8515: 0.000117426
8516: 0.000117412
8517: 0.000117398
8518: 0.000117385
8519: 0.000117371
8520: 0.000117357
8521: 0.000117343
8522: 0.00011733
8523: 0.000117316
8524: 0.000117302
8525: 0.000117288
8526: 0.000117275
8527: 0.000117261
8528: 0.000117247
8529: 0.000117233
8530: 0.00011722
8531: 0.000117206
8532: 0.000117192
8533: 0.000117178
8534: 0.000117165
8535: 0.000117151
8536: 0.000117137
8537: 0.000117123
8538: 0.00011711
8539: 0.000117096
8540: 0.000117082
8541: 0.000117069
8542: 0.000117055
8543: 0.000117041
8544: 0.000117028
8545: 0.000117014
8546: 0.000117
8547: 0.000116986
8548: 0.000116973
8549: 0.000116959
8550: 0.000116945
8551: 0.000116932
8552: 0.000116918
8553: 0.000116904
8554: 0.000116891
8555: 0.000116877
8556: 0.000116863
8557: 0.00011685
8558: 0.000116836
8559: 0.000116822
8560: 0.000116809
8561: 0.000116795
8562: 0.000116782
8563: 0.000116768
8564: 0.000116754
8565: 0.000116741
8566: 0.000116727
8567: 0.000116713
8568: 0.0001167
8569: 0.000116686
8570: 0.000116673
8571: 0.000116659
8572: 0.000116645
8573: 0.000116632
8574: 0.000116618
8575: 0.000116604
8576: 0.000116591
8577: 0.000116577
8578: 0.000116564
8579: 0.00011655
8580: 0.000116537
8581: 0.000116523
8582: 0.000116509
8583: 0.000116496
8584: 0.000116482
8585: 0.000116469
8586: 0.000116455
8587: 0.000116442
8588: 0.000116428
8589: 0.000116414
8590: 0.000116401
8591: 0.000116387
8592: 0.000116374
8593: 0.00011636
8594: 0.000116347
8595: 0.000116333
8596: 0.00011632
8597: 0.000116306
8598: 0.000116293
8599: 0.000116279
8600: 0.000116266
8601: 0.000116252
8602: 0.000116239
8603: 0.000116225
8604: 0.000116212
8605: 0.000116198
8606: 0.000116185
8607: 0.000116171
8608: 0.000116158
8609: 0.000116144
8610: 0.000116131
8611: 0.000116117
8612: 0.000116104
8613: 0.00011609
8614: 0.000116077
8615: 0.000116063
8616: 0.00011605
8617: 0.000116036
8618: 0.000116023
8619: 0.000116009
8620: 0.000115996
8621: 0.000115982
8622: 0.000115969
8623: 0.000115955
8624: 0.000115942
8625: 0.000115929
8626: 0.000115915
8627: 0.000115902
8628: 0.000115888
8629: 0.000115875
8630: 0.000115861
8631: 0.000115848
8632: 0.000115835
8633: 0.000115821
8634: 0.000115808
8635: 0.000115794
8636: 0.000115781
8637: 0.000115768
8638: 0.000115754
8639: 0.000115741
8640: 0.000115727
8641: 0.000115714
8642: 0.000115701
8643: 0.000115687
8644: 0.000115674
8645: 0.00011566
8646: 0.000115647
8647: 0.000115634
8648: 0.00011562
8649: 0.000115607
8650: 0.000115594
8651: 0.00011558
8652: 0.000115567
8653: 0.000115554
8654: 0.00011554
8655: 0.000115527
8656: 0.000115513
8657: 0.0001155
8658: 0.000115487
8659: 0.000115473
8660: 0.00011546
8661: 0.000115447
8662: 0.000115433
8663: 0.00011542
8664: 0.000115407
8665: 0.000115393
8666: 0.00011538
8667: 0.000115367
8668: 0.000115354
8669: 0.00011534
8670: 0.000115327
8671: 0.000115314
8672: 0.0001153
8673: 0.000115287
8674: 0.000115274
8675: 0.00011526
8676: 0.000115247
8677: 0.000115234
8678: 0.000115221
8679: 0.000115207
8680: 0.000115194
8681: 0.000115181
8682: 0.000115168
8683: 0.000115154
8684: 0.000115141
8685: 0.000115128
8686: 0.000115115
8687: 0.000115101
8688: 0.000115088
8689: 0.000115075
8690: 0.000115062
8691: 0.000115048
8692: 0.000115035
8693: 0.000115022
8694: 0.000115009
8695: 0.000114995
8696: 0.000114982
8697: 0.000114969
8698: 0.000114956
8699: 0.000114943
8700: 0.000114929
8701: 0.000114916
8702: 0.000114903
8703: 0.00011489
8704: 0.000114877
8705: 0.000114863
8706: 0.00011485
8707: 0.000114837
8708: 0.000114824
8709: 0.000114811
8710: 0.000114797
8711: 0.000114784
8712: 0.000114771
8713: 0.000114758
8714: 0.000114745
8715: 0.000114732
8716: 0.000114718
8717: 0.000114705
8718: 0.000114692
8719: 0.000114679
8720: 0.000114666
8721: 0.000114653
8722: 0.000114639
8723: 0.000114626
8724: 0.000114613
8725: 0.0001146
8726: 0.000114587
8727: 0.000114574
8728: 0.000114561
8729: 0.000114548
8730: 0.000114534
8731: 0.000114521
8732: 0.000114508
8733: 0.000114495
8734: 0.000114482
8735: 0.000114469
8736: 0.000114456
8737: 0.000114443
8738: 0.00011443
8739: 0.000114416
8740: 0.000114403
8741: 0.00011439
8742: 0.000114377
8743: 0.000114364
8744: 0.000114351
8745: 0.000114338
8746: 0.000114325
8747: 0.000114312
8748: 0.000114299
8749: 0.000114286
8750: 0.000114273
8751: 0.00011426
8752: 0.000114247
8753: 0.000114233
8754: 0.00011422
8755: 0.000114207
8756: 0.000114194
8757: 0.000114181
8758: 0.000114168
8759: 0.000114155
8760: 0.000114142
8761: 0.000114129
8762: 0.000114116
8763: 0.000114103
8764: 0.00011409
8765: 0.000114077
8766: 0.000114064
8767: 0.000114051
8768: 0.000114038
8769: 0.000114025
8770: 0.000114012
8771: 0.000113999
8772: 0.000113986
8773: 0.000113973
8774: 0.00011396
8775: 0.000113947
8776: 0.000113934
8777: 0.000113921
8778: 0.000113908
8779: 0.000113895
8780: 0.000113882
8781: 0.000113869
8782: 0.000113856
8783: 0.000113843
8784: 0.00011383
8785: 0.000113817
8786: 0.000113804
8787: 0.000113792
8788: 0.000113779
8789: 0.000113766
8790: 0.000113753
8791: 0.00011374
8792: 0.000113727
8793: 0.000113714
8794: 0.000113701
8795: 0.000113688
8796: 0.000113675
8797: 0.000113662
8798: 0.000113649
8799: 0.000113636
8800: 0.000113623
8801: 0.000113611
8802: 0.000113598
8803: 0.000113585
8804: 0.000113572
8805: 0.000113559
8806: 0.000113546
8807: 0.000113533
8808: 0.00011352
8809: 0.000113507
8810: 0.000113494
8811: 0.000113482
8812: 0.000113469
8813: 0.000113456
8814: 0.000113443
8815: 0.00011343
8816: 0.000113417
8817: 0.000113404
8818: 0.000113392
8819: 0.000113379
8820: 0.000113366
8821: 0.000113353
8822: 0.00011334
8823: 0.000113327
8824: 0.000113314
8825: 0.000113302
8826: 0.000113289
8827: 0.000113276
8828: 0.000113263
8829: 0.00011325
8830: 0.000113237
8831: 0.000113225
8832: 0.000113212
8833: 0.000113199
8834: 0.000113186
8835: 0.000113173
8836: 0.000113161
8837: 0.000113148
8838: 0.000113135
8839: 0.000113122
8840: 0.000113109
8841: 0.000113097
8842: 0.000113084
8843: 0.000113071
8844: 0.000113058
8845: 0.000113045
8846: 0.000113033
8847: 0.00011302
8848: 0.000113007
8849: 0.000112994
8850: 0.000112982
8851: 0.000112969
8852: 0.000112956
8853: 0.000112943
8854: 0.000112931
8855: 0.000112918
8856: 0.000112905
8857: 0.000112892
8858: 0.00011288
8859: 0.000112867
8860: 0.000112854
8861: 0.000112841
8862: 0.000112829
8863: 0.000112816
8864: 0.000112803
8865: 0.00011279
8866: 0.000112778
8867: 0.000112765
8868: 0.000112752
8869: 0.00011274
8870: 0.000112727
8871: 0.000112714
8872: 0.000112701
8873: 0.000112689
8874: 0.000112676
8875: 0.000112663
8876: 0.000112651
8877: 0.000112638
8878: 0.000112625
8879: 0.000112613
8880: 0.0001126
8881: 0.000112587
8882: 0.000112575
8883: 0.000112562
8884: 0.000112549
8885: 0.000112537
8886: 0.000112524
8887: 0.000112511
8888: 0.000112499
8889: 0.000112486
8890: 0.000112473
8891: 0.000112461
8892: 0.000112448
8893: 0.000112435
8894: 0.000112423
8895: 0.00011241
8896: 0.000112397
8897: 0.000112385
8898: 0.000112372
8899: 0.00011236
8900: 0.000112347
8901: 0.000112334
8902: 0.000112322
8903: 0.000112309
8904: 0.000112296
8905: 0.000112284
8906: 0.000112271
8907: 0.000112259
8908: 0.000112246
8909: 0.000112233
8910: 0.000112221
8911: 0.000112208
8912: 0.000112196
8913: 0.000112183
8914: 0.00011217
8915: 0.000112158
8916: 0.000112145
8917: 0.000112133
8918: 0.00011212
8919: 0.000112108
8920: 0.000112095
8921: 0.000112082
8922: 0.00011207
8923: 0.000112057
8924: 0.000112045
8925: 0.000112032
8926: 0.00011202
8927: 0.000112007
8928: 0.000111995
8929: 0.000111982
8930: 0.00011197
8931: 0.000111957
8932: 0.000111944
8933: 0.000111932
8934: 0.000111919
8935: 0.000111907
8936: 0.000111894
8937: 0.000111882
8938: 0.000111869
8939: 0.000111857
8940: 0.000111844
8941: 0.000111832
8942: 0.000111819
8943: 0.000111807
8944: 0.000111794
8945: 0.000111782
8946: 0.000111769
8947: 0.000111757
8948: 0.000111744
8949: 0.000111732
8950: 0.000111719
8951: 0.000111707
8952: 0.000111694
8953: 0.000111682
8954: 0.000111669
8955: 0.000111657
8956: 0.000111645
8957: 0.000111632
8958: 0.00011162
8959: 0.000111607
8960: 0.000111595
8961: 0.000111582
8962: 0.00011157
8963: 0.000111557
8964: 0.000111545
8965: 0.000111532
8966: 0.00011152
8967: 0.000111508
8968: 0.000111495
8969: 0.000111483
8970: 0.00011147
8971: 0.000111458
8972: 0.000111445
8973: 0.000111433
8974: 0.000111421
8975: 0.000111408
8976: 0.000111396
8977: 0.000111383
8978: 0.000111371
8979: 0.000111359
8980: 0.000111346
8981: 0.000111334
8982: 0.000111321
8983: 0.000111309
8984: 0.000111297
8985: 0.000111284
8986: 0.000111272
8987: 0.000111259
8988: 0.000111247
8989: 0.000111235
8990: 0.000111222
8991: 0.00011121
8992: 0.000111198
8993: 0.000111185
8994: 0.000111173
8995: 0.000111161
8996: 0.000111148
8997: 0.000111136
8998: 0.000111123
8999: 0.000111111
9000: 0.000111099
9001: 0.000111086
9002: 0.000111074
9003: 0.000111062
9004: 0.000111049
9005: 0.000111037
9006: 0.000111025
9007: 0.000111012
9008: 0.000111
9009: 0.000110988
9010: 0.000110975
9011: 0.000110963
9012: 0.000110951
9013: 0.000110939
9014: 0.000110926
9015: 0.000110914
9016: 0.000110902
9017: 0.000110889
9018: 0.000110877
9019: 0.000110865
9020: 0.000110852
9021: 0.00011084
9022: 0.000110828
9023: 0.000110816
9024: 0.000110803
9025: 0.000110791
9026: 0.000110779
9027: 0.000110767
9028: 0.000110754
9029: 0.000110742
9030: 0.00011073
9031: 0.000110717
9032: 0.000110705
9033: 0.000110693
9034: 0.000110681
9035: 0.000110668
9036: 0.000110656
9037: 0.000110644
9038: 0.000110632
9039: 0.000110619
9040: 0.000110607
9041: 0.000110595
9042: 0.000110583
9043: 0.000110571
9044: 0.000110558
9045: 0.000110546
9046: 0.000110534
9047: 0.000110522
9048: 0.000110509
9049: 0.000110497
9050: 0.000110485
9051: 0.000110473
9052: 0.000110461
9053: 0.000110448
9054: 0.000110436
9055: 0.000110424
9056: 0.000110412
9057: 0.0001104
9058: 0.000110387
9059: 0.000110375
9060: 0.000110363
9061: 0.000110351
9062: 0.000110339
9063: 0.000110327
9064: 0.000110314
9065: 0.000110302
9066: 0.00011029
9067: 0.000110278
9068: 0.000110266
9069: 0.000110254
9070: 0.000110241
9071: 0.000110229
9072: 0.000110217
9073: 0.000110205
9074: 0.000110193
9075: 0.000110181
9076: 0.000110169
9077: 0.000110156
9078: 0.000110144
9079: 0.000110132
9080: 0.00011012
9081: 0.000110108
9082: 0.000110096
9083: 0.000110084
9084: 0.000110072
9085: 0.000110059
9086: 0.000110047
9087: 0.000110035
9088: 0.000110023
9089: 0.000110011
9090: 0.000109999
9091: 0.000109987
9092: 0.000109975
9093: 0.000109963
9094: 0.000109951
9095: 0.000109938
9096: 0.000109926
9097: 0.000109914
9098: 0.000109902
9099: 0.00010989
9100: 0.000109878
9101: 0.000109866
9102: 0.000109854
9103: 0.000109842
9104: 0.00010983
9105: 0.000109818
9106: 0.000109806
9107: 0.000109794
9108: 0.000109782
9109: 0.000109769
9110: 0.000109757
9111: 0.000109745
9112: 0.000109733
9113: 0.000109721
9114: 0.000109709
9115: 0.000109697
9116: 0.000109685
9117: 0.000109673
9118: 0.000109661
9119: 0.000109649
9120: 0.000109637
9121: 0.000109625
9122: 0.000109613
9123: 0.000109601
9124: 0.000109589
9125: 0.000109577
9126: 0.000109565
9127: 0.000109553
9128: 0.000109541
9129: 0.000109529
9130: 0.000109517
9131: 0.000109505
9132: 0.000109493
9133: 0.000109481
9134: 0.000109469
9135: 0.000109457
9136: 0.000109445
9137: 0.000109433
9138: 0.000109421
9139: 0.000109409
9140: 0.000109397
9141: 0.000109385
9142: 0.000109373
9143: 0.000109361
9144: 0.000109349
9145: 0.000109337
9146: 0.000109325
9147: 0.000109314
9148: 0.000109302
9149: 0.00010929
9150: 0.000109278
9151: 0.000109266
9152: 0.000109254
9153: 0.000109242
9154: 0.00010923
9155: 0.000109218
9156: 0.000109206
9157: 0.000109194
9158: 0.000109182
9159: 0.00010917
9160: 0.000109158
9161: 0.000109146
9162: 0.000109135
9163: 0.000109123
9164: 0.000109111
9165: 0.000109099
9166: 0.000109087
9167: 0.000109075
9168: 0.000109063
9169: 0.000109051
9170: 0.000109039
9171: 0.000109027
9172: 0.000109016
9173: 0.000109004
9174: 0.000108992
9175: 0.00010898
9176: 0.000108968
9177: 0.000108956
9178: 0.000108944
9179: 0.000108932
9180: 0.000108921
9181: 0.000108909
9182: 0.000108897
9183: 0.000108885
9184: 0.000108873
9185: 0.000108861
9186: 0.000108849
9187: 0.000108838
9188: 0.000108826
9189: 0.000108814
9190: 0.000108802
9191: 0.00010879
9192: 0.000108778
9193: 0.000108767
9194: 0.000108755
9195: 0.000108743
9196: 0.000108731
9197: 0.000108719
9198: 0.000108707
9199: 0.000108696
9200: 0.000108684
9201: 0.000108672
9202: 0.00010866
9203: 0.000108648
9204: 0.000108637
9205: 0.000108625
9206: 0.000108613
9207: 0.000108601
9208: 0.000108589
9209: 0.000108578
9210: 0.000108566
9211: 0.000108554
9212: 0.000108542
9213: 0.00010853
9214: 0.000108519
9215: 0.000108507
9216: 0.000108495
9217: 0.000108483
9218: 0.000108472
9219: 0.00010846
9220: 0.000108448
9221: 0.000108436
9222: 0.000108425
9223: 0.000108413
9224: 0.000108401
9225: 0.000108389
9226: 0.000108378
9227: 0.000108366
9228: 0.000108354
9229: 0.000108342
9230: 0.000108331
9231: 0.000108319
9232: 0.000108307
9233: 0.000108295
9234: 0.000108284
9235: 0.000108272
9236: 0.00010826
9237: 0.000108249
9238: 0.000108237
9239: 0.000108225
9240: 0.000108213
9241: 0.000108202
9242: 0.00010819
9243: 0.000108178
9244: 0.000108167
9245: 0.000108155
9246: 0.000108143
9247: 0.000108131
9248: 0.00010812
9249: 0.000108108
9250: 0.000108096
9251: 0.000108085
9252: 0.000108073
9253: 0.000108061
9254: 0.00010805
9255: 0.000108038
9256: 0.000108026
9257: 0.000108015
9258: 0.000108003
9259: 0.000107991
9260: 0.00010798
9261: 0.000107968
9262: 0.000107956
9263: 0.000107945
9264: 0.000107933
9265: 0.000107921
9266: 0.00010791
9267: 0.000107898
9268: 0.000107887
9269: 0.000107875
9270: 0.000107863
9271: 0.000107852
9272: 0.00010784
9273: 0.000107828
9274: 0.000107817
9275: 0.000107805
9276: 0.000107793
9277: 0.000107782
9278: 0.00010777
9279: 0.000107759
9280: 0.000107747
9281: 0.000107735
9282: 0.000107724
9283: 0.000107712
9284: 0.000107701
9285: 0.000107689
9286: 0.000107677
9287: 0.000107666
9288: 0.000107654
9289: 0.000107643
9290: 0.000107631
9291: 0.000107619
9292: 0.000107608
9293: 0.000107596
9294: 0.000107585
9295: 0.000107573
9296: 0.000107562
9297: 0.00010755
9298: 0.000107538
9299: 0.000107527
9300: 0.000107515
9301: 0.000107504
9302: 0.000107492
9303: 0.000107481
9304: 0.000107469
9305: 0.000107458
9306: 0.000107446
9307: 0.000107434
9308: 0.000107423
9309: 0.000107411
9310: 0.0001074
9311: 0.000107388
9312: 0.000107377
9313: 0.000107365
9314: 0.000107354
9315: 0.000107342
9316: 0.000107331
9317: 0.000107319
9318: 0.000107308
9319: 0.000107296
9320: 0.000107285
9321: 0.000107273
9322: 0.000107262
9323: 0.00010725
9324: 0.000107239
9325: 0.000107227
9326: 0.000107216
9327: 0.000107204
9328: 0.000107193
9329: 0.000107181
9330: 0.00010717
9331: 0.000107158
9332: 0.000107147
9333: 0.000107135
9334: 0.000107124
9335: 0.000107112
9336: 0.000107101
9337: 0.000107089
9338: 0.000107078
9339: 0.000107066
9340: 0.000107055
9341: 0.000107043
9342: 0.000107032
9343: 0.000107021
9344: 0.000107009
9345: 0.000106998
9346: 0.000106986
9347: 0.000106975
9348: 0.000106963
9349: 0.000106952
9350: 0.00010694
9351: 0.000106929
9352: 0.000106918
9353: 0.000106906
9354: 0.000106895
9355: 0.000106883
9356: 0.000106872
9357: 0.00010686
9358: 0.000106849
9359: 0.000106838
9360: 0.000106826
9361: 0.000106815
9362: 0.000106803
9363: 0.000106792
9364: 0.000106781
9365: 0.000106769
9366: 0.000106758
9367: 0.000106746
9368: 0.000106735
9369: 0.000106724
9370: 0.000106712
9371: 0.000106701
9372: 0.000106689
9373: 0.000106678
9374: 0.000106667
9375: 0.000106655
9376: 0.000106644
9377: 0.000106633
9378: 0.000106621
9379: 0.00010661
9380: 0.000106598
9381: 0.000106587
9382: 0.000106576
9383: 0.000106564
9384: 0.000106553
9385: 0.000106542
9386: 0.00010653
9387: 0.000106519
9388: 0.000106508
9389: 0.000106496
9390: 0.000106485
9391: 0.000106474
9392: 0.000106462
9393: 0.000106451
9394: 0.00010644
9395: 0.000106428
9396: 0.000106417
9397: 0.000106406
9398: 0.000106394
9399: 0.000106383
9400: 0.000106372
9401: 0.00010636
9402: 0.000106349
9403: 0.000106338
9404: 0.000106326
9405: 0.000106315
9406: 0.000106304
9407: 0.000106293
9408: 0.000106281
9409: 0.00010627
9410: 0.000106259
9411: 0.000106247
9412: 0.000106236
9413: 0.000106225
9414: 0.000106213
9415: 0.000106202
9416: 0.000106191
9417: 0.00010618
9418: 0.000106168
9419: 0.000106157
9420: 0.000106146
9421: 0.000106135
9422: 0.000106123
9423: 0.000106112
9424: 0.000106101
9425: 0.00010609
9426: 0.000106078
9427: 0.000106067
9428: 0.000106056
9429: 0.000106045
9430: 0.000106033
9431: 0.000106022
9432: 0.000106011
9433: 0.000106
9434: 0.000105988
9435: 0.000105977
9436: 0.000105966
9437: 0.000105955
9438: 0.000105943
9439: 0.000105932
9440: 0.000105921
9441: 0.00010591
9442: 0.000105899
9443: 0.000105887
9444: 0.000105876
9445: 0.000105865
9446: 0.000105854
9447: 0.000105843
9448: 0.000105831
9449: 0.00010582
9450: 0.000105809
9451: 0.000105798
9452: 0.000105787
9453: 0.000105775
9454: 0.000105764
9455: 0.000105753
9456: 0.000105742
9457: 0.000105731
9458: 0.000105719
9459: 0.000105708
9460: 0.000105697
9461: 0.000105686
9462: 0.000105675
9463: 0.000105664
9464: 0.000105652
9465: 0.000105641
9466: 0.00010563
9467: 0.000105619
9468: 0.000105608
9469: 0.000105597
9470: 0.000105585
9471: 0.000105574
9472: 0.000105563
9473: 0.000105552
9474: 0.000105541
9475: 0.00010553
9476: 0.000105519
9477: 0.000105507
9478: 0.000105496
9479: 0.000105485
9480: 0.000105474
9481: 0.000105463
9482: 0.000105452
9483: 0.000105441
9484: 0.00010543
9485: 0.000105419
9486: 0.000105407
9487: 0.000105396
9488: 0.000105385
9489: 0.000105374
9490: 0.000105363
9491: 0.000105352
9492: 0.000105341
9493: 0.00010533
9494: 0.000105319
9495: 0.000105307
9496: 0.000105296
9497: 0.000105285
9498: 0.000105274
9499: 0.000105263
9500: 0.000105252
9501: 0.000105241
9502: 0.00010523
9503: 0.000105219
9504: 0.000105208
9505: 0.000105197
9506: 0.000105186
9507: 0.000105175
9508: 0.000105164
9509: 0.000105152
9510: 0.000105141
9511: 0.00010513
9512: 0.000105119
9513: 0.000105108
9514: 0.000105097
9515: 0.000105086
9516: 0.000105075
9517: 0.000105064
9518: 0.000105053
9519: 0.000105042
9520: 0.000105031
9521: 0.00010502
9522: 0.000105009
9523: 0.000104998
9524: 0.000104987
9525: 0.000104976
9526: 0.000104965
9527: 0.000104954
9528: 0.000104943
9529: 0.000104932
9530: 0.000104921
9531: 0.00010491
9532: 0.000104899
9533: 0.000104888
9534: 0.000104877
9535: 0.000104866
9536: 0.000104855
9537: 0.000104844
9538: 0.000104833
9539: 0.000104822
9540: 0.000104811
9541: 0.0001048
9542: 0.000104789
9543: 0.000104778
9544: 0.000104767
9545: 0.000104756
9546: 0.000104745
9547: 0.000104734
9548: 0.000104723
9549: 0.000104712
9550: 0.000104701
9551: 0.00010469
9552: 0.000104679
9553: 0.000104668
9554: 0.000104657
9555: 0.000104646
9556: 0.000104635
9557: 0.000104624
9558: 0.000104613
9559: 0.000104603
9560: 0.000104592
9561: 0.000104581
9562: 0.00010457
9563: 0.000104559
9564: 0.000104548
9565: 0.000104537
9566: 0.000104526
9567: 0.000104515
9568: 0.000104504
9569: 0.000104493
9570: 0.000104482
9571: 0.000104471
9572: 0.00010446
9573: 0.00010445
9574: 0.000104439
9575: 0.000104428
9576: 0.000104417
9577: 0.000104406
9578: 0.000104395
9579: 0.000104384
9580: 0.000104373
9581: 0.000104362
9582: 0.000104351
9583: 0.000104341
9584: 0.00010433
9585: 0.000104319
9586: 0.000104308
9587: 0.000104297
9588: 0.000104286
9589: 0.000104275
9590: 0.000104264
9591: 0.000104254
9592: 0.000104243
9593: 0.000104232
9594: 0.000104221
9595: 0.00010421
9596: 0.000104199
9597: 0.000104188
9598: 0.000104178
9599: 0.000104167
9600: 0.000104156
9601: 0.000104145
9602: 0.000104134
9603: 0.000104123
9604: 0.000104112
9605: 0.000104102
9606: 0.000104091
9607: 0.00010408
9608: 0.000104069
9609: 0.000104058
9610: 0.000104047
9611: 0.000104037
9612: 0.000104026
9613: 0.000104015
9614: 0.000104004
9615: 0.000103993
9616: 0.000103983
9617: 0.000103972
9618: 0.000103961
9619: 0.00010395
9620: 0.000103939
9621: 0.000103928
9622: 0.000103918
9623: 0.000103907
9624: 0.000103896
9625: 0.000103885
9626: 0.000103875
9627: 0.000103864
9628: 0.000103853
9629: 0.000103842
9630: 0.000103831
9631: 0.000103821
9632: 0.00010381
9633: 0.000103799
9634: 0.000103788
9635: 0.000103778
9636: 0.000103767
9637: 0.000103756
9638: 0.000103745
9639: 0.000103734
9640: 0.000103724
9641: 0.000103713
9642: 0.000103702
9643: 0.000103691
9644: 0.000103681
9645: 0.00010367
9646: 0.000103659
9647: 0.000103648
9648: 0.000103638
9649: 0.000103627
9650: 0.000103616
9651: 0.000103605
9652: 0.000103595
9653: 0.000103584
9654: 0.000103573
9655: 0.000103563
9656: 0.000103552
9657: 0.000103541
9658: 0.00010353
9659: 0.00010352
9660: 0.000103509
9661: 0.000103498
9662: 0.000103488
9663: 0.000103477
9664: 0.000103466
9665: 0.000103455
9666: 0.000103445
9667: 0.000103434
9668: 0.000103423
9669: 0.000103413
9670: 0.000103402
9671: 0.000103391
9672: 0.000103381
9673: 0.00010337
9674: 0.000103359
9675: 0.000103348
9676: 0.000103338
9677: 0.000103327
9678: 0.000103316
9679: 0.000103306
9680: 0.000103295
9681: 0.000103284
9682: 0.000103274
9683: 0.000103263
9684: 0.000103252
9685: 0.000103242
9686: 0.000103231
9687: 0.00010322
9688: 0.00010321
9689: 0.000103199
9690: 0.000103189
9691: 0.000103178
9692: 0.000103167
9693: 0.000103157
9694: 0.000103146
9695: 0.000103135
9696: 0.000103125
9697: 0.000103114
9698: 0.000103103
9699: 0.000103093
9700: 0.000103082
9701: 0.000103072
9702: 0.000103061
9703: 0.00010305
9704: 0.00010304
9705: 0.000103029
9706: 0.000103018
9707: 0.000103008
9708: 0.000102997
9709: 0.000102987
9710: 0.000102976
9711: 0.000102965
9712: 0.000102955
9713: 0.000102944
9714: 0.000102934
9715: 0.000102923
9716: 0.000102912
9717: 0.000102902
9718: 0.000102891
9719: 0.000102881
9720: 0.00010287
9721: 0.000102859
9722: 0.000102849
9723: 0.000102838
9724: 0.000102828
9725: 0.000102817
9726: 0.000102807
9727: 0.000102796
9728: 0.000102785
9729: 0.000102775
9730: 0.000102764
9731: 0.000102754
9732: 0.000102743
9733: 0.000102733
9734: 0.000102722
9735: 0.000102712
9736: 0.000102701
9737: 0.00010269
9738: 0.00010268
9739: 0.000102669
9740: 0.000102659
9741: 0.000102648
9742: 0.000102638
9743: 0.000102627
9744: 0.000102617
9745: 0.000102606
9746: 0.000102596
9747: 0.000102585
9748: 0.000102575
9749: 0.000102564
9750: 0.000102554
9751: 0.000102543
9752: 0.000102533
9753: 0.000102522
9754: 0.000102512
9755: 0.000102501
9756: 0.000102491
9757: 0.00010248
9758: 0.00010247
9759: 0.000102459
9760: 0.000102449
9761: 0.000102438
9762: 0.000102428
9763: 0.000102417
9764: 0.000102407
9765: 0.000102396
9766: 0.000102386
9767: 0.000102375
9768: 0.000102365
9769: 0.000102354
9770: 0.000102344
9771: 0.000102333
9772: 0.000102323
9773: 0.000102312
9774: 0.000102302
9775: 0.000102291
9776: 0.000102281
9777: 0.00010227
9778: 0.00010226
9779: 0.000102249
9780: 0.000102239
9781: 0.000102229
9782: 0.000102218
9783: 0.000102208
9784: 0.000102197
9785: 0.000102187
9786: 0.000102176
9787: 0.000102166
9788: 0.000102155
9789: 0.000102145
9790: 0.000102135
9791: 0.000102124
9792: 0.000102114
9793: 0.000102103
9794: 0.000102093
9795: 0.000102082
9796: 0.000102072
9797: 0.000102062
9798: 0.000102051
9799: 0.000102041
9800: 0.00010203
9801: 0.00010202
9802: 0.00010201
9803: 0.000101999
9804: 0.000101989
9805: 0.000101978
9806: 0.000101968
9807: 0.000101958
9808: 0.000101947
9809: 0.000101937
9810: 0.000101926
9811: 0.000101916
9812: 0.000101906
9813: 0.000101895
9814: 0.000101885
9815: 0.000101874
9816: 0.000101864
9817: 0.000101854
9818: 0.000101843
9819: 0.000101833
9820: 0.000101823
9821: 0.000101812
9822: 0.000101802
9823: 0.000101792
9824: 0.000101781
9825: 0.000101771
9826: 0.00010176
9827: 0.00010175
9828: 0.00010174
9829: 0.000101729
9830: 0.000101719
9831: 0.000101709
9832: 0.000101698
9833: 0.000101688
9834: 0.000101678
9835: 0.000101667
9836: 0.000101657
9837: 0.000101647
9838: 0.000101636
9839: 0.000101626
9840: 0.000101616
9841: 0.000101605
9842: 0.000101595
9843: 0.000101585
9844: 0.000101574
9845: 0.000101564
9846: 0.000101554
9847: 0.000101543
9848: 0.000101533
9849: 0.000101523
9850: 0.000101513
9851: 0.000101502
9852: 0.000101492
9853: 0.000101482
9854: 0.000101471
9855: 0.000101461
9856: 0.000101451
9857: 0.00010144
9858: 0.00010143
9859: 0.00010142
9860: 0.00010141
9861: 0.000101399
9862: 0.000101389
9863: 0.000101379
9864: 0.000101368
9865: 0.000101358
9866: 0.000101348
9867: 0.000101338
9868: 0.000101327
9869: 0.000101317
9870: 0.000101307
9871: 0.000101297
9872: 0.000101286
9873: 0.000101276
9874: 0.000101266
9875: 0.000101256
9876: 0.000101245
9877: 0.000101235
9878: 0.000101225
9879: 0.000101215
9880: 0.000101204
9881: 0.000101194
9882: 0.000101184
9883: 0.000101174
9884: 0.000101163
9885: 0.000101153
9886: 0.000101143
9887: 0.000101133
9888: 0.000101122
9889: 0.000101112
9890: 0.000101102
9891: 0.000101092
9892: 0.000101082
9893: 0.000101071
9894: 0.000101061
9895: 0.000101051
9896: 0.000101041
9897: 0.000101031
9898: 0.00010102
9899: 0.00010101
9900: 0.000101
9901: 0.00010099
9902: 0.00010098
9903: 0.000100969
9904: 0.000100959
9905: 0.000100949
9906: 0.000100939
9907: 0.000100929
9908: 0.000100918
9909: 0.000100908
9910: 0.000100898
9911: 0.000100888
9912: 0.000100878
9913: 0.000100867
9914: 0.000100857
9915: 0.000100847
9916: 0.000100837
9917: 0.000100827
9918: 0.000100817
9919: 0.000100806
9920: 0.000100796
9921: 0.000100786
9922: 0.000100776
9923: 0.000100766
9924: 0.000100756
9925: 0.000100746
9926: 0.000100735
9927: 0.000100725
9928: 0.000100715
9929: 0.000100705
9930: 0.000100695
9931: 0.000100685
9932: 0.000100675
9933: 0.000100664
9934: 0.000100654
9935: 0.000100644
9936: 0.000100634
9937: 0.000100624
9938: 0.000100614
9939: 0.000100604
9940: 0.000100594
9941: 0.000100583
9942: 0.000100573
9943: 0.000100563
9944: 0.000100553
9945: 0.000100543
9946: 0.000100533
9947: 0.000100523
9948: 0.000100513
9949: 0.000100503
9950: 0.000100492
9951: 0.000100482
9952: 0.000100472
9953: 0.000100462
9954: 0.000100452
9955: 0.000100442
9956: 0.000100432
9957: 0.000100422
9958: 0.000100412
9959: 0.000100402
9960: 0.000100392
9961: 0.000100381
9962: 0.000100371
9963: 0.000100361
9964: 0.000100351
9965: 0.000100341
9966: 0.000100331
9967: 0.000100321
9968: 0.000100311
9969: 0.000100301
9970: 0.000100291
9971: 0.000100281
9972: 0.000100271
9973: 0.000100261
9974: 0.000100251
9975: 0.000100241
9976: 0.000100231
9977: 0.00010022
9978: 0.00010021
9979: 0.0001002
9980: 0.00010019
9981: 0.00010018
9982: 0.00010017
9983: 0.00010016
9984: 0.00010015
9985: 0.00010014
9986: 0.00010013
9987: 0.00010012
9988: 0.00010011
9989: 0.0001001
9990: 0.00010009
9991: 0.00010008
9992: 0.00010007
9993: 0.00010006
9994: 0.00010005
9995: 0.00010004
9996: 0.00010003
9997: 0.00010002
9998: 0.00010001
9999: 0.0001
10000: 9.999e-05
10001: 9.998e-05
10002: 9.997e-05
10003: 9.996e-05
10004: 9.995e-05
10005: 9.994e-05
10006: 9.993e-05
10007: 9.99201e-05
10008: 9.99101e-05
10009: 9.99001e-05
10010: 9.98901e-05
10011: 9.98801e-05
10012: 9.98702e-05
10013: 9.98602e-05
10014: 9.98502e-05
10015: 9.98403e-05
10016: 9.98303e-05
10017: 9.98203e-05
10018: 9.98104e-05
10019: 9.98004e-05
10020: 9.97904e-05
10021: 9.97805e-05
10022: 9.97705e-05
10023: 9.97606e-05
10024: 9.97506e-05
10025: 9.97407e-05
10026: 9.97307e-05
10027: 9.97208e-05
10028: 9.97108e-05
10029: 9.97009e-05
10030: 9.9691e-05
10031: 9.9681e-05
10032: 9.96711e-05
10033: 9.96612e-05
10034: 9.96512e-05
10035: 9.96413e-05
10036: 9.96314e-05
10037: 9.96214e-05
10038: 9.96115e-05
10039: 9.96016e-05
10040: 9.95917e-05
10041: 9.95818e-05
10042: 9.95718e-05
10043: 9.95619e-05
10044: 9.9552e-05
10045: 9.95421e-05
10046: 9.95322e-05
10047: 9.95223e-05
10048: 9.95124e-05
10049: 9.95025e-05
10050: 9.94926e-05
10051: 9.94827e-05
10052: 9.94728e-05
10053: 9.94629e-05
10054: 9.9453e-05
10055: 9.94431e-05
10056: 9.94332e-05
10057: 9.94233e-05
10058: 9.94135e-05
10059: 9.94036e-05
10060: 9.93937e-05
10061: 9.93838e-05
10062: 9.93739e-05
10063: 9.93641e-05
10064: 9.93542e-05
10065: 9.93443e-05
10066: 9.93345e-05
10067: 9.93246e-05
10068: 9.93147e-05
10069: 9.93049e-05
10070: 9.9295e-05
10071: 9.92851e-05
10072: 9.92753e-05
10073: 9.92654e-05
10074: 9.92556e-05
10075: 9.92457e-05
10076: 9.92359e-05
10077: 9.9226e-05
10078: 9.92162e-05
10079: 9.92063e-05
10080: 9.91965e-05
10081: 9.91867e-05
10082: 9.91768e-05
10083: 9.9167e-05
10084: 9.91572e-05
10085: 9.91473e-05
10086: 9.91375e-05
10087: 9.91277e-05
10088: 9.91179e-05
10089: 9.9108e-05
10090: 9.90982e-05
10091: 9.90884e-05
10092: 9.90786e-05
10093: 9.90688e-05
10094: 9.90589e-05
10095: 9.90491e-05
10096: 9.90393e-05
10097: 9.90295e-05
10098: 9.90197e-05
10099: 9.90099e-05
10100: 9.90001e-05
10101: 9.89903e-05
10102: 9.89805e-05
10103: 9.89707e-05
10104: 9.89609e-05
10105: 9.89511e-05
10106: 9.89413e-05
10107: 9.89315e-05
10108: 9.89218e-05
10109: 9.8912e-05
10110: 9.89022e-05
10111: 9.88924e-05
10112: 9.88826e-05
10113: 9.88728e-05
10114: 9.88631e-05
10115: 9.88533e-05
10116: 9.88435e-05
10117: 9.88338e-05
10118: 9.8824e-05
10119: 9.88142e-05
10120: 9.88045e-05
10121: 9.87947e-05
10122: 9.87849e-05
10123: 9.87752e-05
10124: 9.87654e-05
10125: 9.87557e-05
10126: 9.87459e-05
10127: 9.87362e-05
10128: 9.87264e-05
10129: 9.87167e-05
10130: 9.87069e-05
10131: 9.86972e-05
10132: 9.86875e-05
10133: 9.86777e-05
10134: 9.8668e-05
10135: 9.86582e-05
10136: 9.86485e-05
10137: 9.86388e-05
10138: 9.86291e-05
10139: 9.86193e-05
10140: 9.86096e-05
10141: 9.85999e-05
10142: 9.85902e-05
10143: 9.85804e-05
10144: 9.85707e-05
10145: 9.8561e-05
10146: 9.85513e-05
10147: 9.85416e-05
10148: 9.85319e-05
10149: 9.85222e-05
10150: 9.85125e-05
10151: 9.85028e-05
10152: 9.84931e-05
10153: 9.84834e-05
10154: 9.84737e-05
10155: 9.8464e-05
10156: 9.84543e-05
10157: 9.84446e-05
10158: 9.84349e-05
10159: 9.84252e-05
10160: 9.84155e-05
10161: 9.84058e-05
10162: 9.83961e-05
10163: 9.83865e-05
10164: 9.83768e-05
10165: 9.83671e-05
10166: 9.83574e-05
10167: 9.83478e-05
10168: 9.83381e-05
10169: 9.83284e-05
10170: 9.83187e-05
10171: 9.83091e-05
10172: 9.82994e-05
10173: 9.82898e-05
10174: 9.82801e-05
10175: 9.82704e-05
10176: 9.82608e-05
10177: 9.82511e-05
10178: 9.82415e-05
10179: 9.82318e-05
10180: 9.82222e-05
10181: 9.82125e-05
10182: 9.82029e-05
10183: 9.81932e-05
10184: 9.81836e-05
10185: 9.8174e-05
10186: 9.81643e-05
10187: 9.81547e-05
10188: 9.81451e-05
10189: 9.81354e-05
10190: 9.81258e-05
10191: 9.81162e-05
10192: 9.81065e-05
10193: 9.80969e-05
10194: 9.80873e-05
10195: 9.80777e-05
10196: 9.80681e-05
10197: 9.80584e-05
10198: 9.80488e-05
10199: 9.80392e-05
10200: 9.80296e-05
10201: 9.802e-05
10202: 9.80104e-05
10203: 9.80008e-05
10204: 9.79912e-05
10205: 9.79816e-05
10206: 9.7972e-05
10207: 9.79624e-05
10208: 9.79528e-05
10209: 9.79432e-05
10210: 9.79336e-05
10211: 9.7924e-05
10212: 9.79144e-05
10213: 9.79048e-05
10214: 9.78953e-05
10215: 9.78857e-05
10216: 9.78761e-05
10217: 9.78665e-05
10218: 9.78569e-05
10219: 9.78474e-05
10220: 9.78378e-05
10221: 9.78282e-05
10222: 9.78186e-05
10223: 9.78091e-05
10224: 9.77995e-05
10225: 9.77899e-05
10226: 9.77804e-05
10227: 9.77708e-05
10228: 9.77613e-05
10229: 9.77517e-05
10230: 9.77422e-05
10231: 9.77326e-05
10232: 9.77231e-05
10233: 9.77135e-05
10234: 9.7704e-05
10235: 9.76944e-05
10236: 9.76849e-05
10237: 9.76753e-05
10238: 9.76658e-05
10239: 9.76563e-05
10240: 9.76467e-05
10241: 9.76372e-05
10242: 9.76276e-05
10243: 9.76181e-05
10244: 9.76086e-05
10245: 9.75991e-05
10246: 9.75895e-05
10247: 9.758e-05
10248: 9.75705e-05
10249: 9.7561e-05
10250: 9.75515e-05
10251: 9.75419e-05
10252: 9.75324e-05
10253: 9.75229e-05
10254: 9.75134e-05
10255: 9.75039e-05
10256: 9.74944e-05
10257: 9.74849e-05
10258: 9.74754e-05
10259: 9.74659e-05
10260: 9.74564e-05
10261: 9.74469e-05
10262: 9.74374e-05
10263: 9.74279e-05
10264: 9.74184e-05
10265: 9.74089e-05
10266: 9.73994e-05
10267: 9.73899e-05
10268: 9.73805e-05
10269: 9.7371e-05
10270: 9.73615e-05
10271: 9.7352e-05
10272: 9.73425e-05
10273: 9.73331e-05
10274: 9.73236e-05
10275: 9.73141e-05
10276: 9.73047e-05
10277: 9.72952e-05
10278: 9.72857e-05
10279: 9.72763e-05
10280: 9.72668e-05
10281: 9.72573e-05
10282: 9.72479e-05
10283: 9.72384e-05
10284: 9.7229e-05
10285: 9.72195e-05
10286: 9.72101e-05
10287: 9.72006e-05
10288: 9.71912e-05
10289: 9.71817e-05
10290: 9.71723e-05
10291: 9.71628e-05
10292: 9.71534e-05
10293: 9.7144e-05
10294: 9.71345e-05
10295: 9.71251e-05
10296: 9.71157e-05
10297: 9.71062e-05
10298: 9.70968e-05
10299: 9.70874e-05
10300: 9.7078e-05
10301: 9.70685e-05
10302: 9.70591e-05
10303: 9.70497e-05
10304: 9.70403e-05
10305: 9.70309e-05
10306: 9.70214e-05
10307: 9.7012e-05
10308: 9.70026e-05
10309: 9.69932e-05
10310: 9.69838e-05
10311: 9.69744e-05
10312: 9.6965e-05
10313: 9.69556e-05
10314: 9.69462e-05
10315: 9.69368e-05
10316: 9.69274e-05
10317: 9.6918e-05
10318: 9.69086e-05
10319: 9.68992e-05
10320: 9.68898e-05
10321: 9.68804e-05
10322: 9.68711e-05
10323: 9.68617e-05
10324: 9.68523e-05
10325: 9.68429e-05
10326: 9.68335e-05
10327: 9.68242e-05
10328: 9.68148e-05
10329: 9.68054e-05
10330: 9.67961e-05
10331: 9.67867e-05
10332: 9.67773e-05
10333: 9.6768e-05
10334: 9.67586e-05
10335: 9.67492e-05
10336: 9.67399e-05
10337: 9.67305e-05
10338: 9.67212e-05
10339: 9.67118e-05
10340: 9.67024e-05
10341: 9.66931e-05
10342: 9.66837e-05
10343: 9.66744e-05
10344: 9.66651e-05
10345: 9.66557e-05
10346: 9.66464e-05
10347: 9.6637e-05
10348: 9.66277e-05
10349: 9.66184e-05
10350: 9.6609e-05
10351: 9.65997e-05
10352: 9.65904e-05
10353: 9.6581e-05
10354: 9.65717e-05
10355: 9.65624e-05
10356: 9.65531e-05
10357: 9.65437e-05
10358: 9.65344e-05
10359: 9.65251e-05
10360: 9.65158e-05
10361: 9.65065e-05
10362: 9.64972e-05
10363: 9.64878e-05
10364: 9.64785e-05
10365: 9.64692e-05
10366: 9.64599e-05
10367: 9.64506e-05
10368: 9.64413e-05
10369: 9.6432e-05
10370: 9.64227e-05
10371: 9.64134e-05
10372: 9.64041e-05
10373: 9.63948e-05
10374: 9.63855e-05
10375: 9.63763e-05
10376: 9.6367e-05
10377: 9.63577e-05
10378: 9.63484e-05
10379: 9.63391e-05
10380: 9.63298e-05
10381: 9.63206e-05
10382: 9.63113e-05
10383: 9.6302e-05
10384: 9.62927e-05
10385: 9.62835e-05
10386: 9.62742e-05
10387: 9.62649e-05
10388: 9.62557e-05
10389: 9.62464e-05
10390: 9.62371e-05
10391: 9.62279e-05
10392: 9.62186e-05
10393: 9.62094e-05
10394: 9.62001e-05
10395: 9.61908e-05
10396: 9.61816e-05
10397: 9.61723e-05
10398: 9.61631e-05
10399: 9.61538e-05
10400: 9.61446e-05
10401: 9.61354e-05
10402: 9.61261e-05
10403: 9.61169e-05
10404: 9.61076e-05
10405: 9.60984e-05
10406: 9.60892e-05
10407: 9.60799e-05
10408: 9.60707e-05
10409: 9.60615e-05
10410: 9.60523e-05
10411: 9.6043e-05
10412: 9.60338e-05
10413: 9.60246e-05
10414: 9.60154e-05
10415: 9.60061e-05
10416: 9.59969e-05
10417: 9.59877e-05
10418: 9.59785e-05
10419: 9.59693e-05
10420: 9.59601e-05
10421: 9.59509e-05
10422: 9.59417e-05
10423: 9.59325e-05
10424: 9.59233e-05
10425: 9.59141e-05
10426: 9.59049e-05
10427: 9.58957e-05
10428: 9.58865e-05
10429: 9.58773e-05
10430: 9.58681e-05
10431: 9.58589e-05
10432: 9.58497e-05
10433: 9.58405e-05
10434: 9.58313e-05
10435: 9.58222e-05
10436: 9.5813e-05
10437: 9.58038e-05
10438: 9.57946e-05
10439: 9.57854e-05
10440: 9.57763e-05
10441: 9.57671e-05
10442: 9.57579e-05
10443: 9.57488e-05
10444: 9.57396e-05
10445: 9.57304e-05
10446: 9.57213e-05
10447: 9.57121e-05
10448: 9.57029e-05
10449: 9.56938e-05
10450: 9.56846e-05
10451: 9.56755e-05
10452: 9.56663e-05
10453: 9.56572e-05
10454: 9.5648e-05
10455: 9.56389e-05
10456: 9.56297e-05
10457: 9.56206e-05
10458: 9.56114e-05
10459: 9.56023e-05
10460: 9.55932e-05
10461: 9.5584e-05
10462: 9.55749e-05
10463: 9.55657e-05
10464: 9.55566e-05
10465: 9.55475e-05
10466: 9.55384e-05
10467: 9.55292e-05
10468: 9.55201e-05
10469: 9.5511e-05
10470: 9.55019e-05
10471: 9.54927e-05
10472: 9.54836e-05
10473: 9.54745e-05
10474: 9.54654e-05
10475: 9.54563e-05
10476: 9.54472e-05
10477: 9.54381e-05
10478: 9.5429e-05
10479: 9.54198e-05
10480: 9.54107e-05
10481: 9.54016e-05
10482: 9.53925e-05
10483: 9.53834e-05
10484: 9.53743e-05
10485: 9.53652e-05
10486: 9.53562e-05
10487: 9.53471e-05
10488: 9.5338e-05
10489: 9.53289e-05
10490: 9.53198e-05
10491: 9.53107e-05
10492: 9.53016e-05
10493: 9.52925e-05
10494: 9.52835e-05
10495: 9.52744e-05
10496: 9.52653e-05
10497: 9.52562e-05
10498: 9.52472e-05
10499: 9.52381e-05
10500: 9.5229e-05
10501: 9.522e-05
10502: 9.52109e-05
10503: 9.52018e-05
10504: 9.51928e-05
10505: 9.51837e-05
10506: 9.51746e-05
10507: 9.51656e-05
10508: 9.51565e-05
10509: 9.51475e-05
10510: 9.51384e-05
10511: 9.51294e-05
10512: 9.51203e-05
10513: 9.51113e-05
10514: 9.51022e-05
10515: 9.50932e-05
10516: 9.50841e-05
10517: 9.50751e-05
10518: 9.50661e-05
10519: 9.5057e-05
10520: 9.5048e-05
10521: 9.5039e-05
10522: 9.50299e-05
10523: 9.50209e-05
10524: 9.50119e-05
10525: 9.50029e-05
10526: 9.49938e-05
10527: 9.49848e-05
10528: 9.49758e-05
10529: 9.49668e-05
10530: 9.49577e-05
10531: 9.49487e-05
10532: 9.49397e-05
10533: 9.49307e-05
10534: 9.49217e-05
10535: 9.49127e-05
10536: 9.49037e-05
10537: 9.48947e-05
10538: 9.48857e-05
10539: 9.48767e-05
10540: 9.48677e-05
10541: 9.48587e-05
10542: 9.48497e-05
10543: 9.48407e-05
10544: 9.48317e-05
10545: 9.48227e-05
10546: 9.48137e-05
10547: 9.48047e-05
10548: 9.47957e-05
10549: 9.47867e-05
10550: 9.47777e-05
10551: 9.47688e-05
10552: 9.47598e-05
10553: 9.47508e-05
10554: 9.47418e-05
10555: 9.47329e-05
10556: 9.47239e-05
10557: 9.47149e-05
10558: 9.47059e-05
10559: 9.4697e-05
10560: 9.4688e-05
10561: 9.4679e-05
10562: 9.46701e-05
10563: 9.46611e-05
10564: 9.46522e-05
10565: 9.46432e-05
10566: 9.46342e-05
10567: 9.46253e-05
10568: 9.46163e-05
10569: 9.46074e-05
10570: 9.45984e-05
10571: 9.45895e-05
10572: 9.45805e-05
10573: 9.45716e-05
10574: 9.45626e-05
10575: 9.45537e-05
10576: 9.45448e-05
10577: 9.45358e-05
10578: 9.45269e-05
10579: 9.4518e-05
10580: 9.4509e-05
10581: 9.45001e-05
10582: 9.44912e-05
10583: 9.44822e-05
10584: 9.44733e-05
10585: 9.44644e-05
10586: 9.44555e-05
10587: 9.44465e-05
10588: 9.44376e-05
10589: 9.44287e-05
10590: 9.44198e-05
10591: 9.44109e-05
10592: 9.4402e-05
10593: 9.43931e-05
10594: 9.43841e-05
10595: 9.43752e-05
10596: 9.43663e-05
10597: 9.43574e-05
10598: 9.43485e-05
10599: 9.43396e-05
10600: 9.43307e-05
10601: 9.43218e-05
10602: 9.43129e-05
10603: 9.4304e-05
10604: 9.42951e-05
10605: 9.42863e-05
10606: 9.42774e-05
10607: 9.42685e-05
10608: 9.42596e-05
10609: 9.42507e-05
10610: 9.42418e-05
10611: 9.42329e-05
10612: 9.42241e-05
10613: 9.42152e-05
10614: 9.42063e-05
10615: 9.41974e-05
10616: 9.41886e-05
10617: 9.41797e-05
10618: 9.41708e-05
10619: 9.4162e-05
10620: 9.41531e-05
10621: 9.41442e-05
10622: 9.41354e-05
10623: 9.41265e-05
10624: 9.41176e-05
10625: 9.41088e-05
10626: 9.40999e-05
10627: 9.40911e-05
10628: 9.40822e-05
10629: 9.40734e-05
10630: 9.40645e-05
10631: 9.40557e-05
10632: 9.40468e-05
10633: 9.4038e-05
10634: 9.40291e-05
10635: 9.40203e-05
10636: 9.40115e-05
10637: 9.40026e-05
10638: 9.39938e-05
10639: 9.3985e-05
10640: 9.39761e-05
10641: 9.39673e-05
10642: 9.39585e-05
10643: 9.39496e-05
10644: 9.39408e-05
10645: 9.3932e-05
10646: 9.39232e-05
10647: 9.39144e-05
10648: 9.39055e-05
10649: 9.38967e-05
10650: 9.38879e-05
10651: 9.38791e-05
10652: 9.38703e-05
10653: 9.38615e-05
10654: 9.38527e-05
10655: 9.38438e-05
10656: 9.3835e-05
10657: 9.38262e-05
10658: 9.38174e-05
10659: 9.38086e-05
10660: 9.37998e-05
10661: 9.3791e-05
10662: 9.37822e-05
10663: 9.37734e-05
10664: 9.37647e-05
10665: 9.37559e-05
10666: 9.37471e-05
10667: 9.37383e-05
10668: 9.37295e-05
10669: 9.37207e-05
10670: 9.37119e-05
10671: 9.37031e-05
10672: 9.36944e-05
10673: 9.36856e-05
10674: 9.36768e-05
10675: 9.3668e-05
10676: 9.36593e-05
10677: 9.36505e-05
10678: 9.36417e-05
10679: 9.3633e-05
10680: 9.36242e-05
10681: 9.36154e-05
10682: 9.36067e-05
10683: 9.35979e-05
10684: 9.35891e-05
10685: 9.35804e-05
10686: 9.35716e-05
10687: 9.35629e-05
10688: 9.35541e-05
10689: 9.35454e-05
10690: 9.35366e-05
10691: 9.35279e-05
10692: 9.35191e-05
10693: 9.35104e-05
10694: 9.35016e-05
10695: 9.34929e-05
10696: 9.34842e-05
10697: 9.34754e-05
10698: 9.34667e-05
10699: 9.34579e-05
10700: 9.34492e-05
10701: 9.34405e-05
10702: 9.34317e-05
10703: 9.3423e-05
10704: 9.34143e-05
10705: 9.34056e-05
10706: 9.33968e-05
10707: 9.33881e-05
10708: 9.33794e-05
10709: 9.33707e-05
10710: 9.3362e-05
10711: 9.33532e-05
10712: 9.33445e-05
10713: 9.33358e-05
10714: 9.33271e-05
10715: 9.33184e-05
10716: 9.33097e-05
10717: 9.3301e-05
10718: 9.32923e-05
10719: 9.32836e-05
10720: 9.32749e-05
10721: 9.32662e-05
10722: 9.32575e-05
10723: 9.32488e-05
10724: 9.32401e-05
10725: 9.32314e-05
10726: 9.32227e-05
10727: 9.3214e-05
10728: 9.32053e-05
10729: 9.31966e-05
10730: 9.3188e-05
10731: 9.31793e-05
10732: 9.31706e-05
10733: 9.31619e-05
10734: 9.31532e-05
10735: 9.31446e-05
10736: 9.31359e-05
10737: 9.31272e-05
10738: 9.31185e-05
10739: 9.31099e-05
10740: 9.31012e-05
10741: 9.30925e-05
10742: 9.30839e-05
10743: 9.30752e-05
10744: 9.30665e-05
10745: 9.30579e-05
10746: 9.30492e-05
10747: 9.30406e-05
10748: 9.30319e-05
10749: 9.30233e-05
10750: 9.30146e-05
10751: 9.3006e-05
10752: 9.29973e-05
10753: 9.29887e-05
10754: 9.298e-05
10755: 9.29714e-05
10756: 9.29627e-05
10757: 9.29541e-05
10758: 9.29454e-05
10759: 9.29368e-05
10760: 9.29282e-05
10761: 9.29195e-05
10762: 9.29109e-05
10763: 9.29023e-05
10764: 9.28936e-05
10765: 9.2885e-05
10766: 9.28764e-05
10767: 9.28678e-05
10768: 9.28591e-05
10769: 9.28505e-05
10770: 9.28419e-05
10771: 9.28333e-05
10772: 9.28247e-05
10773: 9.2816e-05
10774: 9.28074e-05
10775: 9.27988e-05
10776: 9.27902e-05
10777: 9.27816e-05
10778: 9.2773e-05
10779: 9.27644e-05
10780: 9.27558e-05
10781: 9.27472e-05
10782: 9.27386e-05
10783: 9.273e-05
10784: 9.27214e-05
10785: 9.27128e-05
10786: 9.27042e-05
10787: 9.26956e-05
10788: 9.2687e-05
10789: 9.26784e-05
10790: 9.26698e-05
10791: 9.26612e-05
10792: 9.26526e-05
10793: 9.26441e-05
10794: 9.26355e-05
10795: 9.26269e-05
10796: 9.26183e-05
10797: 9.26097e-05
10798: 9.26012e-05
10799: 9.25926e-05
10800: 9.2584e-05
10801: 9.25754e-05
10802: 9.25669e-05
10803: 9.25583e-05
10804: 9.25497e-05
10805: 9.25412e-05
10806: 9.25326e-05
10807: 9.25241e-05
10808: 9.25155e-05
10809: 9.25069e-05
10810: 9.24984e-05
10811: 9.24898e-05
10812: 9.24813e-05
10813: 9.24727e-05
10814: 9.24642e-05
10815: 9.24556e-05
10816: 9.24471e-05
10817: 9.24385e-05
10818: 9.243e-05
10819: 9.24214e-05
10820: 9.24129e-05
10821: 9.24044e-05
10822: 9.23958e-05
10823: 9.23873e-05
10824: 9.23788e-05
10825: 9.23702e-05
10826: 9.23617e-05
10827: 9.23532e-05
10828: 9.23446e-05
10829: 9.23361e-05
10830: 9.23276e-05
10831: 9.23191e-05
10832: 9.23105e-05
10833: 9.2302e-05
10834: 9.22935e-05
10835: 9.2285e-05
10836: 9.22765e-05
10837: 9.22679e-05
10838: 9.22594e-05
10839: 9.22509e-05
10840: 9.22424e-05
10841: 9.22339e-05
10842: 9.22254e-05
10843: 9.22169e-05
10844: 9.22084e-05
10845: 9.21999e-05
10846: 9.21914e-05
10847: 9.21829e-05
10848: 9.21744e-05
10849: 9.21659e-05
10850: 9.21574e-05
10851: 9.21489e-05
10852: 9.21404e-05
10853: 9.21319e-05
10854: 9.21234e-05
10855: 9.2115e-05
10856: 9.21065e-05
10857: 9.2098e-05
10858: 9.20895e-05
10859: 9.2081e-05
10860: 9.20726e-05
10861: 9.20641e-05
10862: 9.20556e-05
10863: 9.20471e-05
10864: 9.20387e-05
10865: 9.20302e-05
10866: 9.20217e-05
10867: 9.20132e-05
10868: 9.20048e-05
10869: 9.19963e-05
10870: 9.19879e-05
10871: 9.19794e-05
10872: 9.19709e-05
10873: 9.19625e-05
10874: 9.1954e-05
10875: 9.19456e-05
10876: 9.19371e-05
10877: 9.19287e-05
10878: 9.19202e-05
10879: 9.19118e-05
10880: 9.19033e-05
10881: 9.18949e-05
10882: 9.18864e-05
10883: 9.1878e-05
10884: 9.18695e-05
10885: 9.18611e-05
10886: 9.18527e-05
10887: 9.18442e-05
10888: 9.18358e-05
10889: 9.18274e-05
10890: 9.18189e-05
10891: 9.18105e-05
10892: 9.18021e-05
10893: 9.17936e-05
10894: 9.17852e-05
10895: 9.17768e-05
10896: 9.17684e-05
10897: 9.176e-05
10898: 9.17515e-05
10899: 9.17431e-05
10900: 9.17347e-05
10901: 9.17263e-05
10902: 9.17179e-05
10903: 9.17095e-05
10904: 9.17011e-05
10905: 9.16926e-05
10906: 9.16842e-05
10907: 9.16758e-05
10908: 9.16674e-05
10909: 9.1659e-05
10910: 9.16506e-05
10911: 9.16422e-05
10912: 9.16338e-05
10913: 9.16254e-05
10914: 9.1617e-05
10915: 9.16086e-05
10916: 9.16003e-05
10917: 9.15919e-05
10918: 9.15835e-05
10919: 9.15751e-05
10920: 9.15667e-05
10921: 9.15583e-05
10922: 9.15499e-05
10923: 9.15416e-05
10924: 9.15332e-05
10925: 9.15248e-05
10926: 9.15164e-05
10927: 9.15081e-05
10928: 9.14997e-05
10929: 9.14913e-05
10930: 9.14829e-05
10931: 9.14746e-05
10932: 9.14662e-05
10933: 9.14578e-05
10934: 9.14495e-05
10935: 9.14411e-05
10936: 9.14328e-05
10937: 9.14244e-05
10938: 9.1416e-05
10939: 9.14077e-05
10940: 9.13993e-05
10941: 9.1391e-05
10942: 9.13826e-05
10943: 9.13743e-05
10944: 9.13659e-05
10945: 9.13576e-05
10946: 9.13492e-05
10947: 9.13409e-05
10948: 9.13325e-05
10949: 9.13242e-05
10950: 9.13159e-05
10951: 9.13075e-05
10952: 9.12992e-05
10953: 9.12909e-05
10954: 9.12825e-05
10955: 9.12742e-05
10956: 9.12659e-05
10957: 9.12575e-05
10958: 9.12492e-05
10959: 9.12409e-05
10960: 9.12326e-05
10961: 9.12242e-05
10962: 9.12159e-05
10963: 9.12076e-05
10964: 9.11993e-05
10965: 9.1191e-05
10966: 9.11826e-05
10967: 9.11743e-05
10968: 9.1166e-05
10969: 9.11577e-05
10970: 9.11494e-05
10971: 9.11411e-05
10972: 9.11328e-05
10973: 9.11245e-05
10974: 9.11162e-05
10975: 9.11079e-05
10976: 9.10996e-05
10977: 9.10913e-05
10978: 9.1083e-05
10979: 9.10747e-05
10980: 9.10664e-05
10981: 9.10581e-05
10982: 9.10498e-05
10983: 9.10415e-05
10984: 9.10332e-05
10985: 9.10249e-05
10986: 9.10167e-05
10987: 9.10084e-05
10988: 9.10001e-05
10989: 9.09918e-05
10990: 9.09835e-05
10991: 9.09753e-05
10992: 9.0967e-05
10993: 9.09587e-05
10994: 9.09504e-05
10995: 9.09422e-05
10996: 9.09339e-05
10997: 9.09256e-05
10998: 9.09174e-05
10999: 9.09091e-05
11000: 9.09008e-05
11001: 9.08926e-05
11002: 9.08843e-05
11003: 9.0876e-05
11004: 9.08678e-05
11005: 9.08595e-05
11006: 9.08513e-05
11007: 9.0843e-05
11008: 9.08348e-05
11009: 9.08265e-05
11010: 9.08183e-05
11011: 9.081e-05
11012: 9.08018e-05
11013: 9.07935e-05
11014: 9.07853e-05
11015: 9.07771e-05
11016: 9.07688e-05
11017: 9.07606e-05
11018: 9.07523e-05
11019: 9.07441e-05
11020: 9.07359e-05
11021: 9.07276e-05
11022: 9.07194e-05
11023: 9.07112e-05
11024: 9.07029e-05
11025: 9.06947e-05
11026: 9.06865e-05
11027: 9.06783e-05
11028: 9.06701e-05
11029: 9.06618e-05
11030: 9.06536e-05
11031: 9.06454e-05
11032: 9.06372e-05
11033: 9.0629e-05
11034: 9.06208e-05
11035: 9.06125e-05
11036: 9.06043e-05
11037: 9.05961e-05
11038: 9.05879e-05
11039: 9.05797e-05
11040: 9.05715e-05
11041: 9.05633e-05
11042: 9.05551e-05
11043: 9.05469e-05
11044: 9.05387e-05
11045: 9.05305e-05
11046: 9.05223e-05
11047: 9.05141e-05
11048: 9.05059e-05
11049: 9.04977e-05
11050: 9.04895e-05
11051: 9.04814e-05
11052: 9.04732e-05
11053: 9.0465e-05
11054: 9.04568e-05
11055: 9.04486e-05
11056: 9.04404e-05
11057: 9.04323e-05
11058: 9.04241e-05
11059: 9.04159e-05
11060: 9.04077e-05
11061: 9.03996e-05
11062: 9.03914e-05
11063: 9.03832e-05
11064: 9.03751e-05
11065: 9.03669e-05
11066: 9.03587e-05
11067: 9.03506e-05
11068: 9.03424e-05
11069: 9.03342e-05
11070: 9.03261e-05
11071: 9.03179e-05
11072: 9.03098e-05
11073: 9.03016e-05
11074: 9.02935e-05
11075: 9.02853e-05
11076: 9.02772e-05
11077: 9.0269e-05
11078: 9.02609e-05
11079: 9.02527e-05
11080: 9.02446e-05
11081: 9.02364e-05
11082: 9.02283e-05
11083: 9.02201e-05
11084: 9.0212e-05
11085: 9.02039e-05
11086: 9.01957e-05
11087: 9.01876e-05
11088: 9.01795e-05
11089: 9.01713e-05
11090: 9.01632e-05
11091: 9.01551e-05
11092: 9.01469e-05
11093: 9.01388e-05
11094: 9.01307e-05
11095: 9.01226e-05
11096: 9.01144e-05
11097: 9.01063e-05
11098: 9.00982e-05
11099: 9.00901e-05
11100: 9.0082e-05
11101: 9.00739e-05
11102: 9.00657e-05
11103: 9.00576e-05
11104: 9.00495e-05
11105: 9.00414e-05
11106: 9.00333e-05
11107: 9.00252e-05
11108: 9.00171e-05
11109: 9.0009e-05
11110: 9.00009e-05
11111: 8.99928e-05
11112: 8.99847e-05
11113: 8.99766e-05
11114: 8.99685e-05
11115: 8.99604e-05
11116: 8.99523e-05
11117: 8.99442e-05
11118: 8.99361e-05
11119: 8.99281e-05
11120: 8.992e-05
11121: 8.99119e-05
11122: 8.99038e-05
11123: 8.98957e-05
11124: 8.98876e-05
11125: 8.98796e-05
11126: 8.98715e-05
11127: 8.98634e-05
11128: 8.98553e-05
11129: 8.98473e-05
11130: 8.98392e-05
11131: 8.98311e-05
11132: 8.9823e-05
11133: 8.9815e-05
11134: 8.98069e-05
11135: 8.97989e-05
11136: 8.97908e-05
11137: 8.97827e-05
11138: 8.97747e-05
11139: 8.97666e-05
11140: 8.97585e-05
11141: 8.97505e-05
11142: 8.97424e-05
11143: 8.97344e-05
11144: 8.97263e-05
11145: 8.97183e-05
11146: 8.97102e-05
11147: 8.97022e-05
11148: 8.96941e-05
11149: 8.96861e-05
11150: 8.96781e-05
11151: 8.967e-05
11152: 8.9662e-05
11153: 8.96539e-05
11154: 8.96459e-05
11155: 8.96379e-05
11156: 8.96298e-05
11157: 8.96218e-05
11158: 8.96138e-05
11159: 8.96057e-05
11160: 8.95977e-05
11161: 8.95897e-05
11162: 8.95817e-05
11163: 8.95736e-05
11164: 8.95656e-05
11165: 8.95576e-05
11166: 8.95496e-05
11167: 8.95415e-05
11168: 8.95335e-05
11169: 8.95255e-05
11170: 8.95175e-05
11171: 8.95095e-05
11172: 8.95015e-05
11173: 8.94935e-05
11174: 8.94855e-05
11175: 8.94775e-05
11176: 8.94694e-05
11177: 8.94614e-05
11178: 8.94534e-05
11179: 8.94454e-05
11180: 8.94374e-05
11181: 8.94294e-05
11182: 8.94214e-05
11183: 8.94134e-05
11184: 8.94055e-05
11185: 8.93975e-05
11186: 8.93895e-05
11187: 8.93815e-05
11188: 8.93735e-05
11189: 8.93655e-05
11190: 8.93575e-05
11191: 8.93495e-05
11192: 8.93416e-05
11193: 8.93336e-05
11194: 8.93256e-05
11195: 8.93176e-05
11196: 8.93096e-05
11197: 8.93017e-05
11198: 8.92937e-05
11199: 8.92857e-05
11200: 8.92777e-05
11201: 8.92698e-05
11202: 8.92618e-05
11203: 8.92538e-05
11204: 8.92459e-05
11205: 8.92379e-05
11206: 8.92299e-05
11207: 8.9222e-05
11208: 8.9214e-05
11209: 8.92061e-05
11210: 8.91981e-05
11211: 8.91902e-05
11212: 8.91822e-05
11213: 8.91742e-05
11214: 8.91663e-05
11215: 8.91583e-05
11216: 8.91504e-05
11217: 8.91424e-05
11218: 8.91345e-05
11219: 8.91266e-05
11220: 8.91186e-05
11221: 8.91107e-05
11222: 8.91027e-05
11223: 8.90948e-05
11224: 8.90869e-05
11225: 8.90789e-05
11226: 8.9071e-05
11227: 8.90631e-05
11228: 8.90551e-05
11229: 8.90472e-05
11230: 8.90393e-05
11231: 8.90313e-05
11232: 8.90234e-05
11233: 8.90155e-05
11234: 8.90076e-05
11235: 8.89996e-05
11236: 8.89917e-05
11237: 8.89838e-05
11238: 8.89759e-05
11239: 8.8968e-05
11240: 8.89601e-05
11241: 8.89521e-05
11242: 8.89442e-05
11243: 8.89363e-05
11244: 8.89284e-05
11245: 8.89205e-05
11246: 8.89126e-05
11247: 8.89047e-05
11248: 8.88968e-05
11249: 8.88889e-05
11250: 8.8881e-05
11251: 8.88731e-05
11252: 8.88652e-05
11253: 8.88573e-05
11254: 8.88494e-05
11255: 8.88415e-05
11256: 8.88336e-05
11257: 8.88257e-05
11258: 8.88178e-05
11259: 8.88099e-05
11260: 8.88021e-05
11261: 8.87942e-05
11262: 8.87863e-05
11263: 8.87784e-05
11264: 8.87705e-05
11265: 8.87626e-05
11266: 8.87548e-05
11267: 8.87469e-05
11268: 8.8739e-05
11269: 8.87311e-05
11270: 8.87233e-05
11271: 8.87154e-05
11272: 8.87075e-05
11273: 8.86997e-05
11274: 8.86918e-05
11275: 8.86839e-05
11276: 8.86761e-05
11277: 8.86682e-05
11278: 8.86603e-05
11279: 8.86525e-05
11280: 8.86446e-05
11281: 8.86368e-05
11282: 8.86289e-05
11283: 8.86211e-05
11284: 8.86132e-05
11285: 8.86054e-05
11286: 8.85975e-05
11287: 8.85897e-05
11288: 8.85818e-05
11289: 8.8574e-05
11290: 8.85661e-05
11291: 8.85583e-05
11292: 8.85504e-05
11293: 8.85426e-05
11294: 8.85347e-05
11295: 8.85269e-05
11296: 8.85191e-05
11297: 8.85112e-05
11298: 8.85034e-05
11299: 8.84956e-05
11300: 8.84877e-05
11301: 8.84799e-05
11302: 8.84721e-05
11303: 8.84643e-05
11304: 8.84564e-05
11305: 8.84486e-05
11306: 8.84408e-05
11307: 8.8433e-05
11308: 8.84251e-05
11309: 8.84173e-05
11310: 8.84095e-05
11311: 8.84017e-05
11312: 8.83939e-05
11313: 8.83861e-05
11314: 8.83783e-05
11315: 8.83704e-05
11316: 8.83626e-05
11317: 8.83548e-05
11318: 8.8347e-05
11319: 8.83392e-05
11320: 8.83314e-05
11321: 8.83236e-05
11322: 8.83158e-05
11323: 8.8308e-05
11324: 8.83002e-05
11325: 8.82924e-05
11326: 8.82846e-05
11327: 8.82768e-05
11328: 8.8269e-05
11329: 8.82613e-05
11330: 8.82535e-05
11331: 8.82457e-05
11332: 8.82379e-05
11333: 8.82301e-05
11334: 8.82223e-05
11335: 8.82145e-05
11336: 8.82068e-05
11337: 8.8199e-05
11338: 8.81912e-05
11339: 8.81834e-05
11340: 8.81756e-05
11341: 8.81679e-05
11342: 8.81601e-05
11343: 8.81523e-05
11344: 8.81446e-05
11345: 8.81368e-05
11346: 8.8129e-05
11347: 8.81213e-05
11348: 8.81135e-05
11349: 8.81057e-05
11350: 8.8098e-05
11351: 8.80902e-05
11352: 8.80824e-05
11353: 8.80747e-05
11354: 8.80669e-05
11355: 8.80592e-05
11356: 8.80514e-05
11357: 8.80437e-05
11358: 8.80359e-05
11359: 8.80282e-05
11360: 8.80204e-05
11361: 8.80127e-05
11362: 8.80049e-05
11363: 8.79972e-05
11364: 8.79894e-05
11365: 8.79817e-05
11366: 8.7974e-05
11367: 8.79662e-05
11368: 8.79585e-05
11369: 8.79507e-05
11370: 8.7943e-05
11371: 8.79353e-05
11372: 8.79275e-05
11373: 8.79198e-05
11374: 8.79121e-05
11375: 8.79044e-05
11376: 8.78966e-05
11377: 8.78889e-05
11378: 8.78812e-05
11379: 8.78735e-05
11380: 8.78657e-05
11381: 8.7858e-05
11382: 8.78503e-05
11383: 8.78426e-05
11384: 8.78349e-05
11385: 8.78272e-05
11386: 8.78194e-05
11387: 8.78117e-05
11388: 8.7804e-05
11389: 8.77963e-05
11390: 8.77886e-05
11391: 8.77809e-05
11392: 8.77732e-05
11393: 8.77655e-05
11394: 8.77578e-05
11395: 8.77501e-05
11396: 8.77424e-05
11397: 8.77347e-05
11398: 8.7727e-05
11399: 8.77193e-05
11400: 8.77116e-05
11401: 8.77039e-05
11402: 8.76962e-05
11403: 8.76885e-05
11404: 8.76808e-05
11405: 8.76732e-05
11406: 8.76655e-05
11407: 8.76578e-05
11408: 8.76501e-05
11409: 8.76424e-05
11410: 8.76347e-05
11411: 8.76271e-05
11412: 8.76194e-05
11413: 8.76117e-05
11414: 8.7604e-05
11415: 8.75964e-05
11416: 8.75887e-05
11417: 8.7581e-05
11418: 8.75733e-05
11419: 8.75657e-05
11420: 8.7558e-05
11421: 8.75503e-05
11422: 8.75427e-05
11423: 8.7535e-05
11424: 8.75274e-05
11425: 8.75197e-05
11426: 8.7512e-05
11427: 8.75044e-05
11428: 8.74967e-05
11429: 8.74891e-05
11430: 8.74814e-05
11431: 8.74738e-05
11432: 8.74661e-05
11433: 8.74585e-05
11434: 8.74508e-05
11435: 8.74432e-05
11436: 8.74355e-05
11437: 8.74279e-05
11438: 8.74202e-05
11439: 8.74126e-05
11440: 8.74049e-05
11441: 8.73973e-05
11442: 8.73897e-05
11443: 8.7382e-05
11444: 8.73744e-05
11445: 8.73668e-05
11446: 8.73591e-05
11447: 8.73515e-05
11448: 8.73439e-05
11449: 8.73362e-05
11450: 8.73286e-05
11451: 8.7321e-05
11452: 8.73134e-05
11453: 8.73057e-05
11454: 8.72981e-05
11455: 8.72905e-05
11456: 8.72829e-05
11457: 8.72753e-05
11458: 8.72676e-05
11459: 8.726e-05
11460: 8.72524e-05
11461: 8.72448e-05
11462: 8.72372e-05
11463: 8.72296e-05
11464: 8.7222e-05
11465: 8.72144e-05
11466: 8.72068e-05
11467: 8.71992e-05
11468: 8.71916e-05
11469: 8.7184e-05
11470: 8.71764e-05
11471: 8.71688e-05
11472: 8.71612e-05
11473: 8.71536e-05
11474: 8.7146e-05
11475: 8.71384e-05
11476: 8.71308e-05
11477: 8.71232e-05
11478: 8.71156e-05
11479: 8.7108e-05
11480: 8.71004e-05
11481: 8.70928e-05
11482: 8.70853e-05
11483: 8.70777e-05
11484: 8.70701e-05
11485: 8.70625e-05
11486: 8.70549e-05
11487: 8.70474e-05
11488: 8.70398e-05
11489: 8.70322e-05
11490: 8.70246e-05
11491: 8.70171e-05
11492: 8.70095e-05
11493: 8.70019e-05
11494: 8.69943e-05
11495: 8.69868e-05
11496: 8.69792e-05
11497: 8.69716e-05
11498: 8.69641e-05
11499: 8.69565e-05
11500: 8.6949e-05
11501: 8.69414e-05
11502: 8.69338e-05
11503: 8.69263e-05
11504: 8.69187e-05
11505: 8.69112e-05
11506: 8.69036e-05
11507: 8.68961e-05
11508: 8.68885e-05
11509: 8.6881e-05
11510: 8.68734e-05
11511: 8.68659e-05
11512: 8.68583e-05
11513: 8.68508e-05
11514: 8.68432e-05
11515: 8.68357e-05
11516: 8.68282e-05
11517: 8.68206e-05
11518: 8.68131e-05
11519: 8.68056e-05
11520: 8.6798e-05
11521: 8.67905e-05
11522: 8.6783e-05
11523: 8.67754e-05
11524: 8.67679e-05
11525: 8.67604e-05
11526: 8.67528e-05
11527: 8.67453e-05
11528: 8.67378e-05
11529: 8.67303e-05
11530: 8.67227e-05
11531: 8.67152e-05
11532: 8.67077e-05
11533: 8.67002e-05
11534: 8.66927e-05
11535: 8.66852e-05
11536: 8.66776e-05
11537: 8.66701e-05
11538: 8.66626e-05
11539: 8.66551e-05
11540: 8.66476e-05
11541: 8.66401e-05
11542: 8.66326e-05
11543: 8.66251e-05
11544: 8.66176e-05
11545: 8.66101e-05
11546: 8.66026e-05
11547: 8.65951e-05
11548: 8.65876e-05
11549: 8.65801e-05
11550: 8.65726e-05
11551: 8.65651e-05
11552: 8.65576e-05
11553: 8.65501e-05
11554: 8.65426e-05
11555: 8.65351e-05
11556: 8.65276e-05
11557: 8.65202e-05
11558: 8.65127e-05
11559: 8.65052e-05
11560: 8.64977e-05
11561: 8.64902e-05
11562: 8.64827e-05
11563: 8.64753e-05
11564: 8.64678e-05
11565: 8.64603e-05
11566: 8.64528e-05
11567: 8.64454e-05
11568: 8.64379e-05
11569: 8.64304e-05
11570: 8.6423e-05
11571: 8.64155e-05
11572: 8.6408e-05
11573: 8.64006e-05
11574: 8.63931e-05
11575: 8.63856e-05
11576: 8.63782e-05
11577: 8.63707e-05
11578: 8.63632e-05
11579: 8.63558e-05
11580: 8.63483e-05
11581: 8.63409e-05
11582: 8.63334e-05
11583: 8.6326e-05
11584: 8.63185e-05
11585: 8.63111e-05
11586: 8.63036e-05
11587: 8.62962e-05
11588: 8.62887e-05
11589: 8.62813e-05
11590: 8.62738e-05
11591: 8.62664e-05
11592: 8.62589e-05
11593: 8.62515e-05
11594: 8.62441e-05
11595: 8.62366e-05
11596: 8.62292e-05
11597: 8.62218e-05
11598: 8.62143e-05
11599: 8.62069e-05
11600: 8.61995e-05
11601: 8.6192e-05
11602: 8.61846e-05
11603: 8.61772e-05
11604: 8.61698e-05
11605: 8.61623e-05
11606: 8.61549e-05
11607: 8.61475e-05
11608: 8.61401e-05
11609: 8.61326e-05
11610: 8.61252e-05
11611: 8.61178e-05
11612: 8.61104e-05
11613: 8.6103e-05
11614: 8.60956e-05
11615: 8.60882e-05
11616: 8.60807e-05
11617: 8.60733e-05
11618: 8.60659e-05
11619: 8.60585e-05
11620: 8.60511e-05
11621: 8.60437e-05
11622: 8.60363e-05
11623: 8.60289e-05
11624: 8.60215e-05
11625: 8.60141e-05
11626: 8.60067e-05
11627: 8.59993e-05
11628: 8.59919e-05
11629: 8.59845e-05
11630: 8.59771e-05
11631: 8.59697e-05
11632: 8.59623e-05
11633: 8.5955e-05
11634: 8.59476e-05
11635: 8.59402e-05
11636: 8.59328e-05
11637: 8.59254e-05
11638: 8.5918e-05
11639: 8.59107e-05
11640: 8.59033e-05
11641: 8.58959e-05
11642: 8.58885e-05
11643: 8.58811e-05
11644: 8.58738e-05
11645: 8.58664e-05
11646: 8.5859e-05
11647: 8.58516e-05
11648: 8.58443e-05
11649: 8.58369e-05
11650: 8.58295e-05
11651: 8.58222e-05
11652: 8.58148e-05
11653: 8.58074e-05
11654: 8.58001e-05
11655: 8.57927e-05
11656: 8.57854e-05
11657: 8.5778e-05
11658: 8.57706e-05
11659: 8.57633e-05
11660: 8.57559e-05
11661: 8.57486e-05
11662: 8.57412e-05
11663: 8.57339e-05
11664: 8.57265e-05
11665: 8.57192e-05
11666: 8.57118e-05
11667: 8.57045e-05
11668: 8.56971e-05
11669: 8.56898e-05
11670: 8.56825e-05
11671: 8.56751e-05
11672: 8.56678e-05
11673: 8.56604e-05
11674: 8.56531e-05
11675: 8.56458e-05
11676: 8.56384e-05
11677: 8.56311e-05
11678: 8.56238e-05
11679: 8.56164e-05
11680: 8.56091e-05
11681: 8.56018e-05
11682: 8.55945e-05
11683: 8.55871e-05
11684: 8.55798e-05
11685: 8.55725e-05
11686: 8.55652e-05
11687: 8.55578e-05
11688: 8.55505e-05
11689: 8.55432e-05
11690: 8.55359e-05
11691: 8.55286e-05
11692: 8.55213e-05
11693: 8.55139e-05
11694: 8.55066e-05
11695: 8.54993e-05
11696: 8.5492e-05
11697: 8.54847e-05
11698: 8.54774e-05
11699: 8.54701e-05
11700: 8.54628e-05
11701: 8.54555e-05
11702: 8.54482e-05
11703: 8.54409e-05
11704: 8.54336e-05
11705: 8.54263e-05
11706: 8.5419e-05
11707: 8.54117e-05
11708: 8.54044e-05
11709: 8.53971e-05
11710: 8.53898e-05
11711: 8.53825e-05
11712: 8.53752e-05
11713: 8.53679e-05
11714: 8.53606e-05
11715: 8.53534e-05
11716: 8.53461e-05
11717: 8.53388e-05
11718: 8.53315e-05
11719: 8.53242e-05
11720: 8.5317e-05
11721: 8.53097e-05
11722: 8.53024e-05
11723: 8.52951e-05
11724: 8.52878e-05
11725: 8.52806e-05
11726: 8.52733e-05
11727: 8.5266e-05
11728: 8.52588e-05
11729: 8.52515e-05
11730: 8.52442e-05
11731: 8.5237e-05
11732: 8.52297e-05
11733: 8.52224e-05
11734: 8.52152e-05
11735: 8.52079e-05
11736: 8.52006e-05
11737: 8.51934e-05
11738: 8.51861e-05
11739: 8.51789e-05
11740: 8.51716e-05
11741: 8.51644e-05
11742: 8.51571e-05
11743: 8.51499e-05
11744: 8.51426e-05
11745: 8.51354e-05
11746: 8.51281e-05
11747: 8.51209e-05
11748: 8.51136e-05
11749: 8.51064e-05
11750: 8.50991e-05
11751: 8.50919e-05
11752: 8.50847e-05
11753: 8.50774e-05
11754: 8.50702e-05
11755: 8.50629e-05
11756: 8.50557e-05
11757: 8.50485e-05
11758: 8.50412e-05
11759: 8.5034e-05
11760: 8.50268e-05
11761: 8.50196e-05
11762: 8.50123e-05
11763: 8.50051e-05
11764: 8.49979e-05
11765: 8.49907e-05
11766: 8.49834e-05
11767: 8.49762e-05
11768: 8.4969e-05
11769: 8.49618e-05
11770: 8.49545e-05
11771: 8.49473e-05
11772: 8.49401e-05
11773: 8.49329e-05
11774: 8.49257e-05
11775: 8.49185e-05
11776: 8.49113e-05
11777: 8.49041e-05
11778: 8.48969e-05
11779: 8.48896e-05
11780: 8.48824e-05
11781: 8.48752e-05
11782: 8.4868e-05
11783: 8.48608e-05
11784: 8.48536e-05
11785: 8.48464e-05
11786: 8.48392e-05
11787: 8.4832e-05
11788: 8.48248e-05
11789: 8.48176e-05
11790: 8.48104e-05
11791: 8.48033e-05
11792: 8.47961e-05
11793: 8.47889e-05
11794: 8.47817e-05
11795: 8.47745e-05
11796: 8.47673e-05
11797: 8.47601e-05
11798: 8.47529e-05
11799: 8.47458e-05
11800: 8.47386e-05
11801: 8.47314e-05
11802: 8.47242e-05
11803: 8.4717e-05
11804: 8.47099e-05
11805: 8.47027e-05
11806: 8.46955e-05
11807: 8.46883e-05
11808: 8.46812e-05
11809: 8.4674e-05
11810: 8.46668e-05
11811: 8.46597e-05
11812: 8.46525e-05
11813: 8.46453e-05
11814: 8.46382e-05
11815: 8.4631e-05
11816: 8.46238e-05
11817: 8.46167e-05
11818: 8.46095e-05
11819: 8.46024e-05
11820: 8.45952e-05
11821: 8.45881e-05
11822: 8.45809e-05
11823: 8.45737e-05
11824: 8.45666e-05
11825: 8.45594e-05
11826: 8.45523e-05
11827: 8.45451e-05
11828: 8.4538e-05
11829: 8.45309e-05
11830: 8.45237e-05
11831: 8.45166e-05
11832: 8.45094e-05
11833: 8.45023e-05
11834: 8.44951e-05
11835: 8.4488e-05
11836: 8.44809e-05
11837: 8.44737e-05
11838: 8.44666e-05
11839: 8.44595e-05
11840: 8.44523e-05
11841: 8.44452e-05
11842: 8.44381e-05
11843: 8.44309e-05
11844: 8.44238e-05
11845: 8.44167e-05
11846: 8.44096e-05
11847: 8.44024e-05
11848: 8.43953e-05
11849: 8.43882e-05
11850: 8.43811e-05
11851: 8.43739e-05
11852: 8.43668e-05
11853: 8.43597e-05
11854: 8.43526e-05
11855: 8.43455e-05
11856: 8.43384e-05
11857: 8.43313e-05
11858: 8.43241e-05
11859: 8.4317e-05
11860: 8.43099e-05
11861: 8.43028e-05
11862: 8.42957e-05
11863: 8.42886e-05
11864: 8.42815e-05
11865: 8.42744e-05
11866: 8.42673e-05
11867: 8.42602e-05
11868: 8.42531e-05
11869: 8.4246e-05
11870: 8.42389e-05
11871: 8.42318e-05
11872: 8.42247e-05
11873: 8.42176e-05
11874: 8.42105e-05
11875: 8.42034e-05
11876: 8.41963e-05
11877: 8.41893e-05
11878: 8.41822e-05
11879: 8.41751e-05
11880: 8.4168e-05
11881: 8.41609e-05
11882: 8.41538e-05
11883: 8.41468e-05
11884: 8.41397e-05
11885: 8.41326e-05
11886: 8.41255e-05
11887: 8.41184e-05
11888: 8.41114e-05
11889: 8.41043e-05
11890: 8.40972e-05
11891: 8.40901e-05
11892: 8.40831e-05
11893: 8.4076e-05
11894: 8.40689e-05
11895: 8.40619e-05
11896: 8.40548e-05
11897: 8.40477e-05
11898: 8.40407e-05
11899: 8.40336e-05
11900: 8.40266e-05
11901: 8.40195e-05
11902: 8.40124e-05
11903: 8.40054e-05
11904: 8.39983e-05
11905: 8.39913e-05
11906: 8.39842e-05
11907: 8.39772e-05
11908: 8.39701e-05
11909: 8.39631e-05
11910: 8.3956e-05
11911: 8.3949e-05
11912: 8.39419e-05
11913: 8.39349e-05
11914: 8.39278e-05
11915: 8.39208e-05
11916: 8.39137e-05
11917: 8.39067e-05
11918: 8.38997e-05
11919: 8.38926e-05
11920: 8.38856e-05
11921: 8.38785e-05
11922: 8.38715e-05
11923: 8.38645e-05
11924: 8.38574e-05
11925: 8.38504e-05
11926: 8.38434e-05
11927: 8.38364e-05
11928: 8.38293e-05
11929: 8.38223e-05
11930: 8.38153e-05
11931: 8.38082e-05
11932: 8.38012e-05
11933: 8.37942e-05
11934: 8.37872e-05
11935: 8.37802e-05
11936: 8.37731e-05
11937: 8.37661e-05
11938: 8.37591e-05
11939: 8.37521e-05
11940: 8.37451e-05
11941: 8.37381e-05
11942: 8.37311e-05
11943: 8.3724e-05
11944: 8.3717e-05
11945: 8.371e-05
11946: 8.3703e-05
11947: 8.3696e-05
11948: 8.3689e-05
11949: 8.3682e-05
11950: 8.3675e-05
11951: 8.3668e-05
11952: 8.3661e-05
11953: 8.3654e-05
11954: 8.3647e-05
11955: 8.364e-05
11956: 8.3633e-05
11957: 8.3626e-05
11958: 8.3619e-05
11959: 8.3612e-05
11960: 8.3605e-05
11961: 8.35981e-05
11962: 8.35911e-05
11963: 8.35841e-05
11964: 8.35771e-05
11965: 8.35701e-05
11966: 8.35631e-05
11967: 8.35561e-05
11968: 8.35492e-05
11969: 8.35422e-05
11970: 8.35352e-05
11971: 8.35282e-05
11972: 8.35213e-05
11973: 8.35143e-05
11974: 8.35073e-05
11975: 8.35003e-05
11976: 8.34934e-05
11977: 8.34864e-05
11978: 8.34794e-05
11979: 8.34725e-05
11980: 8.34655e-05
11981: 8.34585e-05
11982: 8.34516e-05
11983: 8.34446e-05
11984: 8.34376e-05
11985: 8.34307e-05
11986: 8.34237e-05
11987: 8.34168e-05
11988: 8.34098e-05
11989: 8.34028e-05
11990: 8.33959e-05
11991: 8.33889e-05
11992: 8.3382e-05
11993: 8.3375e-05
11994: 8.33681e-05
11995: 8.33611e-05
11996: 8.33542e-05
11997: 8.33472e-05
11998: 8.33403e-05
11999: 8.33333e-05
12000: 8.33264e-05
12001: 8.33194e-05
12002: 8.33125e-05
12003: 8.33056e-05
12004: 8.32986e-05
12005: 8.32917e-05
12006: 8.32848e-05
12007: 8.32778e-05
12008: 8.32709e-05
12009: 8.32639e-05
12010: 8.3257e-05
12011: 8.32501e-05
12012: 8.32432e-05
12013: 8.32362e-05
12014: 8.32293e-05
12015: 8.32224e-05
12016: 8.32154e-05
12017: 8.32085e-05
12018: 8.32016e-05
12019: 8.31947e-05
12020: 8.31878e-05
12021: 8.31808e-05
12022: 8.31739e-05
12023: 8.3167e-05
12024: 8.31601e-05
12025: 8.31532e-05
12026: 8.31463e-05
12027: 8.31393e-05
12028: 8.31324e-05
12029: 8.31255e-05
12030: 8.31186e-05
12031: 8.31117e-05
12032: 8.31048e-05
12033: 8.30979e-05
12034: 8.3091e-05
12035: 8.30841e-05
12036: 8.30772e-05
12037: 8.30703e-05
12038: 8.30634e-05
12039: 8.30565e-05
12040: 8.30496e-05
12041: 8.30427e-05
12042: 8.30358e-05
12043: 8.30289e-05
12044: 8.3022e-05
12045: 8.30151e-05
12046: 8.30082e-05
12047: 8.30013e-05
12048: 8.29944e-05
12049: 8.29876e-05
12050: 8.29807e-05
12051: 8.29738e-05
12052: 8.29669e-05
12053: 8.296e-05
12054: 8.29531e-05
12055: 8.29463e-05
12056: 8.29394e-05
12057: 8.29325e-05
12058: 8.29256e-05
12059: 8.29187e-05
12060: 8.29119e-05
12061: 8.2905e-05
12062: 8.28981e-05
12063: 8.28912e-05
12064: 8.28844e-05
12065: 8.28775e-05
12066: 8.28706e-05
12067: 8.28638e-05
12068: 8.28569e-05
12069: 8.285e-05
12070: 8.28432e-05
12071: 8.28363e-05
12072: 8.28295e-05
12073: 8.28226e-05
12074: 8.28157e-05
12075: 8.28089e-05
12076: 8.2802e-05
12077: 8.27952e-05
12078: 8.27883e-05
12079: 8.27815e-05
12080: 8.27746e-05
12081: 8.27678e-05
12082: 8.27609e-05
12083: 8.27541e-05
12084: 8.27472e-05
12085: 8.27404e-05
12086: 8.27335e-05
12087: 8.27267e-05
12088: 8.27198e-05
12089: 8.2713e-05
12090: 8.27061e-05
12091: 8.26993e-05
12092: 8.26925e-05
12093: 8.26856e-05
12094: 8.26788e-05
12095: 8.2672e-05
12096: 8.26651e-05
12097: 8.26583e-05
12098: 8.26515e-05
12099: 8.26446e-05
12100: 8.26378e-05
12101: 8.2631e-05
12102: 8.26241e-05
12103: 8.26173e-05
12104: 8.26105e-05
12105: 8.26037e-05
12106: 8.25968e-05
12107: 8.259e-05
12108: 8.25832e-05
12109: 8.25764e-05
12110: 8.25696e-05
12111: 8.25627e-05
12112: 8.25559e-05
12113: 8.25491e-05
12114: 8.25423e-05
12115: 8.25355e-05
12116: 8.25287e-05
12117: 8.25219e-05
12118: 8.25151e-05
12119: 8.25083e-05
12120: 8.25014e-05
12121: 8.24946e-05
12122: 8.24878e-05
12123: 8.2481e-05
12124: 8.24742e-05
12125: 8.24674e-05
12126: 8.24606e-05
12127: 8.24538e-05
12128: 8.2447e-05
12129: 8.24402e-05
12130: 8.24334e-05
12131: 8.24266e-05
12132: 8.24198e-05
12133: 8.24131e-05
12134: 8.24063e-05
12135: 8.23995e-05
12136: 8.23927e-05
12137: 8.23859e-05
12138: 8.23791e-05
12139: 8.23723e-05
12140: 8.23655e-05
12141: 8.23588e-05
12142: 8.2352e-05
12143: 8.23452e-05
12144: 8.23384e-05
12145: 8.23316e-05
12146: 8.23249e-05
12147: 8.23181e-05
12148: 8.23113e-05
12149: 8.23045e-05
12150: 8.22978e-05
12151: 8.2291e-05
12152: 8.22842e-05
12153: 8.22774e-05
12154: 8.22707e-05
12155: 8.22639e-05
12156: 8.22571e-05
12157: 8.22504e-05
12158: 8.22436e-05
12159: 8.22368e-05
12160: 8.22301e-05
12161: 8.22233e-05
12162: 8.22166e-05
12163: 8.22098e-05
12164: 8.2203e-05
12165: 8.21963e-05
12166: 8.21895e-05
12167: 8.21828e-05
12168: 8.2176e-05
12169: 8.21693e-05
12170: 8.21625e-05
12171: 8.21558e-05
12172: 8.2149e-05
12173: 8.21423e-05
12174: 8.21355e-05
12175: 8.21288e-05
12176: 8.2122e-05
12177: 8.21153e-05
12178: 8.21085e-05
12179: 8.21018e-05
12180: 8.20951e-05
12181: 8.20883e-05
12182: 8.20816e-05
12183: 8.20749e-05
12184: 8.20681e-05
12185: 8.20614e-05
12186: 8.20546e-05
12187: 8.20479e-05
12188: 8.20412e-05
12189: 8.20345e-05
12190: 8.20277e-05
12191: 8.2021e-05
12192: 8.20143e-05
12193: 8.20075e-05
12194: 8.20008e-05
12195: 8.19941e-05
12196: 8.19874e-05
12197: 8.19807e-05
12198: 8.19739e-05
12199: 8.19672e-05
12200: 8.19605e-05
12201: 8.19538e-05
12202: 8.19471e-05
12203: 8.19403e-05
12204: 8.19336e-05
12205: 8.19269e-05
12206: 8.19202e-05
12207: 8.19135e-05
12208: 8.19068e-05
12209: 8.19001e-05
12210: 8.18934e-05
12211: 8.18867e-05
12212: 8.188e-05
12213: 8.18733e-05
12214: 8.18666e-05
12215: 8.18599e-05
12216: 8.18532e-05
12217: 8.18465e-05
12218: 8.18398e-05
12219: 8.18331e-05
12220: 8.18264e-05
12221: 8.18197e-05
12222: 8.1813e-05
12223: 8.18063e-05
12224: 8.17996e-05
12225: 8.17929e-05
12226: 8.17862e-05
12227: 8.17795e-05
12228: 8.17728e-05
12229: 8.17661e-05
12230: 8.17595e-05
12231: 8.17528e-05
12232: 8.17461e-05
12233: 8.17394e-05
12234: 8.17327e-05
12235: 8.17261e-05
12236: 8.17194e-05
12237: 8.17127e-05
12238: 8.1706e-05
12239: 8.16993e-05
12240: 8.16927e-05
12241: 8.1686e-05
12242: 8.16793e-05
12243: 8.16727e-05
12244: 8.1666e-05
12245: 8.16593e-05
12246: 8.16526e-05
12247: 8.1646e-05
12248: 8.16393e-05
12249: 8.16327e-05
12250: 8.1626e-05
12251: 8.16193e-05
12252: 8.16127e-05
12253: 8.1606e-05
12254: 8.15993e-05
12255: 8.15927e-05
12256: 8.1586e-05
12257: 8.15794e-05
12258: 8.15727e-05
12259: 8.15661e-05
12260: 8.15594e-05
12261: 8.15528e-05
12262: 8.15461e-05
12263: 8.15395e-05
12264: 8.15328e-05
12265: 8.15262e-05
12266: 8.15195e-05
12267: 8.15129e-05
12268: 8.15062e-05
12269: 8.14996e-05
12270: 8.1493e-05
12271: 8.14863e-05
12272: 8.14797e-05
12273: 8.1473e-05
12274: 8.14664e-05
12275: 8.14598e-05
12276: 8.14531e-05
12277: 8.14465e-05
12278: 8.14399e-05
12279: 8.14332e-05
12280: 8.14266e-05
12281: 8.142e-05
12282: 8.14133e-05
12283: 8.14067e-05
12284: 8.14001e-05
12285: 8.13935e-05
12286: 8.13868e-05
12287: 8.13802e-05
12288: 8.13736e-05
12289: 8.1367e-05
12290: 8.13603e-05
12291: 8.13537e-05
12292: 8.13471e-05
12293: 8.13405e-05
12294: 8.13339e-05
12295: 8.13273e-05
12296: 8.13206e-05
12297: 8.1314e-05
12298: 8.13074e-05
12299: 8.13008e-05
12300: 8.12942e-05
12301: 8.12876e-05
12302: 8.1281e-05
12303: 8.12744e-05
12304: 8.12678e-05
12305: 8.12612e-05
12306: 8.12546e-05
12307: 8.1248e-05
12308: 8.12414e-05
12309: 8.12348e-05
12310: 8.12282e-05
12311: 8.12216e-05
12312: 8.1215e-05
12313: 8.12084e-05
12314: 8.12018e-05
12315: 8.11952e-05
12316: 8.11886e-05
12317: 8.1182e-05
12318: 8.11754e-05
12319: 8.11688e-05
12320: 8.11622e-05
12321: 8.11557e-05
12322: 8.11491e-05
12323: 8.11425e-05
12324: 8.11359e-05
12325: 8.11293e-05
12326: 8.11227e-05
12327: 8.11162e-05
12328: 8.11096e-05
12329: 8.1103e-05
12330: 8.10964e-05
12331: 8.10898e-05
12332: 8.10833e-05
12333: 8.10767e-05
12334: 8.10701e-05
12335: 8.10636e-05
12336: 8.1057e-05
12337: 8.10504e-05
12338: 8.10438e-05
12339: 8.10373e-05
12340: 8.10307e-05
12341: 8.10241e-05
12342: 8.10176e-05
12343: 8.1011e-05
12344: 8.10045e-05
12345: 8.09979e-05
12346: 8.09913e-05
12347: 8.09848e-05
12348: 8.09782e-05
12349: 8.09717e-05
12350: 8.09651e-05
12351: 8.09585e-05
12352: 8.0952e-05
12353: 8.09454e-05
12354: 8.09389e-05
12355: 8.09323e-05
12356: 8.09258e-05
12357: 8.09192e-05
12358: 8.09127e-05
12359: 8.09061e-05
12360: 8.08996e-05
12361: 8.08931e-05
12362: 8.08865e-05
12363: 8.088e-05
12364: 8.08734e-05
12365: 8.08669e-05
12366: 8.08604e-05
12367: 8.08538e-05
12368: 8.08473e-05
12369: 8.08407e-05
12370: 8.08342e-05
12371: 8.08277e-05
12372: 8.08211e-05
12373: 8.08146e-05
12374: 8.08081e-05
12375: 8.08016e-05
12376: 8.0795e-05
12377: 8.07885e-05
12378: 8.0782e-05
12379: 8.07754e-05
12380: 8.07689e-05
12381: 8.07624e-05
12382: 8.07559e-05
12383: 8.07494e-05
12384: 8.07428e-05
12385: 8.07363e-05
12386: 8.07298e-05
12387: 8.07233e-05
12388: 8.07168e-05
12389: 8.07103e-05
12390: 8.07037e-05
12391: 8.06972e-05
12392: 8.06907e-05
12393: 8.06842e-05
12394: 8.06777e-05
12395: 8.06712e-05
12396: 8.06647e-05
12397: 8.06582e-05
12398: 8.06517e-05
12399: 8.06452e-05
12400: 8.06387e-05
12401: 8.06322e-05
12402: 8.06257e-05
12403: 8.06192e-05
12404: 8.06127e-05
12405: 8.06062e-05
12406: 8.05997e-05
12407: 8.05932e-05
12408: 8.05867e-05
12409: 8.05802e-05
12410: 8.05737e-05
12411: 8.05672e-05
12412: 8.05607e-05
12413: 8.05542e-05
12414: 8.05477e-05
12415: 8.05412e-05
12416: 8.05348e-05
12417: 8.05283e-05
12418: 8.05218e-05
12419: 8.05153e-05
12420: 8.05088e-05
12421: 8.05023e-05
12422: 8.04959e-05
12423: 8.04894e-05
12424: 8.04829e-05
12425: 8.04764e-05
12426: 8.04699e-05
12427: 8.04635e-05
12428: 8.0457e-05
12429: 8.04505e-05
12430: 8.04441e-05
12431: 8.04376e-05
12432: 8.04311e-05
12433: 8.04246e-05
12434: 8.04182e-05
12435: 8.04117e-05
12436: 8.04052e-05
12437: 8.03988e-05
12438: 8.03923e-05
12439: 8.03859e-05
12440: 8.03794e-05
12441: 8.03729e-05
12442: 8.03665e-05
12443: 8.036e-05
12444: 8.03536e-05
12445: 8.03471e-05
12446: 8.03406e-05
12447: 8.03342e-05
12448: 8.03277e-05
12449: 8.03213e-05
12450: 8.03148e-05
12451: 8.03084e-05
12452: 8.03019e-05
12453: 8.02955e-05
12454: 8.0289e-05
12455: 8.02826e-05
12456: 8.02761e-05
12457: 8.02697e-05
12458: 8.02633e-05
12459: 8.02568e-05
12460: 8.02504e-05
12461: 8.02439e-05
12462: 8.02375e-05
12463: 8.02311e-05
12464: 8.02246e-05
12465: 8.02182e-05
12466: 8.02118e-05
12467: 8.02053e-05
12468: 8.01989e-05
12469: 8.01925e-05
12470: 8.0186e-05
12471: 8.01796e-05
12472: 8.01732e-05
12473: 8.01667e-05
12474: 8.01603e-05
12475: 8.01539e-05
12476: 8.01475e-05
12477: 8.0141e-05
12478: 8.01346e-05
12479: 8.01282e-05
12480: 8.01218e-05
12481: 8.01154e-05
12482: 8.01089e-05
12483: 8.01025e-05
12484: 8.00961e-05
12485: 8.00897e-05
12486: 8.00833e-05
12487: 8.00769e-05
12488: 8.00705e-05
12489: 8.00641e-05
12490: 8.00576e-05
12491: 8.00512e-05
12492: 8.00448e-05
12493: 8.00384e-05
12494: 8.0032e-05
12495: 8.00256e-05
12496: 8.00192e-05
12497: 8.00128e-05
12498: 8.00064e-05
12499: 8e-05
12500: 7.99936e-05
12501: 7.99872e-05
12502: 7.99808e-05
12503: 7.99744e-05
12504: 7.9968e-05
12505: 7.99616e-05
12506: 7.99552e-05
12507: 7.99488e-05
12508: 7.99424e-05
12509: 7.99361e-05
12510: 7.99297e-05
12511: 7.99233e-05
12512: 7.99169e-05
12513: 7.99105e-05
12514: 7.99041e-05
12515: 7.98977e-05
12516: 7.98913e-05
12517: 7.9885e-05
12518: 7.98786e-05
12519: 7.98722e-05
12520: 7.98658e-05
12521: 7.98594e-05
12522: 7.98531e-05
12523: 7.98467e-05
12524: 7.98403e-05
12525: 7.98339e-05
12526: 7.98276e-05
12527: 7.98212e-05
12528: 7.98148e-05
12529: 7.98085e-05
12530: 7.98021e-05
12531: 7.97957e-05
12532: 7.97894e-05
12533: 7.9783e-05
12534: 7.97766e-05
12535: 7.97703e-05
12536: 7.97639e-05
12537: 7.97575e-05
12538: 7.97512e-05
12539: 7.97448e-05
12540: 7.97385e-05
12541: 7.97321e-05
12542: 7.97257e-05
12543: 7.97194e-05
12544: 7.9713e-05
12545: 7.97067e-05
12546: 7.97003e-05
12547: 7.9694e-05
12548: 7.96876e-05
12549: 7.96813e-05
12550: 7.96749e-05
12551: 7.96686e-05
12552: 7.96622e-05
12553: 7.96559e-05
12554: 7.96495e-05
12555: 7.96432e-05
12556: 7.96369e-05
12557: 7.96305e-05
12558: 7.96242e-05
12559: 7.96178e-05
12560: 7.96115e-05
12561: 7.96052e-05
12562: 7.95988e-05
12563: 7.95925e-05
12564: 7.95862e-05
12565: 7.95798e-05
12566: 7.95735e-05
12567: 7.95672e-05
12568: 7.95608e-05
12569: 7.95545e-05
12570: 7.95482e-05
12571: 7.95418e-05
12572: 7.95355e-05
12573: 7.95292e-05
12574: 7.95229e-05
12575: 7.95165e-05
12576: 7.95102e-05
12577: 7.95039e-05
12578: 7.94976e-05
12579: 7.94913e-05
12580: 7.94849e-05
12581: 7.94786e-05
12582: 7.94723e-05
12583: 7.9466e-05
12584: 7.94597e-05
12585: 7.94534e-05
12586: 7.9447e-05
12587: 7.94407e-05
12588: 7.94344e-05
12589: 7.94281e-05
12590: 7.94218e-05
12591: 7.94155e-05
12592: 7.94092e-05
12593: 7.94029e-05
12594: 7.93966e-05
12595: 7.93903e-05
12596: 7.9384e-05
12597: 7.93777e-05
12598: 7.93714e-05
12599: 7.93651e-05
12600: 7.93588e-05
12601: 7.93525e-05
12602: 7.93462e-05
12603: 7.93399e-05
12604: 7.93336e-05
12605: 7.93273e-05
12606: 7.9321e-05
12607: 7.93147e-05
12608: 7.93084e-05
12609: 7.93021e-05
12610: 7.92959e-05
12611: 7.92896e-05
12612: 7.92833e-05
12613: 7.9277e-05
12614: 7.92707e-05
12615: 7.92644e-05
12616: 7.92581e-05
12617: 7.92519e-05
12618: 7.92456e-05
12619: 7.92393e-05
12620: 7.9233e-05
12621: 7.92267e-05
12622: 7.92205e-05
12623: 7.92142e-05
12624: 7.92079e-05
12625: 7.92016e-05
12626: 7.91954e-05
12627: 7.91891e-05
12628: 7.91828e-05
12629: 7.91766e-05
12630: 7.91703e-05
12631: 7.9164e-05
12632: 7.91578e-05
12633: 7.91515e-05
12634: 7.91452e-05
12635: 7.9139e-05
12636: 7.91327e-05
12637: 7.91264e-05
12638: 7.91202e-05
12639: 7.91139e-05
12640: 7.91077e-05
12641: 7.91014e-05
12642: 7.90952e-05
12643: 7.90889e-05
12644: 7.90826e-05
12645: 7.90764e-05
12646: 7.90701e-05
12647: 7.90639e-05
12648: 7.90576e-05
12649: 7.90514e-05
12650: 7.90451e-05
12651: 7.90389e-05
12652: 7.90326e-05
12653: 7.90264e-05
12654: 7.90202e-05
12655: 7.90139e-05
12656: 7.90077e-05
12657: 7.90014e-05
12658: 7.89952e-05
12659: 7.89889e-05
12660: 7.89827e-05
12661: 7.89765e-05
12662: 7.89702e-05
12663: 7.8964e-05
12664: 7.89578e-05
12665: 7.89515e-05
12666: 7.89453e-05
12667: 7.89391e-05
12668: 7.89328e-05
12669: 7.89266e-05
12670: 7.89204e-05
12671: 7.89141e-05
12672: 7.89079e-05
12673: 7.89017e-05
12674: 7.88955e-05
12675: 7.88892e-05
12676: 7.8883e-05
12677: 7.88768e-05
12678: 7.88706e-05
12679: 7.88644e-05
12680: 7.88581e-05
12681: 7.88519e-05
12682: 7.88457e-05
12683: 7.88395e-05
12684: 7.88333e-05
12685: 7.88271e-05
12686: 7.88208e-05
12687: 7.88146e-05
12688: 7.88084e-05
12689: 7.88022e-05
12690: 7.8796e-05
12691: 7.87898e-05
12692: 7.87836e-05
12693: 7.87774e-05
12694: 7.87712e-05
12695: 7.8765e-05
12696: 7.87588e-05
12697: 7.87526e-05
12698: 7.87464e-05
12699: 7.87402e-05
12700: 7.8734e-05
12701: 7.87278e-05
12702: 7.87216e-05
12703: 7.87154e-05
12704: 7.87092e-05
12705: 7.8703e-05
12706: 7.86968e-05
12707: 7.86906e-05
12708: 7.86844e-05
12709: 7.86782e-05
12710: 7.8672e-05
12711: 7.86658e-05
12712: 7.86596e-05
12713: 7.86535e-05
12714: 7.86473e-05
12715: 7.86411e-05
12716: 7.86349e-05
12717: 7.86287e-05
12718: 7.86225e-05
12719: 7.86164e-05
12720: 7.86102e-05
12721: 7.8604e-05
12722: 7.85978e-05
12723: 7.85916e-05
12724: 7.85855e-05
12725: 7.85793e-05
12726: 7.85731e-05
12727: 7.85669e-05
12728: 7.85608e-05
12729: 7.85546e-05
12730: 7.85484e-05
12731: 7.85423e-05
12732: 7.85361e-05
12733: 7.85299e-05
12734: 7.85238e-05
12735: 7.85176e-05
12736: 7.85114e-05
12737: 7.85053e-05
12738: 7.84991e-05
12739: 7.84929e-05
12740: 7.84868e-05
12741: 7.84806e-05
12742: 7.84745e-05
12743: 7.84683e-05
12744: 7.84621e-05
12745: 7.8456e-05
12746: 7.84498e-05
12747: 7.84437e-05
12748: 7.84375e-05
12749: 7.84314e-05
12750: 7.84252e-05
12751: 7.84191e-05
12752: 7.84129e-05
12753: 7.84068e-05
12754: 7.84006e-05
12755: 7.83945e-05
12756: 7.83883e-05
12757: 7.83822e-05
12758: 7.8376e-05
12759: 7.83699e-05
12760: 7.83638e-05
12761: 7.83576e-05
12762: 7.83515e-05
12763: 7.83453e-05
12764: 7.83392e-05
12765: 7.83331e-05
12766: 7.83269e-05
12767: 7.83208e-05
12768: 7.83147e-05
12769: 7.83085e-05
12770: 7.83024e-05
12771: 7.82963e-05
12772: 7.82901e-05
12773: 7.8284e-05
12774: 7.82779e-05
12775: 7.82718e-05
12776: 7.82656e-05
12777: 7.82595e-05
12778: 7.82534e-05
12779: 7.82473e-05
12780: 7.82411e-05
12781: 7.8235e-05
12782: 7.82289e-05
12783: 7.82228e-05
12784: 7.82167e-05
12785: 7.82105e-05
12786: 7.82044e-05
12787: 7.81983e-05
12788: 7.81922e-05
12789: 7.81861e-05
12790: 7.818e-05
12791: 7.81739e-05
12792: 7.81677e-05
12793: 7.81616e-05
12794: 7.81555e-05
12795: 7.81494e-05
12796: 7.81433e-05
12797: 7.81372e-05
12798: 7.81311e-05
12799: 7.8125e-05
12800: 7.81189e-05
12801: 7.81128e-05
12802: 7.81067e-05
12803: 7.81006e-05
12804: 7.80945e-05
12805: 7.80884e-05
12806: 7.80823e-05
12807: 7.80762e-05
12808: 7.80701e-05
12809: 7.8064e-05
12810: 7.80579e-05
12811: 7.80518e-05
12812: 7.80457e-05
12813: 7.80396e-05
12814: 7.80336e-05
12815: 7.80275e-05
12816: 7.80214e-05
12817: 7.80153e-05
12818: 7.80092e-05
12819: 7.80031e-05
12820: 7.7997e-05
12821: 7.7991e-05
12822: 7.79849e-05
12823: 7.79788e-05
12824: 7.79727e-05
12825: 7.79666e-05
12826: 7.79606e-05
12827: 7.79545e-05
12828: 7.79484e-05
12829: 7.79423e-05
12830: 7.79362e-05
12831: 7.79302e-05
12832: 7.79241e-05
12833: 7.7918e-05
12834: 7.7912e-05
12835: 7.79059e-05
12836: 7.78998e-05
12837: 7.78938e-05
12838: 7.78877e-05
12839: 7.78816e-05
12840: 7.78756e-05
12841: 7.78695e-05
12842: 7.78634e-05
12843: 7.78574e-05
12844: 7.78513e-05
12845: 7.78452e-05
12846: 7.78392e-05
12847: 7.78331e-05
12848: 7.78271e-05
12849: 7.7821e-05
12850: 7.7815e-05
12851: 7.78089e-05
12852: 7.78028e-05
12853: 7.77968e-05
12854: 7.77907e-05
12855: 7.77847e-05
12856: 7.77786e-05
12857: 7.77726e-05
12858: 7.77665e-05
12859: 7.77605e-05
12860: 7.77545e-05
12861: 7.77484e-05
12862: 7.77424e-05
12863: 7.77363e-05
12864: 7.77303e-05
12865: 7.77242e-05
12866: 7.77182e-05
12867: 7.77122e-05
12868: 7.77061e-05
12869: 7.77001e-05
12870: 7.7694e-05
12871: 7.7688e-05
12872: 7.7682e-05
12873: 7.76759e-05
12874: 7.76699e-05
12875: 7.76639e-05
12876: 7.76578e-05
12877: 7.76518e-05
12878: 7.76458e-05
12879: 7.76398e-05
12880: 7.76337e-05
12881: 7.76277e-05
12882: 7.76217e-05
12883: 7.76156e-05
12884: 7.76096e-05
12885: 7.76036e-05
12886: 7.75976e-05
12887: 7.75916e-05
12888: 7.75855e-05
12889: 7.75795e-05
12890: 7.75735e-05
12891: 7.75675e-05
12892: 7.75615e-05
12893: 7.75555e-05
12894: 7.75494e-05
12895: 7.75434e-05
12896: 7.75374e-05
12897: 7.75314e-05
12898: 7.75254e-05
12899: 7.75194e-05
12900: 7.75134e-05
12901: 7.75074e-05
12902: 7.75014e-05
12903: 7.74954e-05
12904: 7.74893e-05
12905: 7.74833e-05
12906: 7.74773e-05
12907: 7.74713e-05
12908: 7.74653e-05
12909: 7.74593e-05
12910: 7.74533e-05
12911: 7.74473e-05
12912: 7.74413e-05
12913: 7.74353e-05
12914: 7.74293e-05
12915: 7.74234e-05
12916: 7.74174e-05
12917: 7.74114e-05
12918: 7.74054e-05
12919: 7.73994e-05
12920: 7.73934e-05
12921: 7.73874e-05
12922: 7.73814e-05
12923: 7.73754e-05
12924: 7.73694e-05
12925: 7.73635e-05
12926: 7.73575e-05
12927: 7.73515e-05
12928: 7.73455e-05
12929: 7.73395e-05
12930: 7.73335e-05
12931: 7.73276e-05
12932: 7.73216e-05
12933: 7.73156e-05
12934: 7.73096e-05
12935: 7.73036e-05
12936: 7.72977e-05
12937: 7.72917e-05
12938: 7.72857e-05
12939: 7.72798e-05
12940: 7.72738e-05
12941: 7.72678e-05
12942: 7.72618e-05
12943: 7.72559e-05
12944: 7.72499e-05
12945: 7.72439e-05
12946: 7.7238e-05
12947: 7.7232e-05
12948: 7.7226e-05
12949: 7.72201e-05
12950: 7.72141e-05
12951: 7.72082e-05
12952: 7.72022e-05
12953: 7.71962e-05
12954: 7.71903e-05
12955: 7.71843e-05
12956: 7.71784e-05
12957: 7.71724e-05
12958: 7.71664e-05
12959: 7.71605e-05
12960: 7.71545e-05
12961: 7.71486e-05
12962: 7.71426e-05
12963: 7.71367e-05
12964: 7.71307e-05
12965: 7.71248e-05
12966: 7.71188e-05
12967: 7.71129e-05
12968: 7.71069e-05
12969: 7.7101e-05
12970: 7.70951e-05
12971: 7.70891e-05
12972: 7.70832e-05
12973: 7.70772e-05
12974: 7.70713e-05
12975: 7.70654e-05
12976: 7.70594e-05
12977: 7.70535e-05
12978: 7.70475e-05
12979: 7.70416e-05
12980: 7.70357e-05
12981: 7.70297e-05
12982: 7.70238e-05
12983: 7.70179e-05
12984: 7.70119e-05
12985: 7.7006e-05
12986: 7.70001e-05
12987: 7.69941e-05
12988: 7.69882e-05
12989: 7.69823e-05
12990: 7.69764e-05
12991: 7.69704e-05
12992: 7.69645e-05
12993: 7.69586e-05
12994: 7.69527e-05
12995: 7.69468e-05
12996: 7.69408e-05
12997: 7.69349e-05
12998: 7.6929e-05
12999: 7.69231e-05
13000: 7.69172e-05
13001: 7.69112e-05
13002: 7.69053e-05
13003: 7.68994e-05
13004: 7.68935e-05
13005: 7.68876e-05
13006: 7.68817e-05
13007: 7.68758e-05
13008: 7.68699e-05
13009: 7.6864e-05
13010: 7.6858e-05
13011: 7.68521e-05
13012: 7.68462e-05
13013: 7.68403e-05
13014: 7.68344e-05
13015: 7.68285e-05
13016: 7.68226e-05
13017: 7.68167e-05
13018: 7.68108e-05
13019: 7.68049e-05
13020: 7.6799e-05
13021: 7.67931e-05
13022: 7.67872e-05
13023: 7.67813e-05
13024: 7.67754e-05
13025: 7.67695e-05
13026: 7.67636e-05
13027: 7.67578e-05
13028: 7.67519e-05
13029: 7.6746e-05
13030: 7.67401e-05
13031: 7.67342e-05
13032: 7.67283e-05
13033: 7.67224e-05
13034: 7.67165e-05
13035: 7.67106e-05
13036: 7.67048e-05
13037: 7.66989e-05
13038: 7.6693e-05
13039: 7.66871e-05
13040: 7.66812e-05
13041: 7.66754e-05
13042: 7.66695e-05
13043: 7.66636e-05
13044: 7.66577e-05
13045: 7.66518e-05
13046: 7.6646e-05
13047: 7.66401e-05
13048: 7.66342e-05
13049: 7.66284e-05
13050: 7.66225e-05
13051: 7.66166e-05
13052: 7.66107e-05
13053: 7.66049e-05
13054: 7.6599e-05
13055: 7.65931e-05
13056: 7.65873e-05
13057: 7.65814e-05
13058: 7.65755e-05
13059: 7.65697e-05
13060: 7.65638e-05
13061: 7.6558e-05
13062: 7.65521e-05
13063: 7.65462e-05
13064: 7.65404e-05
13065: 7.65345e-05
13066: 7.65287e-05
13067: 7.65228e-05
13068: 7.65169e-05
13069: 7.65111e-05
13070: 7.65052e-05
13071: 7.64994e-05
13072: 7.64935e-05
13073: 7.64877e-05
13074: 7.64818e-05
13075: 7.6476e-05
13076: 7.64701e-05
13077: 7.64643e-05
13078: 7.64584e-05
13079: 7.64526e-05
13080: 7.64468e-05
13081: 7.64409e-05
13082: 7.64351e-05
13083: 7.64292e-05
13084: 7.64234e-05
13085: 7.64175e-05
13086: 7.64117e-05
13087: 7.64059e-05
13088: 7.64e-05
13089: 7.63942e-05
13090: 7.63884e-05
13091: 7.63825e-05
13092: 7.63767e-05
13093: 7.63709e-05
13094: 7.6365e-05
13095: 7.63592e-05
13096: 7.63534e-05
13097: 7.63475e-05
13098: 7.63417e-05
13099: 7.63359e-05
13100: 7.63301e-05
13101: 7.63242e-05
13102: 7.63184e-05
13103: 7.63126e-05
13104: 7.63068e-05
13105: 7.63009e-05
13106: 7.62951e-05
13107: 7.62893e-05
13108: 7.62835e-05
13109: 7.62777e-05
13110: 7.62718e-05
13111: 7.6266e-05
13112: 7.62602e-05
13113: 7.62544e-05
13114: 7.62486e-05
13115: 7.62428e-05
13116: 7.62369e-05
13117: 7.62311e-05
13118: 7.62253e-05
13119: 7.62195e-05
13120: 7.62137e-05
13121: 7.62079e-05
13122: 7.62021e-05
13123: 7.61963e-05
13124: 7.61905e-05
13125: 7.61847e-05
13126: 7.61789e-05
13127: 7.61731e-05
13128: 7.61673e-05
13129: 7.61615e-05
13130: 7.61557e-05
13131: 7.61499e-05
13132: 7.61441e-05
13133: 7.61383e-05
13134: 7.61325e-05
13135: 7.61267e-05
13136: 7.61209e-05
13137: 7.61151e-05
13138: 7.61093e-05
13139: 7.61035e-05
13140: 7.60977e-05
13141: 7.60919e-05
13142: 7.60861e-05
13143: 7.60803e-05
13144: 7.60746e-05
13145: 7.60688e-05
13146: 7.6063e-05
13147: 7.60572e-05
13148: 7.60514e-05
13149: 7.60456e-05
13150: 7.60398e-05
13151: 7.60341e-05
13152: 7.60283e-05
13153: 7.60225e-05
13154: 7.60167e-05
13155: 7.60109e-05
13156: 7.60052e-05
13157: 7.59994e-05
13158: 7.59936e-05
13159: 7.59878e-05
13160: 7.59821e-05
13161: 7.59763e-05
13162: 7.59705e-05
13163: 7.59648e-05
13164: 7.5959e-05
13165: 7.59532e-05
13166: 7.59474e-05
13167: 7.59417e-05
13168: 7.59359e-05
13169: 7.59301e-05
13170: 7.59244e-05
13171: 7.59186e-05
13172: 7.59129e-05
13173: 7.59071e-05
13174: 7.59013e-05
13175: 7.58956e-05
13176: 7.58898e-05
13177: 7.5884e-05
13178: 7.58783e-05
13179: 7.58725e-05
13180: 7.58668e-05
13181: 7.5861e-05
13182: 7.58553e-05
13183: 7.58495e-05
13184: 7.58438e-05
13185: 7.5838e-05
13186: 7.58323e-05
13187: 7.58265e-05
13188: 7.58208e-05
13189: 7.5815e-05
13190: 7.58093e-05
13191: 7.58035e-05
13192: 7.57978e-05
13193: 7.5792e-05
13194: 7.57863e-05
13195: 7.57805e-05
13196: 7.57748e-05
13197: 7.57691e-05
13198: 7.57633e-05
13199: 7.57576e-05
13200: 7.57518e-05
13201: 7.57461e-05
13202: 7.57404e-05
13203: 7.57346e-05
13204: 7.57289e-05
13205: 7.57232e-05
13206: 7.57174e-05
13207: 7.57117e-05
13208: 7.5706e-05
13209: 7.57002e-05
13210: 7.56945e-05
13211: 7.56888e-05
13212: 7.5683e-05
13213: 7.56773e-05
13214: 7.56716e-05
13215: 7.56659e-05
13216: 7.56601e-05
13217: 7.56544e-05
13218: 7.56487e-05
13219: 7.5643e-05
13220: 7.56372e-05
13221: 7.56315e-05
13222: 7.56258e-05
13223: 7.56201e-05
13224: 7.56144e-05
13225: 7.56086e-05
13226: 7.56029e-05
13227: 7.55972e-05
13228: 7.55915e-05
13229: 7.55858e-05
13230: 7.55801e-05
13231: 7.55744e-05
13232: 7.55687e-05
13233: 7.55629e-05
13234: 7.55572e-05
13235: 7.55515e-05
13236: 7.55458e-05
13237: 7.55401e-05
13238: 7.55344e-05
13239: 7.55287e-05
13240: 7.5523e-05
13241: 7.55173e-05
13242: 7.55116e-05
13243: 7.55059e-05
13244: 7.55002e-05
13245: 7.54945e-05
13246: 7.54888e-05
13247: 7.54831e-05
13248: 7.54774e-05
13249: 7.54717e-05
13250: 7.5466e-05
13251: 7.54603e-05
13252: 7.54546e-05
13253: 7.54489e-05
13254: 7.54432e-05
13255: 7.54375e-05
13256: 7.54318e-05
13257: 7.54262e-05
13258: 7.54205e-05
13259: 7.54148e-05
13260: 7.54091e-05
13261: 7.54034e-05
13262: 7.53977e-05
13263: 7.5392e-05
13264: 7.53864e-05
13265: 7.53807e-05
13266: 7.5375e-05
13267: 7.53693e-05
13268: 7.53636e-05
13269: 7.5358e-05
13270: 7.53523e-05
13271: 7.53466e-05
13272: 7.53409e-05
13273: 7.53352e-05
13274: 7.53296e-05
13275: 7.53239e-05
13276: 7.53182e-05
13277: 7.53125e-05
13278: 7.53069e-05
13279: 7.53012e-05
13280: 7.52955e-05
13281: 7.52899e-05
13282: 7.52842e-05
13283: 7.52785e-05
13284: 7.52729e-05
13285: 7.52672e-05
13286: 7.52615e-05
13287: 7.52559e-05
13288: 7.52502e-05
13289: 7.52445e-05
13290: 7.52389e-05
13291: 7.52332e-05
13292: 7.52276e-05
13293: 7.52219e-05
13294: 7.52162e-05
13295: 7.52106e-05
13296: 7.52049e-05
13297: 7.51993e-05
13298: 7.51936e-05
13299: 7.5188e-05
13300: 7.51823e-05
13301: 7.51767e-05
13302: 7.5171e-05
13303: 7.51654e-05
13304: 7.51597e-05
13305: 7.51541e-05
13306: 7.51484e-05
13307: 7.51428e-05
13308: 7.51371e-05
13309: 7.51315e-05
13310: 7.51258e-05
13311: 7.51202e-05
13312: 7.51145e-05
13313: 7.51089e-05
13314: 7.51033e-05
13315: 7.50976e-05
13316: 7.5092e-05
13317: 7.50863e-05
13318: 7.50807e-05
13319: 7.50751e-05
13320: 7.50694e-05
13321: 7.50638e-05
13322: 7.50582e-05
13323: 7.50525e-05
13324: 7.50469e-05
13325: 7.50413e-05
13326: 7.50356e-05
13327: 7.503e-05
13328: 7.50244e-05
13329: 7.50188e-05
13330: 7.50131e-05
13331: 7.50075e-05
13332: 7.50019e-05
13333: 7.49963e-05
13334: 7.49906e-05
13335: 7.4985e-05
13336: 7.49794e-05
13337: 7.49738e-05
13338: 7.49681e-05
13339: 7.49625e-05
13340: 7.49569e-05
13341: 7.49513e-05
13342: 7.49457e-05
13343: 7.494e-05
13344: 7.49344e-05
13345: 7.49288e-05
13346: 7.49232e-05
13347: 7.49176e-05
13348: 7.4912e-05
13349: 7.49064e-05
13350: 7.49008e-05
13351: 7.48951e-05
13352: 7.48895e-05
13353: 7.48839e-05
13354: 7.48783e-05
13355: 7.48727e-05
13356: 7.48671e-05
13357: 7.48615e-05
13358: 7.48559e-05
13359: 7.48503e-05
13360: 7.48447e-05
13361: 7.48391e-05
13362: 7.48335e-05
13363: 7.48279e-05
13364: 7.48223e-05
13365: 7.48167e-05
13366: 7.48111e-05
13367: 7.48055e-05
13368: 7.47999e-05
13369: 7.47943e-05
13370: 7.47887e-05
13371: 7.47831e-05
13372: 7.47775e-05
13373: 7.47719e-05
13374: 7.47664e-05
13375: 7.47608e-05
13376: 7.47552e-05
13377: 7.47496e-05
13378: 7.4744e-05
13379: 7.47384e-05
13380: 7.47328e-05
13381: 7.47272e-05
13382: 7.47217e-05
13383: 7.47161e-05
13384: 7.47105e-05
13385: 7.47049e-05
13386: 7.46993e-05
13387: 7.46938e-05
13388: 7.46882e-05
13389: 7.46826e-05
13390: 7.4677e-05
13391: 7.46714e-05
13392: 7.46659e-05
13393: 7.46603e-05
13394: 7.46547e-05
13395: 7.46491e-05
13396: 7.46436e-05
13397: 7.4638e-05
13398: 7.46324e-05
13399: 7.46269e-05
13400: 7.46213e-05
13401: 7.46157e-05
13402: 7.46102e-05
13403: 7.46046e-05
13404: 7.4599e-05
13405: 7.45935e-05
13406: 7.45879e-05
13407: 7.45823e-05
13408: 7.45768e-05
13409: 7.45712e-05
13410: 7.45657e-05
13411: 7.45601e-05
13412: 7.45545e-05
13413: 7.4549e-05
13414: 7.45434e-05
13415: 7.45379e-05
13416: 7.45323e-05
13417: 7.45268e-05
13418: 7.45212e-05
13419: 7.45156e-05
13420: 7.45101e-05
13421: 7.45045e-05
13422: 7.4499e-05
13423: 7.44934e-05
13424: 7.44879e-05
13425: 7.44823e-05
13426: 7.44768e-05
13427: 7.44713e-05
13428: 7.44657e-05
13429: 7.44602e-05
13430: 7.44546e-05
13431: 7.44491e-05
13432: 7.44435e-05
13433: 7.4438e-05
13434: 7.44325e-05
13435: 7.44269e-05
13436: 7.44214e-05
13437: 7.44158e-05
13438: 7.44103e-05
13439: 7.44048e-05
13440: 7.43992e-05
13441: 7.43937e-05
13442: 7.43882e-05
13443: 7.43826e-05
13444: 7.43771e-05
13445: 7.43716e-05
13446: 7.4366e-05
13447: 7.43605e-05
13448: 7.4355e-05
13449: 7.43494e-05
13450: 7.43439e-05
13451: 7.43384e-05
13452: 7.43329e-05
13453: 7.43273e-05
13454: 7.43218e-05
13455: 7.43163e-05
13456: 7.43108e-05
13457: 7.43052e-05
13458: 7.42997e-05
13459: 7.42942e-05
13460: 7.42887e-05
13461: 7.42832e-05
13462: 7.42776e-05
13463: 7.42721e-05
13464: 7.42666e-05
13465: 7.42611e-05
13466: 7.42556e-05
13467: 7.42501e-05
13468: 7.42446e-05
13469: 7.4239e-05
13470: 7.42335e-05
13471: 7.4228e-05
13472: 7.42225e-05
13473: 7.4217e-05
13474: 7.42115e-05
13475: 7.4206e-05
13476: 7.42005e-05
13477: 7.4195e-05
13478: 7.41895e-05
13479: 7.4184e-05
13480: 7.41785e-05
13481: 7.4173e-05
13482: 7.41675e-05
13483: 7.4162e-05
13484: 7.41565e-05
13485: 7.4151e-05
13486: 7.41455e-05
13487: 7.414e-05
13488: 7.41345e-05
13489: 7.4129e-05
13490: 7.41235e-05
13491: 7.4118e-05
13492: 7.41125e-05
13493: 7.4107e-05
13494: 7.41015e-05
13495: 7.4096e-05
13496: 7.40905e-05
13497: 7.4085e-05
13498: 7.40796e-05
13499: 7.40741e-05
13500: 7.40686e-05
13501: 7.40631e-05
13502: 7.40576e-05
13503: 7.40521e-05
13504: 7.40466e-05
13505: 7.40412e-05
13506: 7.40357e-05
13507: 7.40302e-05
13508: 7.40247e-05
13509: 7.40192e-05
13510: 7.40138e-05
13511: 7.40083e-05
13512: 7.40028e-05
13513: 7.39973e-05
13514: 7.39919e-05
13515: 7.39864e-05
13516: 7.39809e-05
13517: 7.39754e-05
13518: 7.397e-05
13519: 7.39645e-05
13520: 7.3959e-05
13521: 7.39536e-05
13522: 7.39481e-05
13523: 7.39426e-05
13524: 7.39372e-05
13525: 7.39317e-05
13526: 7.39262e-05
13527: 7.39208e-05
13528: 7.39153e-05
13529: 7.39098e-05
13530: 7.39044e-05
13531: 7.38989e-05
13532: 7.38934e-05
13533: 7.3888e-05
13534: 7.38825e-05
13535: 7.38771e-05
13536: 7.38716e-05
13537: 7.38662e-05
13538: 7.38607e-05
13539: 7.38552e-05
13540: 7.38498e-05
13541: 7.38443e-05
13542: 7.38389e-05
13543: 7.38334e-05
13544: 7.3828e-05
13545: 7.38225e-05
13546: 7.38171e-05
13547: 7.38116e-05
13548: 7.38062e-05
13549: 7.38007e-05
13550: 7.37953e-05
13551: 7.37898e-05
13552: 7.37844e-05
13553: 7.3779e-05
13554: 7.37735e-05
13555: 7.37681e-05
13556: 7.37626e-05
13557: 7.37572e-05
13558: 7.37518e-05
13559: 7.37463e-05
13560: 7.37409e-05
13561: 7.37354e-05
13562: 7.373e-05
13563: 7.37246e-05
13564: 7.37191e-05
13565: 7.37137e-05
13566: 7.37083e-05
13567: 7.37028e-05
13568: 7.36974e-05
13569: 7.3692e-05
13570: 7.36865e-05
13571: 7.36811e-05
13572: 7.36757e-05
13573: 7.36703e-05
13574: 7.36648e-05
13575: 7.36594e-05
13576: 7.3654e-05
13577: 7.36485e-05
13578: 7.36431e-05
13579: 7.36377e-05
13580: 7.36323e-05
13581: 7.36269e-05
13582: 7.36214e-05
13583: 7.3616e-05
13584: 7.36106e-05
13585: 7.36052e-05
13586: 7.35998e-05
13587: 7.35943e-05
13588: 7.35889e-05
13589: 7.35835e-05
13590: 7.35781e-05
13591: 7.35727e-05
13592: 7.35673e-05
13593: 7.35619e-05
13594: 7.35565e-05
13595: 7.3551e-05
13596: 7.35456e-05
13597: 7.35402e-05
13598: 7.35348e-05
13599: 7.35294e-05
13600: 7.3524e-05
13601: 7.35186e-05
13602: 7.35132e-05
13603: 7.35078e-05
13604: 7.35024e-05
13605: 7.3497e-05
13606: 7.34916e-05
13607: 7.34862e-05
13608: 7.34808e-05
13609: 7.34754e-05
13610: 7.347e-05
13611: 7.34646e-05
13612: 7.34592e-05
13613: 7.34538e-05
13614: 7.34484e-05
13615: 7.3443e-05
13616: 7.34376e-05
13617: 7.34322e-05
13618: 7.34268e-05
13619: 7.34214e-05
13620: 7.3416e-05
13621: 7.34107e-05
13622: 7.34053e-05
13623: 7.33999e-05
13624: 7.33945e-05
13625: 7.33891e-05
13626: 7.33837e-05
13627: 7.33783e-05
13628: 7.3373e-05
13629: 7.33676e-05
13630: 7.33622e-05
13631: 7.33568e-05
13632: 7.33514e-05
13633: 7.3346e-05
13634: 7.33407e-05
13635: 7.33353e-05
13636: 7.33299e-05
13637: 7.33245e-05
13638: 7.33192e-05
13639: 7.33138e-05
13640: 7.33084e-05
13641: 7.3303e-05
13642: 7.32977e-05
13643: 7.32923e-05
13644: 7.32869e-05
13645: 7.32815e-05
13646: 7.32762e-05
13647: 7.32708e-05
13648: 7.32654e-05
13649: 7.32601e-05
13650: 7.32547e-05
13651: 7.32493e-05
13652: 7.3244e-05
13653: 7.32386e-05
13654: 7.32332e-05
13655: 7.32279e-05
13656: 7.32225e-05
13657: 7.32172e-05
13658: 7.32118e-05
13659: 7.32064e-05
13660: 7.32011e-05
13661: 7.31957e-05
13662: 7.31904e-05
13663: 7.3185e-05
13664: 7.31797e-05
13665: 7.31743e-05
13666: 7.31689e-05
13667: 7.31636e-05
13668: 7.31582e-05
13669: 7.31529e-05
13670: 7.31475e-05
13671: 7.31422e-05
13672: 7.31368e-05
13673: 7.31315e-05
13674: 7.31261e-05
13675: 7.31208e-05
13676: 7.31154e-05
13677: 7.31101e-05
13678: 7.31048e-05
13679: 7.30994e-05
13680: 7.30941e-05
13681: 7.30887e-05
13682: 7.30834e-05
13683: 7.3078e-05
13684: 7.30727e-05
13685: 7.30674e-05
13686: 7.3062e-05
13687: 7.30567e-05
13688: 7.30514e-05
13689: 7.3046e-05
13690: 7.30407e-05
13691: 7.30353e-05
13692: 7.303e-05
13693: 7.30247e-05
13694: 7.30194e-05
13695: 7.3014e-05
13696: 7.30087e-05
13697: 7.30034e-05
13698: 7.2998e-05
13699: 7.29927e-05
13700: 7.29874e-05
13701: 7.2982e-05
13702: 7.29767e-05
13703: 7.29714e-05
13704: 7.29661e-05
13705: 7.29607e-05
13706: 7.29554e-05
13707: 7.29501e-05
13708: 7.29448e-05
13709: 7.29395e-05
13710: 7.29341e-05
13711: 7.29288e-05
13712: 7.29235e-05
13713: 7.29182e-05
13714: 7.29129e-05
13715: 7.29076e-05
13716: 7.29022e-05
13717: 7.28969e-05
13718: 7.28916e-05
13719: 7.28863e-05
13720: 7.2881e-05
13721: 7.28757e-05
13722: 7.28704e-05
13723: 7.28651e-05
13724: 7.28597e-05
13725: 7.28544e-05
13726: 7.28491e-05
13727: 7.28438e-05
13728: 7.28385e-05
13729: 7.28332e-05
13730: 7.28279e-05
13731: 7.28226e-05
13732: 7.28173e-05
13733: 7.2812e-05
13734: 7.28067e-05
13735: 7.28014e-05
13736: 7.27961e-05
13737: 7.27908e-05
13738: 7.27855e-05
13739: 7.27802e-05
13740: 7.27749e-05
13741: 7.27696e-05
13742: 7.27643e-05
13743: 7.2759e-05
13744: 7.27537e-05
13745: 7.27484e-05
13746: 7.27431e-05
13747: 7.27379e-05
13748: 7.27326e-05
13749: 7.27273e-05
13750: 7.2722e-05
13751: 7.27167e-05
13752: 7.27114e-05
13753: 7.27061e-05
13754: 7.27008e-05
13755: 7.26956e-05
13756: 7.26903e-05
13757: 7.2685e-05
13758: 7.26797e-05
13759: 7.26744e-05
13760: 7.26691e-05
13761: 7.26639e-05
13762: 7.26586e-05
13763: 7.26533e-05
13764: 7.2648e-05
13765: 7.26427e-05
13766: 7.26375e-05
13767: 7.26322e-05
13768: 7.26269e-05
13769: 7.26216e-05
13770: 7.26164e-05
13771: 7.26111e-05
13772: 7.26058e-05
13773: 7.26006e-05
13774: 7.25953e-05
13775: 7.259e-05
13776: 7.25847e-05
13777: 7.25795e-05
13778: 7.25742e-05
13779: 7.25689e-05
13780: 7.25637e-05
13781: 7.25584e-05
13782: 7.25531e-05
13783: 7.25479e-05
13784: 7.25426e-05
13785: 7.25374e-05
13786: 7.25321e-05
13787: 7.25268e-05
13788: 7.25216e-05
13789: 7.25163e-05
13790: 7.25111e-05
13791: 7.25058e-05
13792: 7.25005e-05
13793: 7.24953e-05
13794: 7.249e-05
13795: 7.24848e-05
13796: 7.24795e-05
13797: 7.24743e-05
13798: 7.2469e-05
13799: 7.24638e-05
13800: 7.24585e-05
13801: 7.24533e-05
13802: 7.2448e-05
13803: 7.24428e-05
13804: 7.24375e-05
13805: 7.24323e-05
13806: 7.2427e-05
13807: 7.24218e-05
13808: 7.24165e-05
13809: 7.24113e-05
13810: 7.24061e-05
13811: 7.24008e-05
13812: 7.23956e-05
13813: 7.23903e-05
13814: 7.23851e-05
13815: 7.23798e-05
13816: 7.23746e-05
13817: 7.23694e-05
13818: 7.23641e-05
13819: 7.23589e-05
13820: 7.23537e-05
13821: 7.23484e-05
13822: 7.23432e-05
13823: 7.2338e-05
13824: 7.23327e-05
13825: 7.23275e-05
13826: 7.23223e-05
13827: 7.2317e-05
13828: 7.23118e-05
13829: 7.23066e-05
13830: 7.23014e-05
13831: 7.22961e-05
13832: 7.22909e-05
13833: 7.22857e-05
13834: 7.22804e-05
13835: 7.22752e-05
13836: 7.227e-05
13837: 7.22648e-05
13838: 7.22596e-05
13839: 7.22543e-05
13840: 7.22491e-05
13841: 7.22439e-05
13842: 7.22387e-05
13843: 7.22335e-05
13844: 7.22282e-05
13845: 7.2223e-05
13846: 7.22178e-05
13847: 7.22126e-05
13848: 7.22074e-05
13849: 7.22022e-05
13850: 7.2197e-05
13851: 7.21917e-05
13852: 7.21865e-05
13853: 7.21813e-05
13854: 7.21761e-05
13855: 7.21709e-05
13856: 7.21657e-05
13857: 7.21605e-05
13858: 7.21553e-05
13859: 7.21501e-05
13860: 7.21449e-05
13861: 7.21397e-05
13862: 7.21345e-05
13863: 7.21293e-05
13864: 7.21241e-05
13865: 7.21189e-05
13866: 7.21137e-05
13867: 7.21085e-05
13868: 7.21033e-05
13869: 7.20981e-05
13870: 7.20929e-05
13871: 7.20877e-05
13872: 7.20825e-05
13873: 7.20773e-05
13874: 7.20721e-05
13875: 7.20669e-05
13876: 7.20617e-05
13877: 7.20565e-05
13878: 7.20513e-05
13879: 7.20461e-05
13880: 7.20409e-05
13881: 7.20357e-05
13882: 7.20305e-05
13883: 7.20254e-05
13884: 7.20202e-05
13885: 7.2015e-05
13886: 7.20098e-05
13887: 7.20046e-05
13888: 7.19994e-05
13889: 7.19942e-05
13890: 7.19891e-05
13891: 7.19839e-05
13892: 7.19787e-05
13893: 7.19735e-05
13894: 7.19683e-05
13895: 7.19632e-05
13896: 7.1958e-05
13897: 7.19528e-05
13898: 7.19476e-05
13899: 7.19424e-05
13900: 7.19373e-05
13901: 7.19321e-05
13902: 7.19269e-05
13903: 7.19217e-05
13904: 7.19166e-05
13905: 7.19114e-05
13906: 7.19062e-05
13907: 7.19011e-05
13908: 7.18959e-05
13909: 7.18907e-05
13910: 7.18856e-05
13911: 7.18804e-05
13912: 7.18752e-05
13913: 7.18701e-05
13914: 7.18649e-05
13915: 7.18597e-05
13916: 7.18546e-05
13917: 7.18494e-05
13918: 7.18442e-05
13919: 7.18391e-05
13920: 7.18339e-05
13921: 7.18288e-05
13922: 7.18236e-05
13923: 7.18184e-05
13924: 7.18133e-05
13925: 7.18081e-05
13926: 7.1803e-05
13927: 7.17978e-05
13928: 7.17927e-05
13929: 7.17875e-05
13930: 7.17824e-05
13931: 7.17772e-05
13932: 7.17721e-05
13933: 7.17669e-05
13934: 7.17618e-05
13935: 7.17566e-05
13936: 7.17515e-05
13937: 7.17463e-05
13938: 7.17412e-05
13939: 7.1736e-05
13940: 7.17309e-05
13941: 7.17257e-05
13942: 7.17206e-05
13943: 7.17154e-05
13944: 7.17103e-05
13945: 7.17051e-05
13946: 7.17e-05
13947: 7.16949e-05
13948: 7.16897e-05
13949: 7.16846e-05
13950: 7.16794e-05
13951: 7.16743e-05
13952: 7.16692e-05
13953: 7.1664e-05
13954: 7.16589e-05
13955: 7.16538e-05
13956: 7.16486e-05
13957: 7.16435e-05
13958: 7.16384e-05
13959: 7.16332e-05
13960: 7.16281e-05
13961: 7.1623e-05
13962: 7.16178e-05
13963: 7.16127e-05
13964: 7.16076e-05
13965: 7.16025e-05
13966: 7.15973e-05
13967: 7.15922e-05
13968: 7.15871e-05
13969: 7.1582e-05
13970: 7.15768e-05
13971: 7.15717e-05
13972: 7.15666e-05
13973: 7.15615e-05
13974: 7.15564e-05
13975: 7.15512e-05
13976: 7.15461e-05
13977: 7.1541e-05
13978: 7.15359e-05
13979: 7.15308e-05
13980: 7.15256e-05
13981: 7.15205e-05
13982: 7.15154e-05
13983: 7.15103e-05
13984: 7.15052e-05
13985: 7.15001e-05
13986: 7.1495e-05
13987: 7.14898e-05
13988: 7.14847e-05
13989: 7.14796e-05
13990: 7.14745e-05
13991: 7.14694e-05
13992: 7.14643e-05
13993: 7.14592e-05
13994: 7.14541e-05
13995: 7.1449e-05
13996: 7.14439e-05
13997: 7.14388e-05
13998: 7.14337e-05
13999: 7.14286e-05
14000: 7.14235e-05
14001: 7.14184e-05
14002: 7.14133e-05
14003: 7.14082e-05
14004: 7.14031e-05
14005: 7.1398e-05
14006: 7.13929e-05
14007: 7.13878e-05
14008: 7.13827e-05
14009: 7.13776e-05
14010: 7.13725e-05
14011: 7.13674e-05
14012: 7.13623e-05
14013: 7.13572e-05
14014: 7.13521e-05
14015: 7.1347e-05
14016: 7.13419e-05
14017: 7.13369e-05
14018: 7.13318e-05
14019: 7.13267e-05
14020: 7.13216e-05
14021: 7.13165e-05
14022: 7.13114e-05
14023: 7.13063e-05
14024: 7.13012e-05
14025: 7.12962e-05
14026: 7.12911e-05
14027: 7.1286e-05
14028: 7.12809e-05
14029: 7.12758e-05
14030: 7.12708e-05
14031: 7.12657e-05
14032: 7.12606e-05
14033: 7.12555e-05
14034: 7.12504e-05
14035: 7.12454e-05
14036: 7.12403e-05
14037: 7.12352e-05
14038: 7.12301e-05
14039: 7.12251e-05
14040: 7.122e-05
14041: 7.12149e-05
14042: 7.12099e-05
14043: 7.12048e-05
14044: 7.11997e-05
14045: 7.11946e-05
14046: 7.11896e-05
14047: 7.11845e-05
14048: 7.11794e-05
14049: 7.11744e-05
14050: 7.11693e-05
14051: 7.11642e-05
14052: 7.11592e-05
14053: 7.11541e-05
14054: 7.11491e-05
14055: 7.1144e-05
14056: 7.11389e-05
14057: 7.11339e-05
14058: 7.11288e-05
14059: 7.11238e-05
14060: 7.11187e-05
14061: 7.11136e-05
14062: 7.11086e-05
14063: 7.11035e-05
14064: 7.10985e-05
14065: 7.10934e-05
14066: 7.10884e-05
14067: 7.10833e-05
14068: 7.10783e-05
14069: 7.10732e-05
14070: 7.10682e-05
14071: 7.10631e-05
14072: 7.10581e-05
14073: 7.1053e-05
14074: 7.1048e-05
14075: 7.10429e-05
14076: 7.10379e-05
14077: 7.10328e-05
14078: 7.10278e-05
14079: 7.10227e-05
14080: 7.10177e-05
14081: 7.10126e-05
14082: 7.10076e-05
14083: 7.10026e-05
14084: 7.09975e-05
14085: 7.09925e-05
14086: 7.09874e-05
14087: 7.09824e-05
14088: 7.09774e-05
14089: 7.09723e-05
14090: 7.09673e-05
14091: 7.09622e-05
14092: 7.09572e-05
14093: 7.09522e-05
14094: 7.09471e-05
14095: 7.09421e-05
14096: 7.09371e-05
14097: 7.0932e-05
14098: 7.0927e-05
14099: 7.0922e-05
14100: 7.0917e-05
14101: 7.09119e-05
14102: 7.09069e-05
14103: 7.09019e-05
14104: 7.08968e-05
14105: 7.08918e-05
14106: 7.08868e-05
14107: 7.08818e-05
14108: 7.08767e-05
14109: 7.08717e-05
14110: 7.08667e-05
14111: 7.08617e-05
14112: 7.08567e-05
14113: 7.08516e-05
14114: 7.08466e-05
14115: 7.08416e-05
14116: 7.08366e-05
14117: 7.08316e-05
14118: 7.08265e-05
14119: 7.08215e-05
14120: 7.08165e-05
14121: 7.08115e-05
14122: 7.08065e-05
14123: 7.08015e-05
14124: 7.07965e-05
14125: 7.07914e-05
14126: 7.07864e-05
14127: 7.07814e-05
14128: 7.07764e-05
14129: 7.07714e-05
14130: 7.07664e-05
14131: 7.07614e-05
14132: 7.07564e-05
14133: 7.07514e-05
14134: 7.07464e-05
14135: 7.07414e-05
14136: 7.07364e-05
14137: 7.07314e-05
14138: 7.07264e-05
14139: 7.07214e-05
14140: 7.07164e-05
14141: 7.07114e-05
14142: 7.07064e-05
14143: 7.07014e-05
14144: 7.06964e-05
14145: 7.06914e-05
14146: 7.06864e-05
14147: 7.06814e-05
14148: 7.06764e-05
14149: 7.06714e-05
14150: 7.06664e-05
14151: 7.06614e-05
14152: 7.06564e-05
14153: 7.06514e-05
14154: 7.06464e-05
14155: 7.06414e-05
14156: 7.06364e-05
14157: 7.06314e-05
14158: 7.06265e-05
14159: 7.06215e-05
14160: 7.06165e-05
14161: 7.06115e-05
14162: 7.06065e-05
14163: 7.06015e-05
14164: 7.05965e-05
14165: 7.05916e-05
14166: 7.05866e-05
14167: 7.05816e-05
14168: 7.05766e-05
14169: 7.05716e-05
14170: 7.05667e-05
14171: 7.05617e-05
14172: 7.05567e-05
14173: 7.05517e-05
14174: 7.05467e-05
14175: 7.05418e-05
14176: 7.05368e-05
14177: 7.05318e-05
14178: 7.05268e-05
14179: 7.05219e-05
14180: 7.05169e-05
14181: 7.05119e-05
14182: 7.05069e-05
14183: 7.0502e-05
14184: 7.0497e-05
14185: 7.0492e-05
14186: 7.04871e-05
14187: 7.04821e-05
14188: 7.04771e-05
14189: 7.04722e-05
14190: 7.04672e-05
14191: 7.04622e-05
14192: 7.04573e-05
14193: 7.04523e-05
14194: 7.04473e-05
14195: 7.04424e-05
14196: 7.04374e-05
14197: 7.04325e-05
14198: 7.04275e-05
14199: 7.04225e-05
14200: 7.04176e-05
14201: 7.04126e-05
14202: 7.04077e-05
14203: 7.04027e-05
14204: 7.03977e-05
14205: 7.03928e-05
14206: 7.03878e-05
14207: 7.03829e-05
14208: 7.03779e-05
14209: 7.0373e-05
14210: 7.0368e-05
14211: 7.03631e-05
14212: 7.03581e-05
14213: 7.03532e-05
14214: 7.03482e-05
14215: 7.03433e-05
14216: 7.03383e-05
14217: 7.03334e-05
14218: 7.03284e-05
14219: 7.03235e-05
14220: 7.03185e-05
14221: 7.03136e-05
14222: 7.03087e-05
14223: 7.03037e-05
14224: 7.02988e-05
14225: 7.02938e-05
14226: 7.02889e-05
14227: 7.02839e-05
14228: 7.0279e-05
14229: 7.02741e-05
14230: 7.02691e-05
14231: 7.02642e-05
14232: 7.02593e-05
14233: 7.02543e-05
14234: 7.02494e-05
14235: 7.02445e-05
14236: 7.02395e-05
14237: 7.02346e-05
14238: 7.02297e-05
14239: 7.02247e-05
14240: 7.02198e-05
14241: 7.02149e-05
14242: 7.02099e-05
14243: 7.0205e-05
14244: 7.02001e-05
14245: 7.01951e-05
14246: 7.01902e-05
14247: 7.01853e-05
14248: 7.01804e-05
14249: 7.01754e-05
14250: 7.01705e-05
14251: 7.01656e-05
14252: 7.01607e-05
14253: 7.01557e-05
14254: 7.01508e-05
14255: 7.01459e-05
14256: 7.0141e-05
14257: 7.01361e-05
14258: 7.01311e-05
14259: 7.01262e-05
14260: 7.01213e-05
14261: 7.01164e-05
14262: 7.01115e-05
14263: 7.01066e-05
14264: 7.01016e-05
14265: 7.00967e-05
14266: 7.00918e-05
14267: 7.00869e-05
14268: 7.0082e-05
14269: 7.00771e-05
14270: 7.00722e-05
14271: 7.00673e-05
14272: 7.00624e-05
14273: 7.00574e-05
14274: 7.00525e-05
14275: 7.00476e-05
14276: 7.00427e-05
14277: 7.00378e-05
14278: 7.00329e-05
14279: 7.0028e-05
14280: 7.00231e-05
14281: 7.00182e-05
14282: 7.00133e-05
14283: 7.00084e-05
14284: 7.00035e-05
14285: 6.99986e-05
14286: 6.99937e-05
14287: 6.99888e-05
14288: 6.99839e-05
14289: 6.9979e-05
14290: 6.99741e-05
14291: 6.99692e-05
14292: 6.99643e-05
14293: 6.99594e-05
14294: 6.99545e-05
14295: 6.99496e-05
14296: 6.99447e-05
14297: 6.99399e-05
14298: 6.9935e-05
14299: 6.99301e-05
14300: 6.99252e-05
14301: 6.99203e-05
14302: 6.99154e-05
14303: 6.99105e-05
14304: 6.99056e-05
14305: 6.99007e-05
14306: 6.98959e-05
14307: 6.9891e-05
14308: 6.98861e-05
14309: 6.98812e-05
14310: 6.98763e-05
14311: 6.98714e-05
14312: 6.98666e-05
14313: 6.98617e-05
14314: 6.98568e-05
14315: 6.98519e-05
14316: 6.9847e-05
14317: 6.98422e-05
14318: 6.98373e-05
14319: 6.98324e-05
14320: 6.98275e-05
14321: 6.98227e-05
14322: 6.98178e-05
14323: 6.98129e-05
14324: 6.9808e-05
14325: 6.98032e-05
14326: 6.97983e-05
14327: 6.97934e-05
14328: 6.97885e-05
14329: 6.97837e-05
14330: 6.97788e-05
14331: 6.97739e-05
14332: 6.97691e-05
14333: 6.97642e-05
14334: 6.97593e-05
14335: 6.97545e-05
14336: 6.97496e-05
14337: 6.97447e-05
14338: 6.97399e-05
14339: 6.9735e-05
14340: 6.97301e-05
14341: 6.97253e-05
14342: 6.97204e-05
14343: 6.97156e-05
14344: 6.97107e-05
14345: 6.97058e-05
14346: 6.9701e-05
14347: 6.96961e-05
14348: 6.96913e-05
14349: 6.96864e-05
14350: 6.96816e-05
14351: 6.96767e-05
14352: 6.96718e-05
14353: 6.9667e-05
14354: 6.96621e-05
14355: 6.96573e-05
14356: 6.96524e-05
14357: 6.96476e-05
14358: 6.96427e-05
14359: 6.96379e-05
14360: 6.9633e-05
14361: 6.96282e-05
14362: 6.96233e-05
14363: 6.96185e-05
14364: 6.96136e-05
14365: 6.96088e-05
14366: 6.9604e-05
14367: 6.95991e-05
14368: 6.95943e-05
14369: 6.95894e-05
14370: 6.95846e-05
14371: 6.95797e-05
14372: 6.95749e-05
14373: 6.95701e-05
14374: 6.95652e-05
14375: 6.95604e-05
14376: 6.95555e-05
14377: 6.95507e-05
14378: 6.95459e-05
14379: 6.9541e-05
14380: 6.95362e-05
14381: 6.95314e-05
14382: 6.95265e-05
14383: 6.95217e-05
14384: 6.95169e-05
14385: 6.9512e-05
14386: 6.95072e-05
14387: 6.95024e-05
14388: 6.94975e-05
14389: 6.94927e-05
14390: 6.94879e-05
14391: 6.9483e-05
14392: 6.94782e-05
14393: 6.94734e-05
14394: 6.94686e-05
14395: 6.94637e-05
14396: 6.94589e-05
14397: 6.94541e-05
14398: 6.94493e-05
14399: 6.94444e-05
14400: 6.94396e-05
14401: 6.94348e-05
14402: 6.943e-05
14403: 6.94252e-05
14404: 6.94203e-05
14405: 6.94155e-05
14406: 6.94107e-05
14407: 6.94059e-05
14408: 6.94011e-05
14409: 6.93963e-05
14410: 6.93914e-05
14411: 6.93866e-05
14412: 6.93818e-05
14413: 6.9377e-05
14414: 6.93722e-05
14415: 6.93674e-05
14416: 6.93626e-05
14417: 6.93577e-05
14418: 6.93529e-05
14419: 6.93481e-05
14420: 6.93433e-05
14421: 6.93385e-05
14422: 6.93337e-05
14423: 6.93289e-05
14424: 6.93241e-05
14425: 6.93193e-05
14426: 6.93145e-05
14427: 6.93097e-05
14428: 6.93049e-05
14429: 6.93001e-05
14430: 6.92953e-05
14431: 6.92905e-05
14432: 6.92857e-05
14433: 6.92809e-05
14434: 6.92761e-05
14435: 6.92713e-05
14436: 6.92665e-05
14437: 6.92617e-05
14438: 6.92569e-05
14439: 6.92521e-05
14440: 6.92473e-05
14441: 6.92425e-05
14442: 6.92377e-05
14443: 6.92329e-05
14444: 6.92281e-05
14445: 6.92233e-05
14446: 6.92185e-05
14447: 6.92137e-05
14448: 6.92089e-05
14449: 6.92042e-05
14450: 6.91994e-05
14451: 6.91946e-05
14452: 6.91898e-05
14453: 6.9185e-05
14454: 6.91802e-05
14455: 6.91754e-05
14456: 6.91706e-05
14457: 6.91659e-05
14458: 6.91611e-05
14459: 6.91563e-05
14460: 6.91515e-05
14461: 6.91467e-05
14462: 6.91419e-05
14463: 6.91372e-05
14464: 6.91324e-05
14465: 6.91276e-05
14466: 6.91228e-05
14467: 6.91181e-05
14468: 6.91133e-05
14469: 6.91085e-05
14470: 6.91037e-05
14471: 6.90989e-05
14472: 6.90942e-05
14473: 6.90894e-05
14474: 6.90846e-05
14475: 6.90799e-05
14476: 6.90751e-05
14477: 6.90703e-05
14478: 6.90655e-05
14479: 6.90608e-05
14480: 6.9056e-05
14481: 6.90512e-05
14482: 6.90465e-05
14483: 6.90417e-05
14484: 6.90369e-05
14485: 6.90322e-05
14486: 6.90274e-05
14487: 6.90226e-05
14488: 6.90179e-05
14489: 6.90131e-05
14490: 6.90084e-05
14491: 6.90036e-05
14492: 6.89988e-05
14493: 6.89941e-05
14494: 6.89893e-05
14495: 6.89845e-05
14496: 6.89798e-05
14497: 6.8975e-05
14498: 6.89703e-05
14499: 6.89655e-05
14500: 6.89608e-05
14501: 6.8956e-05
14502: 6.89513e-05
14503: 6.89465e-05
14504: 6.89417e-05
14505: 6.8937e-05
14506: 6.89322e-05
14507: 6.89275e-05
14508: 6.89227e-05
14509: 6.8918e-05
14510: 6.89132e-05
14511: 6.89085e-05
14512: 6.89037e-05
14513: 6.8899e-05
14514: 6.88942e-05
14515: 6.88895e-05
14516: 6.88848e-05
14517: 6.888e-05
14518: 6.88753e-05
14519: 6.88705e-05
14520: 6.88658e-05
14521: 6.8861e-05
14522: 6.88563e-05
14523: 6.88516e-05
14524: 6.88468e-05
14525: 6.88421e-05
14526: 6.88373e-05
14527: 6.88326e-05
14528: 6.88279e-05
14529: 6.88231e-05
14530: 6.88184e-05
14531: 6.88137e-05
14532: 6.88089e-05
14533: 6.88042e-05
14534: 6.87994e-05
14535: 6.87947e-05
14536: 6.879e-05
14537: 6.87853e-05
14538: 6.87805e-05
14539: 6.87758e-05
14540: 6.87711e-05
14541: 6.87663e-05
14542: 6.87616e-05
14543: 6.87569e-05
14544: 6.87521e-05
14545: 6.87474e-05
14546: 6.87427e-05
14547: 6.8738e-05
14548: 6.87332e-05
14549: 6.87285e-05
14550: 6.87238e-05
14551: 6.87191e-05
14552: 6.87144e-05
14553: 6.87096e-05
14554: 6.87049e-05
14555: 6.87002e-05
14556: 6.86955e-05
14557: 6.86908e-05
14558: 6.8686e-05
14559: 6.86813e-05
14560: 6.86766e-05
14561: 6.86719e-05
14562: 6.86672e-05
14563: 6.86625e-05
14564: 6.86577e-05
14565: 6.8653e-05
14566: 6.86483e-05
14567: 6.86436e-05
14568: 6.86389e-05
14569: 6.86342e-05
14570: 6.86295e-05
14571: 6.86248e-05
14572: 6.86201e-05
14573: 6.86153e-05
14574: 6.86106e-05
14575: 6.86059e-05
14576: 6.86012e-05
14577: 6.85965e-05
14578: 6.85918e-05
14579: 6.85871e-05
14580: 6.85824e-05
14581: 6.85777e-05
14582: 6.8573e-05
14583: 6.85683e-05
14584: 6.85636e-05
14585: 6.85589e-05
14586: 6.85542e-05
14587: 6.85495e-05
14588: 6.85448e-05
14589: 6.85401e-05
14590: 6.85354e-05
14591: 6.85307e-05
14592: 6.8526e-05
14593: 6.85213e-05
14594: 6.85166e-05
14595: 6.85119e-05
14596: 6.85072e-05
14597: 6.85025e-05
14598: 6.84978e-05
14599: 6.84932e-05
14600: 6.84885e-05
14601: 6.84838e-05
14602: 6.84791e-05
14603: 6.84744e-05
14604: 6.84697e-05
14605: 6.8465e-05
14606: 6.84603e-05
14607: 6.84556e-05
14608: 6.8451e-05
14609: 6.84463e-05
14610: 6.84416e-05
14611: 6.84369e-05
14612: 6.84322e-05
14613: 6.84275e-05
14614: 6.84229e-05
14615: 6.84182e-05
14616: 6.84135e-05
14617: 6.84088e-05
14618: 6.84041e-05
14619: 6.83995e-05
14620: 6.83948e-05
14621: 6.83901e-05
14622: 6.83854e-05
14623: 6.83807e-05
14624: 6.83761e-05
14625: 6.83714e-05
14626: 6.83667e-05
14627: 6.8362e-05
14628: 6.83574e-05
14629: 6.83527e-05
14630: 6.8348e-05
14631: 6.83434e-05
14632: 6.83387e-05
14633: 6.8334e-05
14634: 6.83293e-05
14635: 6.83247e-05
14636: 6.832e-05
14637: 6.83153e-05
14638: 6.83107e-05
14639: 6.8306e-05
14640: 6.83013e-05
14641: 6.82967e-05
14642: 6.8292e-05
14643: 6.82874e-05
14644: 6.82827e-05
14645: 6.8278e-05
14646: 6.82734e-05
14647: 6.82687e-05
14648: 6.8264e-05
14649: 6.82594e-05
14650: 6.82547e-05
14651: 6.82501e-05
14652: 6.82454e-05
14653: 6.82408e-05
14654: 6.82361e-05
14655: 6.82314e-05
14656: 6.82268e-05
14657: 6.82221e-05
14658: 6.82175e-05
14659: 6.82128e-05
14660: 6.82082e-05
14661: 6.82035e-05
14662: 6.81989e-05
14663: 6.81942e-05
14664: 6.81896e-05
14665: 6.81849e-05
14666: 6.81803e-05
14667: 6.81756e-05
14668: 6.8171e-05
14669: 6.81663e-05
14670: 6.81617e-05
14671: 6.8157e-05
14672: 6.81524e-05
14673: 6.81477e-05
14674: 6.81431e-05
14675: 6.81385e-05
14676: 6.81338e-05
14677: 6.81292e-05
14678: 6.81245e-05
14679: 6.81199e-05
14680: 6.81153e-05
14681: 6.81106e-05
14682: 6.8106e-05
14683: 6.81013e-05
14684: 6.80967e-05
14685: 6.80921e-05
14686: 6.80874e-05
14687: 6.80828e-05
14688: 6.80782e-05
14689: 6.80735e-05
14690: 6.80689e-05
14691: 6.80643e-05
14692: 6.80596e-05
14693: 6.8055e-05
14694: 6.80504e-05
14695: 6.80457e-05
14696: 6.80411e-05
14697: 6.80365e-05
14698: 6.80318e-05
14699: 6.80272e-05
14700: 6.80226e-05
14701: 6.8018e-05
14702: 6.80133e-05
14703: 6.80087e-05
14704: 6.80041e-05
14705: 6.79995e-05
14706: 6.79948e-05
14707: 6.79902e-05
14708: 6.79856e-05
14709: 6.7981e-05
14710: 6.79763e-05
14711: 6.79717e-05
14712: 6.79671e-05
14713: 6.79625e-05
14714: 6.79579e-05
14715: 6.79532e-05
14716: 6.79486e-05
14717: 6.7944e-05
14718: 6.79394e-05
14719: 6.79348e-05
14720: 6.79302e-05
14721: 6.79256e-05
14722: 6.79209e-05
14723: 6.79163e-05
14724: 6.79117e-05
14725: 6.79071e-05
14726: 6.79025e-05
14727: 6.78979e-05
14728: 6.78933e-05
14729: 6.78887e-05
14730: 6.78841e-05
14731: 6.78794e-05
14732: 6.78748e-05
14733: 6.78702e-05
14734: 6.78656e-05
14735: 6.7861e-05
14736: 6.78564e-05
14737: 6.78518e-05
14738: 6.78472e-05
14739: 6.78426e-05
14740: 6.7838e-05
14741: 6.78334e-05
14742: 6.78288e-05
14743: 6.78242e-05
14744: 6.78196e-05
14745: 6.7815e-05
14746: 6.78104e-05
14747: 6.78058e-05
14748: 6.78012e-05
14749: 6.77966e-05
14750: 6.7792e-05
14751: 6.77874e-05
14752: 6.77828e-05
14753: 6.77782e-05
14754: 6.77736e-05
14755: 6.7769e-05
14756: 6.77645e-05
14757: 6.77599e-05
14758: 6.77553e-05
14759: 6.77507e-05
14760: 6.77461e-05
14761: 6.77415e-05
14762: 6.77369e-05
14763: 6.77323e-05
14764: 6.77277e-05
14765: 6.77231e-05
14766: 6.77186e-05
14767: 6.7714e-05
14768: 6.77094e-05
14769: 6.77048e-05
14770: 6.77002e-05
14771: 6.76956e-05
14772: 6.76911e-05
14773: 6.76865e-05
14774: 6.76819e-05
14775: 6.76773e-05
14776: 6.76727e-05
14777: 6.76682e-05
14778: 6.76636e-05
14779: 6.7659e-05
14780: 6.76544e-05
14781: 6.76498e-05
14782: 6.76453e-05
14783: 6.76407e-05
14784: 6.76361e-05
14785: 6.76315e-05
14786: 6.7627e-05
14787: 6.76224e-05
14788: 6.76178e-05
14789: 6.76133e-05
14790: 6.76087e-05
14791: 6.76041e-05
14792: 6.75995e-05
14793: 6.7595e-05
14794: 6.75904e-05
14795: 6.75858e-05
14796: 6.75813e-05
14797: 6.75767e-05
14798: 6.75721e-05
14799: 6.75676e-05
14800: 6.7563e-05
14801: 6.75584e-05
14802: 6.75539e-05
14803: 6.75493e-05
14804: 6.75447e-05
14805: 6.75402e-05
14806: 6.75356e-05
14807: 6.75311e-05
14808: 6.75265e-05
14809: 6.75219e-05
14810: 6.75174e-05
14811: 6.75128e-05
14812: 6.75083e-05
14813: 6.75037e-05
14814: 6.74992e-05
14815: 6.74946e-05
14816: 6.749e-05
14817: 6.74855e-05
14818: 6.74809e-05
14819: 6.74764e-05
14820: 6.74718e-05
14821: 6.74673e-05
14822: 6.74627e-05
14823: 6.74582e-05
14824: 6.74536e-05
14825: 6.74491e-05
14826: 6.74445e-05
14827: 6.744e-05
14828: 6.74354e-05
14829: 6.74309e-05
14830: 6.74263e-05
14831: 6.74218e-05
14832: 6.74172e-05
14833: 6.74127e-05
14834: 6.74082e-05
14835: 6.74036e-05
14836: 6.73991e-05
14837: 6.73945e-05
14838: 6.739e-05
14839: 6.73854e-05
14840: 6.73809e-05
14841: 6.73764e-05
14842: 6.73718e-05
14843: 6.73673e-05
14844: 6.73627e-05
14845: 6.73582e-05
14846: 6.73537e-05
14847: 6.73491e-05
14848: 6.73446e-05
14849: 6.73401e-05
14850: 6.73355e-05
14851: 6.7331e-05
14852: 6.73265e-05
14853: 6.73219e-05
14854: 6.73174e-05
14855: 6.73129e-05
14856: 6.73083e-05
14857: 6.73038e-05
14858: 6.72993e-05
14859: 6.72948e-05
14860: 6.72902e-05
14861: 6.72857e-05
14862: 6.72812e-05
14863: 6.72766e-05
14864: 6.72721e-05
14865: 6.72676e-05
14866: 6.72631e-05
14867: 6.72585e-05
14868: 6.7254e-05
14869: 6.72495e-05
14870: 6.7245e-05
14871: 6.72405e-05
14872: 6.72359e-05
14873: 6.72314e-05
14874: 6.72269e-05
14875: 6.72224e-05
14876: 6.72179e-05
14877: 6.72133e-05
14878: 6.72088e-05
14879: 6.72043e-05
14880: 6.71998e-05
14881: 6.71953e-05
14882: 6.71908e-05
14883: 6.71862e-05
14884: 6.71817e-05
14885: 6.71772e-05
14886: 6.71727e-05
14887: 6.71682e-05
14888: 6.71637e-05
14889: 6.71592e-05
14890: 6.71547e-05
14891: 6.71501e-05
14892: 6.71456e-05
14893: 6.71411e-05
14894: 6.71366e-05
14895: 6.71321e-05
14896: 6.71276e-05
14897: 6.71231e-05
14898: 6.71186e-05
14899: 6.71141e-05
14900: 6.71096e-05
14901: 6.71051e-05
14902: 6.71006e-05
14903: 6.70961e-05
14904: 6.70916e-05
14905: 6.70871e-05
14906: 6.70826e-05
14907: 6.70781e-05
14908: 6.70736e-05
14909: 6.70691e-05
14910: 6.70646e-05
14911: 6.70601e-05
14912: 6.70556e-05
14913: 6.70511e-05
14914: 6.70466e-05
14915: 6.70421e-05
14916: 6.70376e-05
14917: 6.70331e-05
14918: 6.70286e-05
14919: 6.70241e-05
14920: 6.70196e-05
14921: 6.70151e-05
14922: 6.70107e-05
14923: 6.70062e-05
14924: 6.70017e-05
14925: 6.69972e-05
14926: 6.69927e-05
14927: 6.69882e-05
14928: 6.69837e-05
14929: 6.69792e-05
14930: 6.69748e-05
14931: 6.69703e-05
14932: 6.69658e-05
14933: 6.69613e-05
14934: 6.69568e-05
14935: 6.69523e-05
14936: 6.69478e-05
14937: 6.69434e-05
14938: 6.69389e-05
14939: 6.69344e-05
14940: 6.69299e-05
14941: 6.69254e-05
14942: 6.6921e-05
14943: 6.69165e-05
14944: 6.6912e-05
14945: 6.69075e-05
14946: 6.69031e-05
14947: 6.68986e-05
14948: 6.68941e-05
14949: 6.68896e-05
14950: 6.68852e-05
14951: 6.68807e-05
14952: 6.68762e-05
14953: 6.68717e-05
14954: 6.68673e-05
14955: 6.68628e-05
14956: 6.68583e-05
14957: 6.68539e-05
14958: 6.68494e-05
14959: 6.68449e-05
14960: 6.68405e-05
14961: 6.6836e-05
14962: 6.68315e-05
14963: 6.68271e-05
14964: 6.68226e-05
14965: 6.68181e-05
14966: 6.68137e-05
14967: 6.68092e-05
14968: 6.68047e-05
14969: 6.68003e-05
14970: 6.67958e-05
14971: 6.67913e-05
14972: 6.67869e-05
14973: 6.67824e-05
14974: 6.6778e-05
14975: 6.67735e-05
14976: 6.6769e-05
14977: 6.67646e-05
14978: 6.67601e-05
14979: 6.67557e-05
14980: 6.67512e-05
14981: 6.67468e-05
14982: 6.67423e-05
14983: 6.67379e-05
14984: 6.67334e-05
14985: 6.67289e-05
14986: 6.67245e-05
14987: 6.672e-05
14988: 6.67156e-05
14989: 6.67111e-05
14990: 6.67067e-05
14991: 6.67022e-05
14992: 6.66978e-05
14993: 6.66933e-05
14994: 6.66889e-05
14995: 6.66844e-05
14996: 6.668e-05
14997: 6.66756e-05
14998: 6.66711e-05
14999: 6.66667e-05
15000: 6.66622e-05
15001: 6.66578e-05
15002: 6.66533e-05
15003: 6.66489e-05
15004: 6.66445e-05
15005: 6.664e-05
15006: 6.66356e-05
15007: 6.66311e-05
15008: 6.66267e-05
15009: 6.66223e-05
15010: 6.66178e-05
15011: 6.66134e-05
15012: 6.66089e-05
15013: 6.66045e-05
15014: 6.66001e-05
15015: 6.65956e-05
15016: 6.65912e-05
15017: 6.65868e-05
15018: 6.65823e-05
15019: 6.65779e-05
15020: 6.65735e-05
15021: 6.6569e-05
15022: 6.65646e-05
15023: 6.65602e-05
15024: 6.65557e-05
15025: 6.65513e-05
15026: 6.65469e-05
15027: 6.65425e-05
15028: 6.6538e-05
15029: 6.65336e-05
15030: 6.65292e-05
15031: 6.65247e-05
15032: 6.65203e-05
15033: 6.65159e-05
15034: 6.65115e-05
15035: 6.6507e-05
15036: 6.65026e-05
15037: 6.64982e-05
15038: 6.64938e-05
15039: 6.64894e-05
15040: 6.64849e-05
15041: 6.64805e-05
15042: 6.64761e-05
15043: 6.64717e-05
15044: 6.64673e-05
15045: 6.64628e-05
15046: 6.64584e-05
15047: 6.6454e-05
15048: 6.64496e-05
15049: 6.64452e-05
15050: 6.64408e-05
15051: 6.64364e-05
15052: 6.64319e-05
15053: 6.64275e-05
15054: 6.64231e-05
15055: 6.64187e-05
15056: 6.64143e-05
15057: 6.64099e-05
15058: 6.64055e-05
15059: 6.64011e-05
15060: 6.63967e-05
15061: 6.63922e-05
15062: 6.63878e-05
15063: 6.63834e-05
15064: 6.6379e-05
15065: 6.63746e-05
15066: 6.63702e-05
15067: 6.63658e-05
15068: 6.63614e-05
15069: 6.6357e-05
15070: 6.63526e-05
15071: 6.63482e-05
15072: 6.63438e-05
15073: 6.63394e-05
15074: 6.6335e-05
15075: 6.63306e-05
15076: 6.63262e-05
15077: 6.63218e-05
15078: 6.63174e-05
15079: 6.6313e-05
15080: 6.63086e-05
15081: 6.63042e-05
15082: 6.62998e-05
15083: 6.62954e-05
15084: 6.6291e-05
15085: 6.62866e-05
15086: 6.62822e-05
15087: 6.62778e-05
15088: 6.62734e-05
15089: 6.62691e-05
15090: 6.62647e-05
15091: 6.62603e-05
15092: 6.62559e-05
15093: 6.62515e-05
15094: 6.62471e-05
15095: 6.62427e-05
15096: 6.62383e-05
15097: 6.62339e-05
15098: 6.62296e-05
15099: 6.62252e-05
15100: 6.62208e-05
15101: 6.62164e-05
15102: 6.6212e-05
15103: 6.62076e-05
15104: 6.62032e-05
15105: 6.61989e-05
15106: 6.61945e-05
15107: 6.61901e-05
15108: 6.61857e-05
15109: 6.61813e-05
15110: 6.6177e-05
15111: 6.61726e-05
15112: 6.61682e-05
15113: 6.61638e-05
15114: 6.61594e-05
15115: 6.61551e-05
15116: 6.61507e-05
15117: 6.61463e-05
15118: 6.61419e-05
15119: 6.61376e-05
15120: 6.61332e-05
15121: 6.61288e-05
15122: 6.61244e-05
15123: 6.61201e-05
15124: 6.61157e-05
15125: 6.61113e-05
15126: 6.6107e-05
15127: 6.61026e-05
15128: 6.60982e-05
15129: 6.60939e-05
15130: 6.60895e-05
15131: 6.60851e-05
15132: 6.60808e-05
15133: 6.60764e-05
15134: 6.6072e-05
15135: 6.60677e-05
15136: 6.60633e-05
15137: 6.60589e-05
15138: 6.60546e-05
15139: 6.60502e-05
15140: 6.60458e-05
15141: 6.60415e-05
15142: 6.60371e-05
15143: 6.60328e-05
15144: 6.60284e-05
15145: 6.6024e-05
15146: 6.60197e-05
15147: 6.60153e-05
15148: 6.6011e-05
15149: 6.60066e-05
15150: 6.60022e-05
15151: 6.59979e-05
15152: 6.59935e-05
15153: 6.59892e-05
15154: 6.59848e-05
15155: 6.59805e-05
15156: 6.59761e-05
15157: 6.59718e-05
15158: 6.59674e-05
15159: 6.59631e-05
15160: 6.59587e-05
15161: 6.59544e-05
15162: 6.595e-05
15163: 6.59457e-05
15164: 6.59413e-05
15165: 6.5937e-05
15166: 6.59326e-05
15167: 6.59283e-05
15168: 6.59239e-05
15169: 6.59196e-05
15170: 6.59152e-05
15171: 6.59109e-05
15172: 6.59065e-05
15173: 6.59022e-05
15174: 6.58979e-05
15175: 6.58935e-05
15176: 6.58892e-05
15177: 6.58848e-05
15178: 6.58805e-05
15179: 6.58762e-05
15180: 6.58718e-05
15181: 6.58675e-05
15182: 6.58631e-05
15183: 6.58588e-05
15184: 6.58545e-05
15185: 6.58501e-05
15186: 6.58458e-05
15187: 6.58415e-05
15188: 6.58371e-05
15189: 6.58328e-05
15190: 6.58285e-05
15191: 6.58241e-05
15192: 6.58198e-05
15193: 6.58155e-05
15194: 6.58111e-05
15195: 6.58068e-05
15196: 6.58025e-05
15197: 6.57981e-05
15198: 6.57938e-05
15199: 6.57895e-05
15200: 6.57851e-05
15201: 6.57808e-05
15202: 6.57765e-05
15203: 6.57722e-05
15204: 6.57678e-05
15205: 6.57635e-05
15206: 6.57592e-05
15207: 6.57549e-05
15208: 6.57505e-05
15209: 6.57462e-05
15210: 6.57419e-05
15211: 6.57376e-05
15212: 6.57333e-05
15213: 6.57289e-05
15214: 6.57246e-05
15215: 6.57203e-05
15216: 6.5716e-05
15217: 6.57117e-05
15218: 6.57073e-05
15219: 6.5703e-05
15220: 6.56987e-05
15221: 6.56944e-05
15222: 6.56901e-05
15223: 6.56858e-05
15224: 6.56814e-05
15225: 6.56771e-05
15226: 6.56728e-05
15227: 6.56685e-05
15228: 6.56642e-05
15229: 6.56599e-05
15230: 6.56556e-05
15231: 6.56513e-05
15232: 6.5647e-05
15233: 6.56426e-05
15234: 6.56383e-05
15235: 6.5634e-05
15236: 6.56297e-05
15237: 6.56254e-05
15238: 6.56211e-05
15239: 6.56168e-05
15240: 6.56125e-05
15241: 6.56082e-05
15242: 6.56039e-05
15243: 6.55996e-05
15244: 6.55953e-05
15245: 6.5591e-05
15246: 6.55867e-05
15247: 6.55824e-05
15248: 6.55781e-05
15249: 6.55738e-05
15250: 6.55695e-05
15251: 6.55652e-05
15252: 6.55609e-05
15253: 6.55566e-05
15254: 6.55523e-05
15255: 6.5548e-05
15256: 6.55437e-05
15257: 6.55394e-05
15258: 6.55351e-05
15259: 6.55308e-05
15260: 6.55265e-05
15261: 6.55222e-05
15262: 6.55179e-05
15263: 6.55136e-05
15264: 6.55093e-05
15265: 6.5505e-05
15266: 6.55008e-05
15267: 6.54965e-05
15268: 6.54922e-05
15269: 6.54879e-05
15270: 6.54836e-05
15271: 6.54793e-05
15272: 6.5475e-05
15273: 6.54707e-05
15274: 6.54664e-05
15275: 6.54622e-05
15276: 6.54579e-05
15277: 6.54536e-05
15278: 6.54493e-05
15279: 6.5445e-05
15280: 6.54407e-05
15281: 6.54365e-05
15282: 6.54322e-05
15283: 6.54279e-05
15284: 6.54236e-05
15285: 6.54193e-05
15286: 6.54151e-05
15287: 6.54108e-05
15288: 6.54065e-05
15289: 6.54022e-05
15290: 6.53979e-05
15291: 6.53937e-05
15292: 6.53894e-05
15293: 6.53851e-05
15294: 6.53808e-05
15295: 6.53766e-05
15296: 6.53723e-05
15297: 6.5368e-05
15298: 6.53637e-05
15299: 6.53595e-05
15300: 6.53552e-05
15301: 6.53509e-05
15302: 6.53467e-05
15303: 6.53424e-05
15304: 6.53381e-05
15305: 6.53339e-05
15306: 6.53296e-05
15307: 6.53253e-05
15308: 6.53211e-05
15309: 6.53168e-05
15310: 6.53125e-05
15311: 6.53083e-05
15312: 6.5304e-05
15313: 6.52997e-05
15314: 6.52955e-05
15315: 6.52912e-05
15316: 6.52869e-05
15317: 6.52827e-05
15318: 6.52784e-05
15319: 6.52742e-05
15320: 6.52699e-05
15321: 6.52656e-05
15322: 6.52614e-05
15323: 6.52571e-05
15324: 6.52529e-05
15325: 6.52486e-05
15326: 6.52443e-05
15327: 6.52401e-05
15328: 6.52358e-05
15329: 6.52316e-05
15330: 6.52273e-05
15331: 6.52231e-05
15332: 6.52188e-05
15333: 6.52146e-05
15334: 6.52103e-05
15335: 6.52061e-05
15336: 6.52018e-05
15337: 6.51975e-05
15338: 6.51933e-05
15339: 6.5189e-05
15340: 6.51848e-05
15341: 6.51806e-05
15342: 6.51763e-05
15343: 6.51721e-05
15344: 6.51678e-05
15345: 6.51636e-05
15346: 6.51593e-05
15347: 6.51551e-05
15348: 6.51508e-05
15349: 6.51466e-05
15350: 6.51423e-05
15351: 6.51381e-05
15352: 6.51339e-05
15353: 6.51296e-05
15354: 6.51254e-05
15355: 6.51211e-05
15356: 6.51169e-05
15357: 6.51126e-05
15358: 6.51084e-05
15359: 6.51042e-05
15360: 6.50999e-05
15361: 6.50957e-05
15362: 6.50915e-05
15363: 6.50872e-05
15364: 6.5083e-05
15365: 6.50787e-05
15366: 6.50745e-05
15367: 6.50703e-05
15368: 6.5066e-05
15369: 6.50618e-05
15370: 6.50576e-05
15371: 6.50533e-05
15372: 6.50491e-05
15373: 6.50449e-05
15374: 6.50407e-05
15375: 6.50364e-05
15376: 6.50322e-05
15377: 6.5028e-05
15378: 6.50237e-05
15379: 6.50195e-05
15380: 6.50153e-05
15381: 6.50111e-05
15382: 6.50068e-05
15383: 6.50026e-05
15384: 6.49984e-05
15385: 6.49942e-05
15386: 6.49899e-05
15387: 6.49857e-05
15388: 6.49815e-05
15389: 6.49773e-05
15390: 6.4973e-05
15391: 6.49688e-05
15392: 6.49646e-05
15393: 6.49604e-05
15394: 6.49562e-05
15395: 6.49519e-05
15396: 6.49477e-05
15397: 6.49435e-05
15398: 6.49393e-05
15399: 6.49351e-05
15400: 6.49308e-05
15401: 6.49266e-05
15402: 6.49224e-05
15403: 6.49182e-05
15404: 6.4914e-05
15405: 6.49098e-05
15406: 6.49056e-05
15407: 6.49013e-05
15408: 6.48971e-05
15409: 6.48929e-05
15410: 6.48887e-05
15411: 6.48845e-05
15412: 6.48803e-05
15413: 6.48761e-05
15414: 6.48719e-05
15415: 6.48677e-05
15416: 6.48635e-05
15417: 6.48593e-05
15418: 6.4855e-05
15419: 6.48508e-05
15420: 6.48466e-05
15421: 6.48424e-05
15422: 6.48382e-05
15423: 6.4834e-05
15424: 6.48298e-05
15425: 6.48256e-05
15426: 6.48214e-05
15427: 6.48172e-05
15428: 6.4813e-05
15429: 6.48088e-05
15430: 0.000129609
15431: 0.000129601
15432: 0.000129592
15433: 0.000129584
15434: 0.000129576
15435: 0.000129567
15436: 0.000129559
15437: 0.00012955
15438: 0.000129542
15439: 0.000129534
15440: 0.000129525
15441: 0.000129517
15442: 0.000129509
15443: 0.0001295
15444: 0.000129492
15445: 0.000129483
15446: 0.000129475
15447: 0.000129467
15448: 0.000129458
15449: 0.00012945
15450: 0.000129441
15451: 0.000129433
15452: 0.000129425
15453: 0.000129416
15454: 0.000129408
15455: 0.0001294
15456: 0.000129391
15457: 0.000129383
15458: 0.000129374
15459: 0.000129366
15460: 0.000129358
15461: 0.000129349
15462: 0.000129341
15463: 0.000129333
15464: 0.000129324
15465: 0.000129316
15466: 0.000129308
15467: 0.000129299
15468: 0.000129291
15469: 0.000129282
15470: 0.000129274
15471: 0.000129266
15472: 0.000129257
15473: 0.000129249
15474: 0.000129241
15475: 0.000129232
15476: 0.000129224
15477: 0.000129216
15478: 0.000129207
15479: 0.000129199
15480: 0.000129191
15481: 0.000129182
15482: 0.000129174
15483: 0.000129166
15484: 0.000129157
15485: 0.000129149
15486: 0.000129141
15487: 0.000129132
15488: 0.000129124
15489: 0.000129116
15490: 0.000129107
15491: 0.000129099
15492: 0.000129091
15493: 0.000129082
15494: 0.000129074
15495: 0.000129066
15496: 0.000129057
15497: 0.000129049
15498: 0.000129041
15499: 0.000129032
15500: 0.000129024
15501: 0.000129016
15502: 0.000129007
15503: 0.000128999
15504: 0.000128991
15505: 0.000128982
15506: 0.000128974
15507: 0.000128966
15508: 0.000128957
15509: 0.000128949
15510: 0.000128941
15511: 0.000128932
15512: 0.000128924
15513: 0.000128916
15514: 0.000128908
15515: 0.000128899
15516: 0.000128891
15517: 0.000128883
15518: 0.000128874
15519: 0.000128866
15520: 0.000128858
15521: 0.000128849
15522: 0.000128841
15523: 0.000128833
15524: 0.000128824
15525: 0.000128816
15526: 0.000128808
15527: 0.0001288
15528: 0.000128791
15529: 0.000128783
15530: 0.000128775
15531: 0.000128766
15532: 0.000128758
15533: 0.00012875
15534: 0.000128742
15535: 0.000128733
15536: 0.000128725
15537: 0.000128717
15538: 0.000128708
15539: 0.0001287
15540: 0.000128692
15541: 0.000128684
15542: 0.000128675
15543: 0.000128667
15544: 0.000128659
15545: 0.00012865
15546: 0.000128642
15547: 0.000128634
15548: 0.000128626
15549: 0.000128617
15550: 0.000128609
15551: 0.000128601
15552: 0.000128593
15553: 0.000128584
15554: 0.000128576
15555: 0.000128568
15556: 0.000128559
15557: 0.000128551
15558: 0.000128543
15559: 0.000128535
15560: 0.000128526
15561: 0.000128518
15562: 0.00012851
15563: 0.000128502
15564: 0.000128493
15565: 0.000128485
15566: 0.000128477
15567: 0.000128469
15568: 0.00012846
15569: 0.000128452
15570: 0.000128444
15571: 0.000128436
15572: 0.000128427
15573: 0.000128419
15574: 0.000128411
15575: 0.000128403
15576: 0.000128394
15577: 0.000128386
15578: 0.000128378
15579: 0.00012837
15580: 0.000128361
15581: 0.000128353
15582: 0.000128345
15583: 0.000128337
15584: 0.000128329
15585: 0.00012832
15586: 0.000128312
15587: 0.000128304
15588: 0.000128296
15589: 0.000128287
15590: 0.000128279
15591: 0.000128271
15592: 0.000128263
15593: 0.000128254
15594: 0.000128246
15595: 0.000128238
15596: 0.00012823
15597: 0.000128222
15598: 0.000128213
15599: 0.000128205
15600: 0.000128197
15601: 0.000128189
15602: 0.00012818
15603: 0.000128172
15604: 0.000128164
15605: 0.000128156
15606: 0.000128148
15607: 0.000128139
15608: 0.000128131
15609: 0.000128123
15610: 0.000128115
15611: 0.000128107
15612: 0.000128098
15613: 0.00012809
15614: 0.000128082
15615: 0.000128074
15616: 0.000128066
15617: 0.000128057
15618: 0.000128049
15619: 0.000128041
15620: 0.000128033
15621: 0.000128025
15622: 0.000128016
15623: 0.000128008
15624: 0.000128
15625: 0.000127992
15626: 0.000127984
15627: 0.000127975
15628: 0.000127967
15629: 0.000127959
15630: 0.000127951
15631: 0.000127943
15632: 0.000127934
15633: 0.000127926
15634: 0.000127918
15635: 0.00012791
15636: 0.000127902
15637: 0.000127894
15638: 0.000127885
15639: 0.000127877
15640: 0.000127869
15641: 0.000127861
15642: 0.000127853
15643: 0.000127845
15644: 0.000127836
15645: 0.000127828
15646: 0.00012782
15647: 0.000127812
15648: 0.000127804
15649: 0.000127796
15650: 0.000127787
15651: 0.000127779
15652: 0.000127771
15653: 0.000127763
15654: 0.000127755
15655: 0.000127747
15656: 0.000127738
15657: 0.00012773
15658: 0.000127722
15659: 0.000127714
15660: 0.000127706
15661: 0.000127698
15662: 0.000127689
15663: 0.000127681
15664: 0.000127673
15665: 0.000127665
15666: 0.000127657
15667: 0.000127649
15668: 0.000127641
15669: 0.000127632
15670: 0.000127624
15671: 0.000127616
15672: 0.000127608
15673: 0.0001276
15674: 0.000127592
15675: 0.000127584
15676: 0.000127575
15677: 0.000127567
15678: 0.000127559
15679: 0.000127551
15680: 0.000127543
15681: 0.000127535
15682: 0.000127527
15683: 0.000127518
15684: 0.00012751
15685: 0.000127502
15686: 0.000127494
15687: 0.000127486
15688: 0.000127478
15689: 0.00012747
15690: 0.000127462
15691: 0.000127453
15692: 0.000127445
15693: 0.000127437
15694: 0.000127429
15695: 0.000127421
15696: 0.000127413
15697: 0.000127405
15698: 0.000127397
15699: 0.000127389
15700: 0.00012738
15701: 0.000127372
15702: 0.000127364
15703: 0.000127356
15704: 0.000127348
15705: 0.00012734
15706: 0.000127332
15707: 0.000127324
15708: 0.000127316
15709: 0.000127307
15710: 0.000127299
15711: 0.000127291
15712: 0.000127283
15713: 0.000127275
15714: 0.000127267
15715: 0.000127259
15716: 0.000127251
15717: 0.000127243
15718: 0.000127235
15719: 0.000127226
15720: 0.000127218
15721: 0.00012721
15722: 0.000127202
15723: 0.000127194
15724: 0.000127186
15725: 0.000127178
15726: 0.00012717
15727: 0.000127162
15728: 0.000127154
15729: 0.000127146
15730: 0.000127137
15731: 0.000127129
15732: 0.000127121
15733: 0.000127113
15734: 0.000127105
15735: 0.000127097
15736: 0.000127089
15737: 0.000127081
15738: 0.000127073
15739: 0.000127065
15740: 0.000127057
15741: 0.000127049
15742: 0.000127041
15743: 0.000127033
15744: 0.000127024
15745: 0.000127016
15746: 0.000127008
15747: 0.000127
15748: 0.000126992
15749: 0.000126984
15750: 0.000126976
15751: 0.000126968
15752: 0.00012696
15753: 0.000126952
15754: 0.000126944
15755: 0.000126936
15756: 0.000126928
15757: 0.00012692
15758: 0.000126912
15759: 0.000126904
15760: 0.000126896
15761: 0.000126887
15762: 0.000126879
15763: 0.000126871
15764: 0.000126863
15765: 0.000126855
15766: 0.000126847
15767: 0.000126839
15768: 0.000126831
15769: 0.000126823
15770: 0.000126815
15771: 0.000126807
15772: 0.000126799
15773: 0.000126791
15774: 0.000126783
15775: 0.000126775
15776: 0.000126767
15777: 0.000126759
15778: 0.000126751
15779: 0.000126743
15780: 0.000126735
15781: 0.000126727
15782: 0.000126719
15783: 0.000126711
15784: 0.000126703
15785: 0.000126695
15786: 0.000126687
15787: 0.000126678
15788: 0.00012667
15789: 0.000126662
15790: 0.000126654
15791: 0.000126646
15792: 0.000126638
15793: 0.00012663
15794: 0.000126622
15795: 0.000126614
15796: 0.000126606
15797: 0.000126598
15798: 0.00012659
15799: 0.000126582
15800: 0.000126574
15801: 0.000126566
15802: 0.000126558
15803: 0.00012655
15804: 0.000126542
15805: 0.000126534
15806: 0.000126526
15807: 0.000126518
15808: 0.00012651
15809: 0.000126502
15810: 0.000126494
15811: 0.000126486
15812: 0.000126478
15813: 0.00012647
15814: 0.000126462
15815: 0.000126454
15816: 0.000126446
15817: 0.000126438
15818: 0.00012643
15819: 0.000126422
15820: 0.000126414
15821: 0.000126406
15822: 0.000126398
15823: 0.00012639
15824: 0.000126382
15825: 0.000126374
15826: 0.000126366
15827: 0.000126358
15828: 0.00012635
15829: 0.000126342
15830: 0.000126334
15831: 0.000126326
15832: 0.000126318
15833: 0.00012631
15834: 0.000126302
15835: 0.000126295
15836: 0.000126287
15837: 0.000126279
15838: 0.000126271
15839: 0.000126263
15840: 0.000126255
15841: 0.000126247
15842: 0.000126239
15843: 0.000126231
15844: 0.000126223
15845: 0.000126215
15846: 0.000126207
15847: 0.000126199
15848: 0.000126191
15849: 0.000126183
15850: 0.000126175
15851: 0.000126167
15852: 0.000126159
15853: 0.000126151
15854: 0.000126143
15855: 0.000126135
15856: 0.000126127
15857: 0.000126119
15858: 0.000126111
15859: 0.000126103
15860: 0.000126095
15861: 0.000126088
15862: 0.00012608
15863: 0.000126072
15864: 0.000126064
15865: 0.000126056
15866: 0.000126048
15867: 0.00012604
15868: 0.000126032
15869: 0.000126024
15870: 0.000126016
15871: 0.000126008
15872: 0.000126
15873: 0.000125992
15874: 0.000125984
15875: 0.000125976
15876: 0.000125968
15877: 0.00012596
15878: 0.000125953
15879: 0.000125945
15880: 0.000125937
15881: 0.000125929
15882: 0.000125921
15883: 0.000125913
15884: 0.000125905
15885: 0.000125897
15886: 0.000125889
15887: 0.000125881
15888: 0.000125873
15889: 0.000125865
15890: 0.000125857
15891: 0.000125849
15892: 0.000125842
15893: 0.000125834
15894: 0.000125826
15895: 0.000125818
15896: 0.00012581
15897: 0.000125802
15898: 0.000125794
15899: 0.000125786
15900: 0.000125778
15901: 0.00012577
15902: 0.000125762
15903: 0.000125755
15904: 0.000125747
15905: 0.000125739
15906: 0.000125731
15907: 0.000125723
15908: 0.000125715
15909: 0.000125707
15910: 0.000125699
15911: 0.000125691
15912: 0.000125683
15913: 0.000125676
15914: 0.000125668
15915: 0.00012566
15916: 0.000125652
15917: 0.000125644
15918: 0.000125636
15919: 0.000125628
15920: 0.00012562
15921: 0.000125612
15922: 0.000125604
15923: 0.000125597
15924: 0.000125589
15925: 0.000125581
15926: 0.000125573
15927: 0.000125565
15928: 0.000125557
15929: 0.000125549
15930: 0.000125541
15931: 0.000125534
15932: 0.000125526
15933: 0.000125518
15934: 0.00012551
15935: 0.000125502
15936: 0.000125494
15937: 0.000125486
15938: 0.000125478
15939: 0.000125471
15940: 0.000125463
15941: 0.000125455
15942: 0.000125447
15943: 0.000125439
15944: 0.000125431
15945: 0.000125423
15946: 0.000125415
15947: 0.000125408
15948: 0.0001254
15949: 0.000125392
15950: 0.000125384
15951: 0.000125376
15952: 0.000125368
15953: 0.00012536
15954: 0.000125353
15955: 0.000125345
15956: 0.000125337
15957: 0.000125329
15958: 0.000125321
15959: 0.000125313
15960: 0.000125305
15961: 0.000125298
15962: 0.00012529
15963: 0.000125282
15964: 0.000125274
15965: 0.000125266
15966: 0.000125258
15967: 0.000125251
15968: 0.000125243
15969: 0.000125235
15970: 0.000125227
15971: 0.000125219
15972: 0.000125211
15973: 0.000125203
15974: 0.000125196
15975: 0.000125188
15976: 0.00012518
15977: 0.000125172
15978: 0.000125164
15979: 0.000125156
15980: 0.000125149
15981: 0.000125141
15982: 0.000125133
15983: 0.000125125
15984: 0.000125117
15985: 0.000125109
15986: 0.000125102
15987: 0.000125094
15988: 0.000125086
15989: 0.000125078
15990: 0.00012507
15991: 0.000125063
15992: 0.000125055
15993: 0.000125047
15994: 0.000125039
15995: 0.000125031
15996: 0.000125023
15997: 0.000125016
15998: 0.000125008
15999: 0.000125
16000: 0.000124992
16001: 0.000124984
16002: 0.000124977
16003: 0.000124969
16004: 0.000124961
16005: 0.000124953
16006: 0.000124945
16007: 0.000124938
16008: 0.00012493
16009: 0.000124922
16010: 0.000124914
16011: 0.000124906
16012: 0.000124899
16013: 0.000124891
16014: 0.000124883
16015: 0.000124875
16016: 0.000124867
16017: 0.00012486
16018: 0.000124852
16019: 0.000124844
16020: 0.000124836
16021: 0.000124828
16022: 0.000124821
16023: 0.000124813
16024: 0.000124805
16025: 0.000124797
16026: 0.000124789
16027: 0.000124782
16028: 0.000124774
16029: 0.000124766
16030: 0.000124758
16031: 0.00012475
16032: 0.000124743
16033: 0.000124735
16034: 0.000124727
16035: 0.000124719
16036: 0.000124712
16037: 0.000124704
16038: 0.000124696
16039: 0.000124688
16040: 0.000124681
16041: 0.000124673
16042: 0.000124665
16043: 0.000124657
16044: 0.000124649
16045: 0.000124642
16046: 0.000124634
16047: 0.000124626
16048: 0.000124618
16049: 0.000124611
16050: 0.000124603
16051: 0.000124595
16052: 0.000124587
16053: 0.00012458
16054: 0.000124572
16055: 0.000124564
16056: 0.000124556
16057: 0.000124549
16058: 0.000124541
16059: 0.000124533
16060: 0.000124525
16061: 0.000124517
16062: 0.00012451
16063: 0.000124502
16064: 0.000124494
16065: 0.000124486
16066: 0.000124479
16067: 0.000124471
16068: 0.000124463
16069: 0.000124456
16070: 0.000124448
16071: 0.00012444
16072: 0.000124432
16073: 0.000124425
16074: 0.000124417
16075: 0.000124409
16076: 0.000124401
16077: 0.000124394
16078: 0.000124386
16079: 0.000124378
16080: 0.00012437
16081: 0.000124363
16082: 0.000124355
16083: 0.000124347
16084: 0.000124339
16085: 0.000124332
16086: 0.000124324
16087: 0.000124316
16088: 0.000124309
16089: 0.000124301
16090: 0.000124293
16091: 0.000124285
16092: 0.000124278
16093: 0.00012427
16094: 0.000124262
16095: 0.000124254
16096: 0.000124247
16097: 0.000124239
16098: 0.000124231
16099: 0.000124224
16100: 0.000124216
16101: 0.000124208
16102: 0.0001242
16103: 0.000124193
16104: 0.000124185
16105: 0.000124177
16106: 0.00012417
16107: 0.000124162
16108: 0.000124154
16109: 0.000124146
16110: 0.000124139
16111: 0.000124131
16112: 0.000124123
16113: 0.000124116
16114: 0.000124108
16115: 0.0001241
16116: 0.000124093
16117: 0.000124085
16118: 0.000124077
16119: 0.000124069
16120: 0.000124062
16121: 0.000124054
16122: 0.000124046
16123: 0.000124039
16124: 0.000124031
16125: 0.000124023
16126: 0.000124016
16127: 0.000124008
16128: 0.000124
16129: 0.000123993
16130: 0.000123985
16131: 0.000123977
16132: 0.00012397
16133: 0.000123962
16134: 0.000123954
16135: 0.000123946
16136: 0.000123939
16137: 0.000123931
16138: 0.000123923
16139: 0.000123916
16140: 0.000123908
16141: 0.0001239
16142: 0.000123893
16143: 0.000123885
16144: 0.000123877
16145: 0.00012387
16146: 0.000123862
16147: 0.000123854
16148: 0.000123847
16149: 0.000123839
16150: 0.000123831
16151: 0.000123824
16152: 0.000123816
16153: 0.000123808
16154: 0.000123801
16155: 0.000123793
16156: 0.000123785
16157: 0.000123778
16158: 0.00012377
16159: 0.000123762
16160: 0.000123755
16161: 0.000123747
16162: 0.000123739
16163: 0.000123732
16164: 0.000123724
16165: 0.000123716
16166: 0.000123709
16167: 0.000123701
16168: 0.000123693
16169: 0.000123686
16170: 0.000123678
16171: 0.000123671
16172: 0.000123663
16173: 0.000123655
16174: 0.000123648
16175: 0.00012364
16176: 0.000123632
16177: 0.000123625
16178: 0.000123617
16179: 0.000123609
16180: 0.000123602
16181: 0.000123594
16182: 0.000123586
16183: 0.000123579
16184: 0.000123571
16185: 0.000123564
16186: 0.000123556
16187: 0.000123548
16188: 0.000123541
16189: 0.000123533
16190: 0.000123525
16191: 0.000123518
16192: 0.00012351
16193: 0.000123503
16194: 0.000123495
16195: 0.000123487
16196: 0.00012348
16197: 0.000123472
16198: 0.000123464
16199: 0.000123457
16200: 0.000123449
16201: 0.000123442
16202: 0.000123434
16203: 0.000123426
16204: 0.000123419
16205: 0.000123411
16206: 0.000123403
16207: 0.000123396
16208: 0.000123388
16209: 0.000123381
16210: 0.000123373
16211: 0.000123365
16212: 0.000123358
16213: 0.00012335
16214: 0.000123343
16215: 0.000123335
16216: 0.000123327
16217: 0.00012332
16218: 0.000123312
16219: 0.000123305
16220: 0.000123297
16221: 0.000123289
16222: 0.000123282
16223: 0.000123274
16224: 0.000123267
16225: 0.000123259
16226: 0.000123251
16227: 0.000123244
16228: 0.000123236
16229: 0.000123229
16230: 0.000123221
16231: 0.000123213
16232: 0.000123206
16233: 0.000123198
16234: 0.000123191
16235: 0.000123183
16236: 0.000123175
16237: 0.000123168
16238: 0.00012316
16239: 0.000123153
16240: 0.000123145
16241: 0.000123138
16242: 0.00012313
16243: 0.000123122
16244: 0.000123115
16245: 0.000123107
16246: 0.0001231
16247: 0.000123092
16248: 0.000123084
16249: 0.000123077
16250: 0.000123069
16251: 0.000123062
16252: 0.000123054
16253: 0.000123047
16254: 0.000123039
16255: 0.000123031
16256: 0.000123024
16257: 0.000123016
16258: 0.000123009
16259: 0.000123001
16260: 0.000122994
16261: 0.000122986
16262: 0.000122979
16263: 0.000122971
16264: 0.000122963
16265: 0.000122956
16266: 0.000122948
16267: 0.000122941
16268: 0.000122933
16269: 0.000122926
16270: 0.000122918
16271: 0.000122911
16272: 0.000122903
16273: 0.000122895
16274: 0.000122888
16275: 0.00012288
16276: 0.000122873
16277: 0.000122865
16278: 0.000122858
16279: 0.00012285
16280: 0.000122843
16281: 0.000122835
16282: 0.000122827
16283: 0.00012282
16284: 0.000122812
16285: 0.000122805
16286: 0.000122797
16287: 0.00012279
16288: 0.000122782
16289: 0.000122775
16290: 0.000122767
16291: 0.00012276
16292: 0.000122752
16293: 0.000122745
16294: 0.000122737
16295: 0.00012273
16296: 0.000122722
16297: 0.000122714
16298: 0.000122707
16299: 0.000122699
16300: 0.000122692
16301: 0.000122684
16302: 0.000122677
16303: 0.000122669
16304: 0.000122662
16305: 0.000122654
16306: 0.000122647
16307: 0.000122639
16308: 0.000122632
16309: 0.000122624
16310: 0.000122617
16311: 0.000122609
16312: 0.000122602
16313: 0.000122594
16314: 0.000122587
16315: 0.000122579
16316: 0.000122572
16317: 0.000122564
16318: 0.000122557
16319: 0.000122549
16320: 0.000122542
16321: 0.000122534
16322: 0.000122526
16323: 0.000122519
16324: 0.000122511
16325: 0.000122504
16326: 0.000122496
16327: 0.000122489
16328: 0.000122481
16329: 0.000122474
16330: 0.000122466
16331: 0.000122459
16332: 0.000122451
16333: 0.000122444
16334: 0.000122436
16335: 0.000122429
16336: 0.000122421
16337: 0.000122414
16338: 0.000122407
16339: 0.000122399
16340: 0.000122392
16341: 0.000122384
16342: 0.000122377
16343: 0.000122369
16344: 0.000122362
16345: 0.000122354
16346: 0.000122347
16347: 0.000122339
16348: 0.000122332
16349: 0.000122324
16350: 0.000122317
16351: 0.000122309
16352: 0.000122302
16353: 0.000122294
16354: 0.000122287
16355: 0.000122279
16356: 0.000122272
16357: 0.000122264
16358: 0.000122257
16359: 0.000122249
16360: 0.000122242
16361: 0.000122234
16362: 0.000122227
16363: 0.00012222
16364: 0.000122212
16365: 0.000122205
16366: 0.000122197
16367: 0.00012219
16368: 0.000122182
16369: 0.000122175
16370: 0.000122167
16371: 0.00012216
16372: 0.000122152
16373: 0.000122145
16374: 0.000122137
16375: 0.00012213
16376: 0.000122122
16377: 0.000122115
16378: 0.000122108
16379: 0.0001221
16380: 0.000122093
16381: 0.000122085
16382: 0.000122078
16383: 0.00012207
16384: 0.000122063
16385: 0.000122055
16386: 0.000122048
16387: 0.000122041
16388: 0.000122033
16389: 0.000122026
16390: 0.000122018
16391: 0.000122011
16392: 0.000122003
16393: 0.000121996
16394: 0.000121988
16395: 0.000121981
16396: 0.000121974
16397: 0.000121966
16398: 0.000121959
16399: 0.000121951
16400: 0.000121944
16401: 0.000121936
16402: 0.000121929
16403: 0.000121921
16404: 0.000121914
16405: 0.000121907
16406: 0.000121899
16407: 0.000121892
16408: 0.000121884
16409: 0.000121877
16410: 0.000121869
16411: 0.000121862
16412: 0.000121855
16413: 0.000121847
16414: 0.00012184
16415: 0.000121832
16416: 0.000121825
16417: 0.000121818
16418: 0.00012181
16419: 0.000121803
16420: 0.000121795
16421: 0.000121788
16422: 0.00012178
16423: 0.000121773
16424: 0.000121766
16425: 0.000121758
16426: 0.000121751
16427: 0.000121743
16428: 0.000121736
16429: 0.000121729
16430: 0.000121721
16431: 0.000121714
16432: 0.000121706
16433: 0.000121699
16434: 0.000121692
16435: 0.000121684
16436: 0.000121677
16437: 0.000121669
16438: 0.000121662
16439: 0.000121655
16440: 0.000121647
16441: 0.00012164
16442: 0.000121632
16443: 0.000121625
16444: 0.000121618
16445: 0.00012161
16446: 0.000121603
16447: 0.000121595
16448: 0.000121588
16449: 0.000121581
16450: 0.000121573
16451: 0.000121566
16452: 0.000121558
16453: 0.000121551
16454: 0.000121544
16455: 0.000121536
16456: 0.000121529
16457: 0.000121521
16458: 0.000121514
16459: 0.000121507
16460: 0.000121499
16461: 0.000121492
16462: 0.000121485
16463: 0.000121477
16464: 0.00012147
16465: 0.000121462
16466: 0.000121455
16467: 0.000121448
16468: 0.00012144
16469: 0.000121433
16470: 0.000121426
16471: 0.000121418
16472: 0.000121411
16473: 0.000121403
16474: 0.000121396
16475: 0.000121389
16476: 0.000121381
16477: 0.000121374
16478: 0.000121367
16479: 0.000121359
16480: 0.000121352
16481: 0.000121344
16482: 0.000121337
16483: 0.00012133
16484: 0.000121322
16485: 0.000121315
16486: 0.000121308
16487: 0.0001213
16488: 0.000121293
16489: 0.000121286
16490: 0.000121278
16491: 0.000121271
16492: 0.000121264
16493: 0.000121256
16494: 0.000121249
16495: 0.000121242
16496: 0.000121234
16497: 0.000121227
16498: 0.000121219
16499: 0.000121212
16500: 0.000121205
16501: 0.000121197
16502: 0.00012119
16503: 0.000121183
16504: 0.000121175
16505: 0.000121168
16506: 0.000121161
16507: 0.000121153
16508: 0.000121146
16509: 0.000121139
16510: 0.000121131
16511: 0.000121124
16512: 0.000121117
16513: 0.000121109
16514: 0.000121102
16515: 0.000121095
16516: 0.000121087
16517: 0.00012108
16518: 0.000121073
16519: 0.000121065
16520: 0.000121058
16521: 0.000121051
16522: 0.000121043
16523: 0.000121036
16524: 0.000121029
16525: 0.000121021
16526: 0.000121014
16527: 0.000121007
16528: 0.000120999
16529: 0.000120992
16530: 0.000120985
16531: 0.000120977
16532: 0.00012097
16533: 0.000120963
16534: 0.000120956
16535: 0.000120948
16536: 0.000120941
16537: 0.000120934
16538: 0.000120926
16539: 0.000120919
16540: 0.000120912
16541: 0.000120904
16542: 0.000120897
16543: 0.00012089
16544: 0.000120882
16545: 0.000120875
16546: 0.000120868
16547: 0.000120861
16548: 0.000120853
16549: 0.000120846
16550: 0.000120839
16551: 0.000120831
16552: 0.000120824
16553: 0.000120817
16554: 0.000120809
16555: 0.000120802
16556: 0.000120795
16557: 0.000120788
16558: 0.00012078
16559: 0.000120773
16560: 0.000120766
16561: 0.000120758
16562: 0.000120751
16563: 0.000120744
16564: 0.000120736
16565: 0.000120729
16566: 0.000120722
16567: 0.000120715
16568: 0.000120707
16569: 0.0001207
16570: 0.000120693
16571: 0.000120685
16572: 0.000120678
16573: 0.000120671
16574: 0.000120664
16575: 0.000120656
16576: 0.000120649
16577: 0.000120642
16578: 0.000120635
16579: 0.000120627
16580: 0.00012062
16581: 0.000120613
16582: 0.000120605
16583: 0.000120598
16584: 0.000120591
16585: 0.000120584
16586: 0.000120576
16587: 0.000120569
16588: 0.000120562
16589: 0.000120555
16590: 0.000120547
16591: 0.00012054
16592: 0.000120533
16593: 0.000120525
16594: 0.000120518
16595: 0.000120511
16596: 0.000120504
16597: 0.000120496
16598: 0.000120489
16599: 0.000120482
16600: 0.000120475
16601: 0.000120467
16602: 0.00012046
16603: 0.000120453
16604: 0.000120446
16605: 0.000120438
16606: 0.000120431
16607: 0.000120424
16608: 0.000120417
16609: 0.000120409
16610: 0.000120402
16611: 0.000120395
16612: 0.000120388
16613: 0.00012038
16614: 0.000120373
16615: 0.000120366
16616: 0.000120359
16617: 0.000120351
16618: 0.000120344
16619: 0.000120337
16620: 0.00012033
16621: 0.000120322
16622: 0.000120315
16623: 0.000120308
16624: 0.000120301
16625: 0.000120294
16626: 0.000120286
16627: 0.000120279
16628: 0.000120272
16629: 0.000120265
16630: 0.000120257
16631: 0.00012025
16632: 0.000120243
16633: 0.000120236
16634: 0.000120228
16635: 0.000120221
16636: 0.000120214
16637: 0.000120207
16638: 0.0001202
16639: 0.000120192
16640: 0.000120185
16641: 0.000120178
16642: 0.000120171
16643: 0.000120163
16644: 0.000120156
16645: 0.000120149
16646: 0.000120142
16647: 0.000120135
16648: 0.000120127
16649: 0.00012012
16650: 0.000120113
16651: 0.000120106
16652: 0.000120098
16653: 0.000120091
16654: 0.000120084
16655: 0.000120077
16656: 0.00012007
16657: 0.000120062
16658: 0.000120055
16659: 0.000120048
16660: 0.000120041
16661: 0.000120034
16662: 0.000120026
16663: 0.000120019
16664: 0.000120012
16665: 0.000120005
16666: 0.000119998
16667: 0.00011999
16668: 0.000119983
16669: 0.000119976
16670: 0.000119969
16671: 0.000119962
16672: 0.000119954
16673: 0.000119947
16674: 0.00011994
16675: 0.000119933
16676: 0.000119926
16677: 0.000119918
16678: 0.000119911
16679: 0.000119904
16680: 0.000119897
16681: 0.00011989
16682: 0.000119883
16683: 0.000119875
16684: 0.000119868
16685: 0.000119861
16686: 0.000119854
16687: 0.000119847
16688: 0.000119839
16689: 0.000119832
16690: 0.000119825
16691: 0.000119818
16692: 0.000119811
16693: 0.000119804
16694: 0.000119796
16695: 0.000119789
16696: 0.000119782
16697: 0.000119775
16698: 0.000119768
16699: 0.00011976
16700: 0.000119753
16701: 0.000119746
16702: 0.000119739
16703: 0.000119732
16704: 0.000119725
16705: 0.000119717
16706: 0.00011971
16707: 0.000119703
16708: 0.000119696
16709: 0.000119689
16710: 0.000119682
16711: 0.000119674
16712: 0.000119667
16713: 0.00011966
16714: 0.000119653
16715: 0.000119646
16716: 0.000119639
16717: 0.000119632
16718: 0.000119624
16719: 0.000119617
16720: 0.00011961
16721: 0.000119603
16722: 0.000119596
16723: 0.000119589
16724: 0.000119581
16725: 0.000119574
16726: 0.000119567
16727: 0.00011956
16728: 0.000119553
16729: 0.000119546
16730: 0.000119539
16731: 0.000119531
16732: 0.000119524
16733: 0.000119517
16734: 0.00011951
16735: 0.000119503
16736: 0.000119496
16737: 0.000119489
16738: 0.000119481
16739: 0.000119474
16740: 0.000119467
16741: 0.00011946
16742: 0.000119453
16743: 0.000119446
16744: 0.000119439
16745: 0.000119432
16746: 0.000119424
16747: 0.000119417
16748: 0.00011941
16749: 0.000119403
16750: 0.000119396
16751: 0.000119389
16752: 0.000119382
16753: 0.000119374
16754: 0.000119367
16755: 0.00011936
16756: 0.000119353
16757: 0.000119346
16758: 0.000119339
16759: 0.000119332
16760: 0.000119325
16761: 0.000119318
16762: 0.00011931
16763: 0.000119303
16764: 0.000119296
16765: 0.000119289
16766: 0.000119282
16767: 0.000119275
16768: 0.000119268
16769: 0.000119261
16770: 0.000119253
16771: 0.000119246
16772: 0.000119239
16773: 0.000119232
16774: 0.000119225
16775: 0.000119218
16776: 0.000119211
16777: 0.000119204
16778: 0.000119197
16779: 0.00011919
16780: 0.000119182
16781: 0.000119175
16782: 0.000119168
16783: 0.000119161
16784: 0.000119154
16785: 0.000119147
16786: 0.00011914
16787: 0.000119133
16788: 0.000119126
16789: 0.000119119
16790: 0.000119111
16791: 0.000119104
16792: 0.000119097
16793: 0.00011909
16794: 0.000119083
16795: 0.000119076
16796: 0.000119069
16797: 0.000119062
16798: 0.000119055
16799: 0.000119048
16800: 0.000119041
16801: 0.000119033
16802: 0.000119026
16803: 0.000119019
16804: 0.000119012
16805: 0.000119005
16806: 0.000118998
16807: 0.000118991
16808: 0.000118984
16809: 0.000118977
16810: 0.00011897
16811: 0.000118963
16812: 0.000118956
16813: 0.000118948
16814: 0.000118941
16815: 0.000118934
16816: 0.000118927
16817: 0.00011892
16818: 0.000118913
16819: 0.000118906
16820: 0.000118899
16821: 0.000118892
16822: 0.000118885
16823: 0.000118878
16824: 0.000118871
16825: 0.000118864
16826: 0.000118857
16827: 0.00011885
16828: 0.000118842
16829: 0.000118835
16830: 0.000118828
16831: 0.000118821
16832: 0.000118814
16833: 0.000118807
16834: 0.0001188
16835: 0.000118793
16836: 0.000118786
16837: 0.000118779
16838: 0.000118772
16839: 0.000118765
16840: 0.000118758
16841: 0.000118751
16842: 0.000118744
16843: 0.000118737
16844: 0.00011873
16845: 0.000118723
16846: 0.000118715
16847: 0.000118708
16848: 0.000118701
16849: 0.000118694
16850: 0.000118687
16851: 0.00011868
16852: 0.000118673
16853: 0.000118666
16854: 0.000118659
16855: 0.000118652
16856: 0.000118645
16857: 0.000118638
16858: 0.000118631
16859: 0.000118624
16860: 0.000118617
16861: 0.00011861
16862: 0.000118603
16863: 0.000118596
16864: 0.000118589
16865: 0.000118582
16866: 0.000118575
16867: 0.000118568
16868: 0.000118561
16869: 0.000118554
16870: 0.000118547
16871: 0.00011854
16872: 0.000118533
16873: 0.000118526
16874: 0.000118519
16875: 0.000118511
16876: 0.000118504
16877: 0.000118497
16878: 0.00011849
16879: 0.000118483
16880: 0.000118476
16881: 0.000118469
16882: 0.000118462
16883: 0.000118455
16884: 0.000118448
16885: 0.000118441
16886: 0.000118434
16887: 0.000118427
16888: 0.00011842
16889: 0.000118413
16890: 0.000118406
16891: 0.000118399
16892: 0.000118392
16893: 0.000118385
16894: 0.000118378
16895: 0.000118371
16896: 0.000118364
16897: 0.000118357
16898: 0.00011835
16899: 0.000118343
16900: 0.000118336
16901: 0.000118329
16902: 0.000118322
16903: 0.000118315
16904: 0.000118308
16905: 0.000118301
16906: 0.000118294
16907: 0.000118287
16908: 0.00011828
16909: 0.000118273
16910: 0.000118266
16911: 0.000118259
16912: 0.000118252
16913: 0.000118245
16914: 0.000118238
16915: 0.000118231
16916: 0.000118224
16917: 0.000118217
16918: 0.00011821
16919: 0.000118203
16920: 0.000118196
16921: 0.000118189
16922: 0.000118182
16923: 0.000118175
16924: 0.000118168
16925: 0.000118161
16926: 0.000118154
16927: 0.000118147
16928: 0.00011814
16929: 0.000118133
16930: 0.000118127
16931: 0.00011812
16932: 0.000118113
16933: 0.000118106
16934: 0.000118099
16935: 0.000118092
16936: 0.000118085
16937: 0.000118078
16938: 0.000118071
16939: 0.000118064
16940: 0.000118057
16941: 0.00011805
16942: 0.000118043
16943: 0.000118036
16944: 0.000118029
16945: 0.000118022
16946: 0.000118015
16947: 0.000118008
16948: 0.000118001
16949: 0.000117994
16950: 0.000117987
16951: 0.00011798
16952: 0.000117973
16953: 0.000117966
16954: 0.000117959
16955: 0.000117952
16956: 0.000117945
16957: 0.000117938
16958: 0.000117931
16959: 0.000117925
16960: 0.000117918
16961: 0.000117911
16962: 0.000117904
16963: 0.000117897
16964: 0.00011789
16965: 0.000117883
16966: 0.000117876
16967: 0.000117869
16968: 0.000117862
16969: 0.000117855
16970: 0.000117848
16971: 0.000117841
16972: 0.000117834
16973: 0.000117827
16974: 0.00011782
16975: 0.000117813
16976: 0.000117806
16977: 0.0001178
16978: 0.000117793
16979: 0.000117786
16980: 0.000117779
16981: 0.000117772
16982: 0.000117765
16983: 0.000117758
16984: 0.000117751
16985: 0.000117744
16986: 0.000117737
16987: 0.00011773
16988: 0.000117723
16989: 0.000117716
16990: 0.000117709
16991: 0.000117702
16992: 0.000117696
16993: 0.000117689
16994: 0.000117682
16995: 0.000117675
16996: 0.000117668
16997: 0.000117661
16998: 0.000117654
16999: 0.000117647
17000: 0.00011764
17001: 0.000117633
17002: 0.000117626
17003: 0.000117619
17004: 0.000117612
17005: 0.000117606
17006: 0.000117599
17007: 0.000117592
17008: 0.000117585
17009: 0.000117578
17010: 0.000117571
17011: 0.000117564
17012: 0.000117557
17013: 0.00011755
17014: 0.000117543
17015: 0.000117536
17016: 0.00011753
17017: 0.000117523
17018: 0.000117516
17019: 0.000117509
17020: 0.000117502
17021: 0.000117495
17022: 0.000117488
17023: 0.000117481
17024: 0.000117474
17025: 0.000117467
17026: 0.000117461
17027: 0.000117454
17028: 0.000117447
17029: 0.00011744
17030: 0.000117433
17031: 0.000117426
17032: 0.000117419
17033: 0.000117412
17034: 0.000117405
17035: 0.000117398
17036: 0.000117392
17037: 0.000117385
17038: 0.000117378
17039: 0.000117371
17040: 0.000117364
17041: 0.000117357
17042: 0.00011735
17043: 0.000117343
17044: 0.000117336
17045: 0.00011733
17046: 0.000117323
17047: 0.000117316
17048: 0.000117309
17049: 0.000117302
17050: 0.000117295
17051: 0.000117288
17052: 0.000117281
17053: 0.000117275
17054: 0.000117268
17055: 0.000117261
17056: 0.000117254
17057: 0.000117247
17058: 0.00011724
17059: 0.000117233
17060: 0.000117226
17061: 0.00011722
17062: 0.000117213
17063: 0.000117206
17064: 0.000117199
17065: 0.000117192
17066: 0.000117185
17067: 0.000117178
17068: 0.000117171
17069: 0.000117165
17070: 0.000117158
17071: 0.000117151
17072: 0.000117144
17073: 0.000117137
17074: 0.00011713
17075: 0.000117123
17076: 0.000117117
17077: 0.00011711
17078: 0.000117103
17079: 0.000117096
17080: 0.000117089
17081: 0.000117082
17082: 0.000117075
17083: 0.000117069
17084: 0.000117062
17085: 0.000117055
17086: 0.000117048
17087: 0.000117041
17088: 0.000117034
17089: 0.000117028
17090: 0.000117021
17091: 0.000117014
17092: 0.000117007
17093: 0.000117
17094: 0.000116993
17095: 0.000116986
17096: 0.00011698
17097: 0.000116973
17098: 0.000116966
17099: 0.000116959
17100: 0.000116952
17101: 0.000116945
17102: 0.000116939
17103: 0.000116932
17104: 0.000116925
17105: 0.000116918
17106: 0.000116911
17107: 0.000116904
17108: 0.000116898
17109: 0.000116891
17110: 0.000116884
17111: 0.000116877
17112: 0.00011687
17113: 0.000116863
17114: 0.000116857
17115: 0.00011685
17116: 0.000116843
17117: 0.000116836
17118: 0.000116829
17119: 0.000116822
17120: 0.000116816
17121: 0.000116809
17122: 0.000116802
17123: 0.000116795
17124: 0.000116788
17125: 0.000116782
17126: 0.000116775
17127: 0.000116768
17128: 0.000116761
17129: 0.000116754
17130: 0.000116747
17131: 0.000116741
17132: 0.000116734
17133: 0.000116727
17134: 0.00011672
17135: 0.000116713
17136: 0.000116707
17137: 0.0001167
17138: 0.000116693
17139: 0.000116686
17140: 0.000116679
17141: 0.000116673
17142: 0.000116666
17143: 0.000116659
17144: 0.000116652
17145: 0.000116645
17146: 0.000116638
17147: 0.000116632
17148: 0.000116625
17149: 0.000116618
17150: 0.000116611
17151: 0.000116604
17152: 0.000116598
17153: 0.000116591
17154: 0.000116584
17155: 0.000116577
17156: 0.00011657
17157: 0.000116564
17158: 0.000116557
17159: 0.00011655
17160: 0.000116543
17161: 0.000116537
17162: 0.00011653
17163: 0.000116523
17164: 0.000116516
17165: 0.000116509
17166: 0.000116503
17167: 0.000116496
17168: 0.000116489
17169: 0.000116482
17170: 0.000116475
17171: 0.000116469
17172: 0.000116462
17173: 0.000116455
17174: 0.000116448
17175: 0.000116442
17176: 0.000116435
17177: 0.000116428
17178: 0.000116421
17179: 0.000116414
17180: 0.000116408
17181: 0.000116401
17182: 0.000116394
17183: 0.000116387
17184: 0.000116381
17185: 0.000116374
17186: 0.000116367
17187: 0.00011636
17188: 0.000116353
17189: 0.000116347
17190: 0.00011634
17191: 0.000116333
17192: 0.000116326
17193: 0.00011632
17194: 0.000116313
17195: 0.000116306
17196: 0.000116299
17197: 0.000116293
17198: 0.000116286
17199: 0.000116279
17200: 0.000116272
17201: 0.000116266
17202: 0.000116259
17203: 0.000116252
17204: 0.000116245
17205: 0.000116239
17206: 0.000116232
17207: 0.000116225
17208: 0.000116218
17209: 0.000116212
17210: 0.000116205
17211: 0.000116198
17212: 0.000116191
17213: 0.000116185
17214: 0.000116178
17215: 0.000116171
17216: 0.000116164
17217: 0.000116158
17218: 0.000116151
17219: 0.000116144
17220: 0.000116137
17221: 0.000116131
17222: 0.000116124
17223: 0.000116117
17224: 0.00011611
17225: 0.000116104
17226: 0.000116097
17227: 0.00011609
17228: 0.000116083
17229: 0.000116077
17230: 0.00011607
17231: 0.000116063
17232: 0.000116056
17233: 0.00011605
17234: 0.000116043
17235: 0.000116036
17236: 0.000116029
17237: 0.000116023
17238: 0.000116016
17239: 0.000116009
17240: 0.000116003
17241: 0.000115996
17242: 0.000115989
17243: 0.000115982
17244: 0.000115976
17245: 0.000115969
17246: 0.000115962
17247: 0.000115955
17248: 0.000115949
17249: 0.000115942
17250: 0.000115935
17251: 0.000115929
17252: 0.000115922
17253: 0.000115915
17254: 0.000115908
17255: 0.000115902
17256: 0.000115895
17257: 0.000115888
17258: 0.000115882
17259: 0.000115875
17260: 0.000115868
17261: 0.000115861
17262: 0.000115855
17263: 0.000115848
17264: 0.000115841
17265: 0.000115835
17266: 0.000115828
17267: 0.000115821
17268: 0.000115814
17269: 0.000115808
17270: 0.000115801
17271: 0.000115794
17272: 0.000115788
17273: 0.000115781
17274: 0.000115774
17275: 0.000115768
17276: 0.000115761
17277: 0.000115754
17278: 0.000115747
17279: 0.000115741
17280: 0.000115734
17281: 0.000115727
17282: 0.000115721
17283: 0.000115714
17284: 0.000115707
17285: 0.000115701
17286: 0.000115694
17287: 0.000115687
17288: 0.00011568
17289: 0.000115674
17290: 0.000115667
17291: 0.00011566
17292: 0.000115654
17293: 0.000115647
17294: 0.00011564
17295: 0.000115634
17296: 0.000115627
17297: 0.00011562
17298: 0.000115614
17299: 0.000115607
17300: 0.0001156
17301: 0.000115594
17302: 0.000115587
17303: 0.00011558
17304: 0.000115574
17305: 0.000115567
17306: 0.00011556
17307: 0.000115554
17308: 0.000115547
17309: 0.00011554
17310: 0.000115533
17311: 0.000115527
17312: 0.00011552
17313: 0.000115513
17314: 0.000115507
17315: 0.0001155
17316: 0.000115493
17317: 0.000115487
17318: 0.00011548
17319: 0.000115473
17320: 0.000115467
17321: 0.00011546
17322: 0.000115453
17323: 0.000115447
17324: 0.00011544
17325: 0.000115433
17326: 0.000115427
17327: 0.00011542
17328: 0.000115413
17329: 0.000115407
17330: 0.0001154
17331: 0.000115393
17332: 0.000115387
17333: 0.00011538
17334: 0.000115374
17335: 0.000115367
17336: 0.00011536
17337: 0.000115354
17338: 0.000115347
17339: 0.00011534
17340: 0.000115334
17341: 0.000115327
17342: 0.00011532
17343: 0.000115314
17344: 0.000115307
17345: 0.0001153
17346: 0.000115294
17347: 0.000115287
17348: 0.00011528
17349: 0.000115274
17350: 0.000115267
17351: 0.00011526
17352: 0.000115254
17353: 0.000115247
17354: 0.000115241
17355: 0.000115234
17356: 0.000115227
17357: 0.000115221
17358: 0.000115214
17359: 0.000115207
17360: 0.000115201
17361: 0.000115194
17362: 0.000115187
17363: 0.000115181
17364: 0.000115174
17365: 0.000115168
17366: 0.000115161
17367: 0.000115154
17368: 0.000115148
17369: 0.000115141
17370: 0.000115134
17371: 0.000115128
17372: 0.000115121
17373: 0.000115115
17374: 0.000115108
17375: 0.000115101
17376: 0.000115095
17377: 0.000115088
17378: 0.000115081
17379: 0.000115075
17380: 0.000115068
17381: 0.000115062
17382: 0.000115055
17383: 0.000115048
17384: 0.000115042
17385: 0.000115035
17386: 0.000115028
17387: 0.000115022
17388: 0.000115015
17389: 0.000115009
17390: 0.000115002
17391: 0.000114995
17392: 0.000114989
17393: 0.000114982
17394: 0.000114976
17395: 0.000114969
17396: 0.000114962
17397: 0.000114956
17398: 0.000114949
17399: 0.000114943
17400: 0.000114936
17401: 0.000114929
17402: 0.000114923
17403: 0.000114916
17404: 0.00011491
17405: 0.000114903
17406: 0.000114896
17407: 0.00011489
17408: 0.000114883
17409: 0.000114877
17410: 0.00011487
17411: 0.000114863
17412: 0.000114857
17413: 0.00011485
17414: 0.000114844
17415: 0.000114837
17416: 0.00011483
17417: 0.000114824
17418: 0.000114817
17419: 0.000114811
17420: 0.000114804
17421: 0.000114797
17422: 0.000114791
17423: 0.000114784
17424: 0.000114778
17425: 0.000114771
17426: 0.000114764
17427: 0.000114758
17428: 0.000114751
17429: 0.000114745
17430: 0.000114738
17431: 0.000114732
17432: 0.000114725
17433: 0.000114718
17434: 0.000114712
17435: 0.000114705
17436: 0.000114699
17437: 0.000114692
17438: 0.000114685
17439: 0.000114679
17440: 0.000114672
17441: 0.000114666
17442: 0.000114659
17443: 0.000114653
17444: 0.000114646
17445: 0.000114639
17446: 0.000114633
17447: 0.000114626
17448: 0.00011462
17449: 0.000114613
17450: 0.000114607
17451: 0.0001146
17452: 0.000114593
17453: 0.000114587
17454: 0.00011458
17455: 0.000114574
17456: 0.000114567
17457: 0.000114561
17458: 0.000114554
17459: 0.000114548
17460: 0.000114541
17461: 0.000114534
17462: 0.000114528
17463: 0.000114521
17464: 0.000114515
17465: 0.000114508
17466: 0.000114502
17467: 0.000114495
17468: 0.000114489
17469: 0.000114482
17470: 0.000114475
17471: 0.000114469
17472: 0.000114462
17473: 0.000114456
17474: 0.000114449
17475: 0.000114443
17476: 0.000114436
17477: 0.00011443
17478: 0.000114423
17479: 0.000114416
17480: 0.00011441
17481: 0.000114403
17482: 0.000114397
17483: 0.00011439
17484: 0.000114384
17485: 0.000114377
17486: 0.000114371
17487: 0.000114364
17488: 0.000114358
17489: 0.000114351
17490: 0.000114345
17491: 0.000114338
17492: 0.000114331
17493: 0.000114325
17494: 0.000114318
17495: 0.000114312
17496: 0.000114305
17497: 0.000114299
17498: 0.000114292
17499: 0.000114286
17500: 0.000114279
17501: 0.000114273
17502: 0.000114266
17503: 0.00011426
17504: 0.000114253
17505: 0.000114247
17506: 0.00011424
17507: 0.000114233
17508: 0.000114227
17509: 0.00011422
17510: 0.000114214
17511: 0.000114207
17512: 0.000114201
17513: 0.000114194
17514: 0.000114188
17515: 0.000114181
17516: 0.000114175
17517: 0.000114168
17518: 0.000114162
17519: 0.000114155
17520: 0.000114149
17521: 0.000114142
17522: 0.000114136
17523: 0.000114129
17524: 0.000114123
17525: 0.000114116
17526: 0.00011411
17527: 0.000114103
17528: 0.000114097
17529: 0.00011409
17530: 0.000114084
17531: 0.000114077
17532: 0.000114071
17533: 0.000114064
17534: 0.000114058
17535: 0.000114051
17536: 0.000114045
17537: 0.000114038
17538: 0.000114032
17539: 0.000114025
17540: 0.000114019
17541: 0.000114012
17542: 0.000114006
17543: 0.000113999
17544: 0.000113993
17545: 0.000113986
17546: 0.00011398
17547: 0.000113973
17548: 0.000113967
17549: 0.00011396
17550: 0.000113954
17551: 0.000113947
17552: 0.000113941
17553: 0.000113934
17554: 0.000113928
17555: 0.000113921
17556: 0.000113915
17557: 0.000113908
17558: 0.000113902
17559: 0.000113895
17560: 0.000113889
17561: 0.000113882
17562: 0.000113876
17563: 0.000113869
17564: 0.000113863
17565: 0.000113856
17566: 0.00011385
17567: 0.000113843
17568: 0.000113837
17569: 0.00011383
17570: 0.000113824
17571: 0.000113817
17572: 0.000113811
17573: 0.000113804
17574: 0.000113798
17575: 0.000113792
17576: 0.000113785
17577: 0.000113779
17578: 0.000113772
17579: 0.000113766
17580: 0.000113759
17581: 0.000113753
17582: 0.000113746
17583: 0.00011374
17584: 0.000113733
17585: 0.000113727
17586: 0.00011372
17587: 0.000113714
17588: 0.000113707
17589: 0.000113701
17590: 0.000113695
17591: 0.000113688
17592: 0.000113682
17593: 0.000113675
17594: 0.000113669
17595: 0.000113662
17596: 0.000113656
17597: 0.000113649
17598: 0.000113643
17599: 0.000113636
17600: 0.00011363
17601: 0.000113623
17602: 0.000113617
17603: 0.000113611
17604: 0.000113604
17605: 0.000113598
17606: 0.000113591
17607: 0.000113585
17608: 0.000113578
17609: 0.000113572
17610: 0.000113565
17611: 0.000113559
17612: 0.000113552
17613: 0.000113546
17614: 0.00011354
17615: 0.000113533
17616: 0.000113527
17617: 0.00011352
17618: 0.000113514
17619: 0.000113507
17620: 0.000113501
17621: 0.000113494
17622: 0.000113488
17623: 0.000113482
17624: 0.000113475
17625: 0.000113469
17626: 0.000113462
17627: 0.000113456
17628: 0.000113449
17629: 0.000113443
17630: 0.000113437
17631: 0.00011343
17632: 0.000113424
17633: 0.000113417
17634: 0.000113411
17635: 0.000113404
17636: 0.000113398
17637: 0.000113392
17638: 0.000113385
17639: 0.000113379
17640: 0.000113372
17641: 0.000113366
17642: 0.000113359
17643: 0.000113353
17644: 0.000113347
17645: 0.00011334
17646: 0.000113334
17647: 0.000113327
17648: 0.000113321
17649: 0.000113314
17650: 0.000113308
17651: 0.000113302
17652: 0.000113295
17653: 0.000113289
17654: 0.000113282
17655: 0.000113276
17656: 0.00011327
17657: 0.000113263
17658: 0.000113257
17659: 0.00011325
17660: 0.000113244
17661: 0.000113237
17662: 0.000113231
17663: 0.000113225
17664: 0.000113218
17665: 0.000113212
17666: 0.000113205
17667: 0.000113199
17668: 0.000113193
17669: 0.000113186
17670: 0.00011318
17671: 0.000113173
17672: 0.000113167
17673: 0.000113161
17674: 0.000113154
17675: 0.000113148
17676: 0.000113141
17677: 0.000113135
17678: 0.000113129
17679: 0.000113122
17680: 0.000113116
17681: 0.000113109
17682: 0.000113103
17683: 0.000113097
17684: 0.00011309
17685: 0.000113084
17686: 0.000113077
17687: 0.000113071
17688: 0.000113065
17689: 0.000113058
17690: 0.000113052
17691: 0.000113045
17692: 0.000113039
17693: 0.000113033
17694: 0.000113026
17695: 0.00011302
17696: 0.000113014
17697: 0.000113007
17698: 0.000113001
17699: 0.000112994
17700: 0.000112988
17701: 0.000112982
17702: 0.000112975
17703: 0.000112969
17704: 0.000112962
17705: 0.000112956
17706: 0.00011295
17707: 0.000112943
17708: 0.000112937
17709: 0.000112931
17710: 0.000112924
17711: 0.000112918
17712: 0.000112911
17713: 0.000112905
17714: 0.000112899
17715: 0.000112892
17716: 0.000112886
17717: 0.00011288
17718: 0.000112873
17719: 0.000112867
17720: 0.00011286
17721: 0.000112854
17722: 0.000112848
17723: 0.000112841
17724: 0.000112835
17725: 0.000112829
17726: 0.000112822
17727: 0.000112816
17728: 0.00011281
17729: 0.000112803
17730: 0.000112797
17731: 0.00011279
17732: 0.000112784
17733: 0.000112778
17734: 0.000112771
17735: 0.000112765
17736: 0.000112759
17737: 0.000112752
17738: 0.000112746
17739: 0.00011274
17740: 0.000112733
17741: 0.000112727
17742: 0.000112721
17743: 0.000112714
17744: 0.000112708
17745: 0.000112701
17746: 0.000112695
17747: 0.000112689
17748: 0.000112682
17749: 0.000112676
17750: 0.00011267
17751: 0.000112663
17752: 0.000112657
17753: 0.000112651
17754: 0.000112644
17755: 0.000112638
17756: 0.000112632
17757: 0.000112625
17758: 0.000112619
17759: 0.000112613
17760: 0.000112606
17761: 0.0001126
17762: 0.000112594
17763: 0.000112587
17764: 0.000112581
17765: 0.000112575
17766: 0.000112568
17767: 0.000112562
17768: 0.000112556
17769: 0.000112549
17770: 0.000112543
17771: 0.000112537
17772: 0.00011253
17773: 0.000112524
17774: 0.000112518
17775: 0.000112511
17776: 0.000112505
17777: 0.000112499
17778: 0.000112492
17779: 0.000112486
17780: 0.00011248
17781: 0.000112473
17782: 0.000112467
17783: 0.000112461
17784: 0.000112454
17785: 0.000112448
17786: 0.000112442
17787: 0.000112435
17788: 0.000112429
17789: 0.000112423
17790: 0.000112416
17791: 0.00011241
17792: 0.000112404
17793: 0.000112397
17794: 0.000112391
17795: 0.000112385
17796: 0.000112378
17797: 0.000112372
17798: 0.000112366
17799: 0.00011236
17800: 0.000112353
17801: 0.000112347
17802: 0.000112341
17803: 0.000112334
17804: 0.000112328
17805: 0.000112322
17806: 0.000112315
17807: 0.000112309
17808: 0.000112303
17809: 0.000112296
17810: 0.00011229
17811: 0.000112284
17812: 0.000112278
17813: 0.000112271
17814: 0.000112265
17815: 0.000112259
17816: 0.000112252
17817: 0.000112246
17818: 0.00011224
17819: 0.000112233
17820: 0.000112227
17821: 0.000112221
17822: 0.000112215
17823: 0.000112208
17824: 0.000112202
17825: 0.000112196
17826: 0.000112189
17827: 0.000112183
17828: 0.000112177
17829: 0.00011217
17830: 0.000112164
17831: 0.000112158
17832: 0.000112152
17833: 0.000112145
17834: 0.000112139
17835: 0.000112133
17836: 0.000112126
17837: 0.00011212
17838: 0.000112114
17839: 0.000112108
17840: 0.000112101
17841: 0.000112095
17842: 0.000112089
17843: 0.000112082
17844: 0.000112076
17845: 0.00011207
17846: 0.000112064
17847: 0.000112057
17848: 0.000112051
17849: 0.000112045
17850: 0.000112039
17851: 0.000112032
17852: 0.000112026
17853: 0.00011202
17854: 0.000112013
17855: 0.000112007
17856: 0.000112001
17857: 0.000111995
17858: 0.000111988
17859: 0.000111982
17860: 0.000111976
17861: 0.00011197
17862: 0.000111963
17863: 0.000111957
17864: 0.000111951
17865: 0.000111944
17866: 0.000111938
17867: 0.000111932
17868: 0.000111926
17869: 0.000111919
17870: 0.000111913
17871: 0.000111907
17872: 0.000111901
17873: 0.000111894
17874: 0.000111888
17875: 0.000111882
17876: 0.000111876
17877: 0.000111869
17878: 0.000111863
17879: 0.000111857
17880: 0.000111851
17881: 0.000111844
17882: 0.000111838
17883: 0.000111832
17884: 0.000111826
17885: 0.000111819
17886: 0.000111813
17887: 0.000111807
17888: 0.000111801
17889: 0.000111794
17890: 0.000111788
17891: 0.000111782
17892: 0.000111776
17893: 0.000111769
17894: 0.000111763
17895: 0.000111757
17896: 0.000111751
17897: 0.000111744
17898: 0.000111738
17899: 0.000111732
17900: 0.000111726
17901: 0.000111719
17902: 0.000111713
17903: 0.000111707
17904: 0.000111701
17905: 0.000111694
17906: 0.000111688
17907: 0.000111682
17908: 0.000111676
17909: 0.000111669
17910: 0.000111663
17911: 0.000111657
17912: 0.000111651
17913: 0.000111645
17914: 0.000111638
17915: 0.000111632
17916: 0.000111626
17917: 0.00011162
17918: 0.000111613
17919: 0.000111607
17920: 0.000111601
17921: 0.000111595
17922: 0.000111588
17923: 0.000111582
17924: 0.000111576
17925: 0.00011157
17926: 0.000111564
17927: 0.000111557
17928: 0.000111551
17929: 0.000111545
17930: 0.000111539
17931: 0.000111532
17932: 0.000111526
17933: 0.00011152
17934: 0.000111514
17935: 0.000111508
17936: 0.000111501
17937: 0.000111495
17938: 0.000111489
17939: 0.000111483
17940: 0.000111477
17941: 0.00011147
17942: 0.000111464
17943: 0.000111458
17944: 0.000111452
17945: 0.000111445
17946: 0.000111439
17947: 0.000111433
17948: 0.000111427
17949: 0.000111421
17950: 0.000111414
17951: 0.000111408
17952: 0.000111402
17953: 0.000111396
17954: 0.00011139
17955: 0.000111383
17956: 0.000111377
17957: 0.000111371
17958: 0.000111365
17959: 0.000111359
17960: 0.000111352
17961: 0.000111346
17962: 0.00011134
17963: 0.000111334
17964: 0.000111328
17965: 0.000111321
17966: 0.000111315
17967: 0.000111309
17968: 0.000111303
17969: 0.000111297
17970: 0.00011129
17971: 0.000111284
17972: 0.000111278
17973: 0.000111272
17974: 0.000111266
17975: 0.000111259
17976: 0.000111253
17977: 0.000111247
17978: 0.000111241
17979: 0.000111235
17980: 0.000111229
17981: 0.000111222
17982: 0.000111216
17983: 0.00011121
17984: 0.000111204
17985: 0.000111198
17986: 0.000111191
17987: 0.000111185
17988: 0.000111179
17989: 0.000111173
17990: 0.000111167
17991: 0.000111161
17992: 0.000111154
17993: 0.000111148
17994: 0.000111142
17995: 0.000111136
17996: 0.00011113
17997: 0.000111123
17998: 0.000111117
17999: 0.000111111
18000: 0.000111105
18001: 0.000111099
18002: 0.000111093
18003: 0.000111086
18004: 0.00011108
18005: 0.000111074
18006: 0.000111068
18007: 0.000111062
18008: 0.000111056
18009: 0.000111049
18010: 0.000111043
18011: 0.000111037
18012: 0.000111031
18013: 0.000111025
18014: 0.000111019
18015: 0.000111012
18016: 0.000111006
18017: 0.000111
18018: 0.000110994
18019: 0.000110988
18020: 0.000110982
18021: 0.000110975
18022: 0.000110969
18023: 0.000110963
18024: 0.000110957
18025: 0.000110951
18026: 0.000110945
18027: 0.000110939
18028: 0.000110932
18029: 0.000110926
18030: 0.00011092
18031: 0.000110914
18032: 0.000110908
18033: 0.000110902
18034: 0.000110895
18035: 0.000110889
18036: 0.000110883
18037: 0.000110877
18038: 0.000110871
18039: 0.000110865
18040: 0.000110859
18041: 0.000110852
18042: 0.000110846
18043: 0.00011084
18044: 0.000110834
18045: 0.000110828
18046: 0.000110822
18047: 0.000110816
18048: 0.000110809
18049: 0.000110803
18050: 0.000110797
18051: 0.000110791
18052: 0.000110785
18053: 0.000110779
18054: 0.000110773
18055: 0.000110767
18056: 0.00011076
18057: 0.000110754
18058: 0.000110748
18059: 0.000110742
18060: 0.000110736
18061: 0.00011073
18062: 0.000110724
18063: 0.000110717
18064: 0.000110711
18065: 0.000110705
18066: 0.000110699
18067: 0.000110693
18068: 0.000110687
18069: 0.000110681
18070: 0.000110675
18071: 0.000110668
18072: 0.000110662
18073: 0.000110656
18074: 0.00011065
18075: 0.000110644
18076: 0.000110638
18077: 0.000110632
18078: 0.000110626
18079: 0.000110619
18080: 0.000110613
18081: 0.000110607
18082: 0.000110601
18083: 0.000110595
18084: 0.000110589
18085: 0.000110583
18086: 0.000110577
18087: 0.000110571
18088: 0.000110564
18089: 0.000110558
18090: 0.000110552
18091: 0.000110546
18092: 0.00011054
18093: 0.000110534
18094: 0.000110528
18095: 0.000110522
18096: 0.000110516
18097: 0.000110509
18098: 0.000110503
18099: 0.000110497
18100: 0.000110491
18101: 0.000110485
18102: 0.000110479
18103: 0.000110473
18104: 0.000110467
18105: 0.000110461
18106: 0.000110455
18107: 0.000110448
18108: 0.000110442
18109: 0.000110436
18110: 0.00011043
18111: 0.000110424
18112: 0.000110418
18113: 0.000110412
18114: 0.000110406
18115: 0.0001104
18116: 0.000110394
18117: 0.000110387
18118: 0.000110381
18119: 0.000110375
18120: 0.000110369
18121: 0.000110363
18122: 0.000110357
18123: 0.000110351
18124: 0.000110345
18125: 0.000110339
18126: 0.000110333
18127: 0.000110327
18128: 0.00011032
18129: 0.000110314
18130: 0.000110308
18131: 0.000110302
18132: 0.000110296
18133: 0.00011029
18134: 0.000110284
18135: 0.000110278
18136: 0.000110272
18137: 0.000110266
18138: 0.00011026
18139: 0.000110254
18140: 0.000110248
18141: 0.000110241
18142: 0.000110235
18143: 0.000110229
18144: 0.000110223
18145: 0.000110217
18146: 0.000110211
18147: 0.000110205
18148: 0.000110199
18149: 0.000110193
18150: 0.000110187
18151: 0.000110181
18152: 0.000110175
18153: 0.000110169
18154: 0.000110162
18155: 0.000110156
18156: 0.00011015
18157: 0.000110144
18158: 0.000110138
18159: 0.000110132
18160: 0.000110126
18161: 0.00011012
18162: 0.000110114
18163: 0.000110108
18164: 0.000110102
18165: 0.000110096
18166: 0.00011009
18167: 0.000110084
18168: 0.000110078
18169: 0.000110072
18170: 0.000110065
18171: 0.000110059
18172: 0.000110053
18173: 0.000110047
18174: 0.000110041
18175: 0.000110035
18176: 0.000110029
18177: 0.000110023
18178: 0.000110017
18179: 0.000110011
18180: 0.000110005
18181: 0.000109999
18182: 0.000109993
18183: 0.000109987
18184: 0.000109981
18185: 0.000109975
18186: 0.000109969
18187: 0.000109963
18188: 0.000109957
18189: 0.000109951
18190: 0.000109944
18191: 0.000109938
18192: 0.000109932
18193: 0.000109926
18194: 0.00010992
18195: 0.000109914
18196: 0.000109908
18197: 0.000109902
18198: 0.000109896
18199: 0.00010989
18200: 0.000109884
18201: 0.000109878
18202: 0.000109872
18203: 0.000109866
18204: 0.00010986
18205: 0.000109854
18206: 0.000109848
18207: 0.000109842
18208: 0.000109836
18209: 0.00010983
18210: 0.000109824
18211: 0.000109818
18212: 0.000109812
18213: 0.000109806
18214: 0.0001098
18215: 0.000109794
18216: 0.000109788
18217: 0.000109782
18218: 0.000109776
18219: 0.000109769
18220: 0.000109763
18221: 0.000109757
18222: 0.000109751
18223: 0.000109745
18224: 0.000109739
18225: 0.000109733
18226: 0.000109727
18227: 0.000109721
18228: 0.000109715
18229: 0.000109709
18230: 0.000109703
18231: 0.000109697
18232: 0.000109691
18233: 0.000109685
18234: 0.000109679
18235: 0.000109673
18236: 0.000109667
18237: 0.000109661
18238: 0.000109655
18239: 0.000109649
18240: 0.000109643
18241: 0.000109637
18242: 0.000109631
18243: 0.000109625
18244: 0.000109619
18245: 0.000109613
18246: 0.000109607
18247: 0.000109601
18248: 0.000109595
18249: 0.000109589
18250: 0.000109583
18251: 0.000109577
18252: 0.000109571
18253: 0.000109565
18254: 0.000109559
18255: 0.000109553
18256: 0.000109547
18257: 0.000109541
18258: 0.000109535
18259: 0.000109529
18260: 0.000109523
18261: 0.000109517
18262: 0.000109511
18263: 0.000109505
18264: 0.000109499
18265: 0.000109493
18266: 0.000109487
18267: 0.000109481
18268: 0.000109475
18269: 0.000109469
18270: 0.000109463
18271: 0.000109457
18272: 0.000109451
18273: 0.000109445
18274: 0.000109439
18275: 0.000109433
18276: 0.000109427
18277: 0.000109421
18278: 0.000109415
18279: 0.000109409
18280: 0.000109403
18281: 0.000109397
18282: 0.000109391
18283: 0.000109385
18284: 0.000109379
18285: 0.000109373
18286: 0.000109367
18287: 0.000109361
18288: 0.000109355
18289: 0.000109349
18290: 0.000109343
18291: 0.000109337
18292: 0.000109331
18293: 0.000109325
18294: 0.000109319
18295: 0.000109314
18296: 0.000109308
18297: 0.000109302
18298: 0.000109296
18299: 0.00010929
18300: 0.000109284
18301: 0.000109278
18302: 0.000109272
18303: 0.000109266
18304: 0.00010926
18305: 0.000109254
18306: 0.000109248
18307: 0.000109242
18308: 0.000109236
18309: 0.00010923
18310: 0.000109224
18311: 0.000109218
18312: 0.000109212
18313: 0.000109206
18314: 0.0001092
18315: 0.000109194
18316: 0.000109188
18317: 0.000109182
18318: 0.000109176
18319: 0.00010917
18320: 0.000109164
18321: 0.000109158
18322: 0.000109152
18323: 0.000109146
18324: 0.000109141
18325: 0.000109135
18326: 0.000109129
18327: 0.000109123
18328: 0.000109117
18329: 0.000109111
18330: 0.000109105
18331: 0.000109099
18332: 0.000109093
18333: 0.000109087
18334: 0.000109081
18335: 0.000109075
18336: 0.000109069
18337: 0.000109063
18338: 0.000109057
18339: 0.000109051
18340: 0.000109045
18341: 0.000109039
18342: 0.000109033
18343: 0.000109027
18344: 0.000109022
18345: 0.000109016
18346: 0.00010901
18347: 0.000109004
18348: 0.000108998
18349: 0.000108992
18350: 0.000108986
18351: 0.00010898
18352: 0.000108974
18353: 0.000108968
18354: 0.000108962
18355: 0.000108956
18356: 0.00010895
18357: 0.000108944
18358: 0.000108938
18359: 0.000108932
18360: 0.000108927
18361: 0.000108921
18362: 0.000108915
18363: 0.000108909
18364: 0.000108903
18365: 0.000108897
18366: 0.000108891
18367: 0.000108885
18368: 0.000108879
18369: 0.000108873
18370: 0.000108867
18371: 0.000108861
18372: 0.000108855
18373: 0.000108849
18374: 0.000108844
18375: 0.000108838
18376: 0.000108832
18377: 0.000108826
18378: 0.00010882
18379: 0.000108814
18380: 0.000108808
18381: 0.000108802
18382: 0.000108796
18383: 0.00010879
18384: 0.000108784
18385: 0.000108778
18386: 0.000108773
18387: 0.000108767
18388: 0.000108761
18389: 0.000108755
18390: 0.000108749
18391: 0.000108743
18392: 0.000108737
18393: 0.000108731
18394: 0.000108725
18395: 0.000108719
18396: 0.000108713
18397: 0.000108707
18398: 0.000108702
18399: 0.000108696
18400: 0.00010869
18401: 0.000108684
18402: 0.000108678
18403: 0.000108672
18404: 0.000108666
18405: 0.00010866
18406: 0.000108654
18407: 0.000108648
18408: 0.000108643
18409: 0.000108637
18410: 0.000108631
18411: 0.000108625
18412: 0.000108619
18413: 0.000108613
18414: 0.000108607
18415: 0.000108601
18416: 0.000108595
18417: 0.000108589
18418: 0.000108584
18419: 0.000108578
18420: 0.000108572
18421: 0.000108566
18422: 0.00010856
18423: 0.000108554
18424: 0.000108548
18425: 0.000108542
18426: 0.000108536
18427: 0.00010853
18428: 0.000108525
18429: 0.000108519
18430: 0.000108513
18431: 0.000108507
18432: 0.000108501
18433: 0.000108495
18434: 0.000108489
18435: 0.000108483
18436: 0.000108478
18437: 0.000108472
18438: 0.000108466
18439: 0.00010846
18440: 0.000108454
18441: 0.000108448
18442: 0.000108442
18443: 0.000108436
18444: 0.00010843
18445: 0.000108425
18446: 0.000108419
18447: 0.000108413
18448: 0.000108407
18449: 0.000108401
18450: 0.000108395
18451: 0.000108389
18452: 0.000108383
18453: 0.000108378
18454: 0.000108372
18455: 0.000108366
18456: 0.00010836
18457: 0.000108354
18458: 0.000108348
18459: 0.000108342
18460: 0.000108336
18461: 0.000108331
18462: 0.000108325
18463: 0.000108319
18464: 0.000108313
18465: 0.000108307
18466: 0.000108301
18467: 0.000108295
18468: 0.00010829
18469: 0.000108284
18470: 0.000108278
18471: 0.000108272
18472: 0.000108266
18473: 0.00010826
18474: 0.000108254
18475: 0.000108249
18476: 0.000108243
18477: 0.000108237
18478: 0.000108231
18479: 0.000108225
18480: 0.000108219
18481: 0.000108213
18482: 0.000108208
18483: 0.000108202
18484: 0.000108196
18485: 0.00010819
18486: 0.000108184
18487: 0.000108178
18488: 0.000108172
18489: 0.000108167
18490: 0.000108161
18491: 0.000108155
18492: 0.000108149
18493: 0.000108143
18494: 0.000108137
18495: 0.000108131
18496: 0.000108126
18497: 0.00010812
18498: 0.000108114
18499: 0.000108108
18500: 0.000108102
18501: 0.000108096
18502: 0.000108091
18503: 0.000108085
18504: 0.000108079
18505: 0.000108073
18506: 0.000108067
18507: 0.000108061
18508: 0.000108056
18509: 0.00010805
18510: 0.000108044
18511: 0.000108038
18512: 0.000108032
18513: 0.000108026
18514: 0.000108021
18515: 0.000108015
18516: 0.000108009
18517: 0.000108003
18518: 0.000107997
18519: 0.000107991
18520: 0.000107986
18521: 0.00010798
18522: 0.000107974
18523: 0.000107968
18524: 0.000107962
18525: 0.000107956
18526: 0.000107951
18527: 0.000107945
18528: 0.000107939
18529: 0.000107933
18530: 0.000107927
18531: 0.000107921
18532: 0.000107916
18533: 0.00010791
18534: 0.000107904
18535: 0.000107898
18536: 0.000107892
18537: 0.000107887
18538: 0.000107881
18539: 0.000107875
18540: 0.000107869
18541: 0.000107863
18542: 0.000107857
18543: 0.000107852
18544: 0.000107846
18545: 0.00010784
18546: 0.000107834
18547: 0.000107828
18548: 0.000107823
18549: 0.000107817
18550: 0.000107811
18551: 0.000107805
18552: 0.000107799
18553: 0.000107793
18554: 0.000107788
18555: 0.000107782
18556: 0.000107776
18557: 0.00010777
18558: 0.000107764
18559: 0.000107759
18560: 0.000107753
18561: 0.000107747
18562: 0.000107741
18563: 0.000107735
18564: 0.00010773
18565: 0.000107724
18566: 0.000107718
18567: 0.000107712
18568: 0.000107706
18569: 0.000107701
18570: 0.000107695
18571: 0.000107689
18572: 0.000107683
18573: 0.000107677
18574: 0.000107672
18575: 0.000107666
18576: 0.00010766
18577: 0.000107654
18578: 0.000107648
18579: 0.000107643
18580: 0.000107637
18581: 0.000107631
18582: 0.000107625
18583: 0.000107619
18584: 0.000107614
18585: 0.000107608
18586: 0.000107602
18587: 0.000107596
18588: 0.000107591
18589: 0.000107585
18590: 0.000107579
18591: 0.000107573
18592: 0.000107567
18593: 0.000107562
18594: 0.000107556
18595: 0.00010755
18596: 0.000107544
18597: 0.000107538
18598: 0.000107533
18599: 0.000107527
18600: 0.000107521
18601: 0.000107515
18602: 0.00010751
18603: 0.000107504
18604: 0.000107498
18605: 0.000107492
18606: 0.000107486
18607: 0.000107481
18608: 0.000107475
18609: 0.000107469
18610: 0.000107463
18611: 0.000107458
18612: 0.000107452
18613: 0.000107446
18614: 0.00010744
18615: 0.000107434
18616: 0.000107429
18617: 0.000107423
18618: 0.000107417
18619: 0.000107411
18620: 0.000107406
18621: 0.0001074
18622: 0.000107394
18623: 0.000107388
18624: 0.000107383
18625: 0.000107377
18626: 0.000107371
18627: 0.000107365
18628: 0.000107359
18629: 0.000107354
18630: 0.000107348
18631: 0.000107342
18632: 0.000107336
18633: 0.000107331
18634: 0.000107325
18635: 0.000107319
18636: 0.000107313
18637: 0.000107308
18638: 0.000107302
18639: 0.000107296
18640: 0.00010729
18641: 0.000107285
18642: 0.000107279
18643: 0.000107273
18644: 0.000107267
18645: 0.000107262
18646: 0.000107256
18647: 0.00010725
18648: 0.000107244
18649: 0.000107239
18650: 0.000107233
18651: 0.000107227
18652: 0.000107221
18653: 0.000107216
18654: 0.00010721
18655: 0.000107204
18656: 0.000107198
18657: 0.000107193
18658: 0.000107187
18659: 0.000107181
18660: 0.000107175
18661: 0.00010717
18662: 0.000107164
18663: 0.000107158
18664: 0.000107152
18665: 0.000107147
18666: 0.000107141
18667: 0.000107135
18668: 0.000107129
18669: 0.000107124
18670: 0.000107118
18671: 0.000107112
18672: 0.000107107
18673: 0.000107101
18674: 0.000107095
18675: 0.000107089
18676: 0.000107084
18677: 0.000107078
18678: 0.000107072
18679: 0.000107066
18680: 0.000107061
18681: 0.000107055
18682: 0.000107049
18683: 0.000107043
18684: 0.000107038
18685: 0.000107032
18686: 0.000107026
18687: 0.000107021
18688: 0.000107015
18689: 0.000107009
18690: 0.000107003
18691: 0.000106998
18692: 0.000106992
18693: 0.000106986
18694: 0.00010698
18695: 0.000106975
18696: 0.000106969
18697: 0.000106963
18698: 0.000106958
18699: 0.000106952
18700: 0.000106946
18701: 0.00010694
18702: 0.000106935
18703: 0.000106929
18704: 0.000106923
18705: 0.000106918
18706: 0.000106912
18707: 0.000106906
18708: 0.0001069
18709: 0.000106895
18710: 0.000106889
18711: 0.000106883
18712: 0.000106878
18713: 0.000106872
18714: 0.000106866
18715: 0.00010686
18716: 0.000106855
18717: 0.000106849
18718: 0.000106843
18719: 0.000106838
18720: 0.000106832
18721: 0.000106826
18722: 0.00010682
18723: 0.000106815
18724: 0.000106809
18725: 0.000106803
18726: 0.000106798
18727: 0.000106792
18728: 0.000106786
18729: 0.000106781
18730: 0.000106775
18731: 0.000106769
18732: 0.000106763
18733: 0.000106758
18734: 0.000106752
18735: 0.000106746
18736: 0.000106741
18737: 0.000106735
18738: 0.000106729
18739: 0.000106724
18740: 0.000106718
18741: 0.000106712
18742: 0.000106707
18743: 0.000106701
18744: 0.000106695
18745: 0.000106689
18746: 0.000106684
18747: 0.000106678
18748: 0.000106672
18749: 0.000106667
18750: 0.000106661
18751: 0.000106655
18752: 0.00010665
18753: 0.000106644
18754: 0.000106638
18755: 0.000106633
18756: 0.000106627
18757: 0.000106621
18758: 0.000106615
18759: 0.00010661
18760: 0.000106604
18761: 0.000106598
18762: 0.000106593
18763: 0.000106587
18764: 0.000106581
18765: 0.000106576
18766: 0.00010657
18767: 0.000106564
18768: 0.000106559
18769: 0.000106553
18770: 0.000106547
18771: 0.000106542
18772: 0.000106536
18773: 0.00010653
18774: 0.000106525
18775: 0.000106519
18776: 0.000106513
18777: 0.000106508
18778: 0.000106502
18779: 0.000106496
18780: 0.000106491
18781: 0.000106485
18782: 0.000106479
18783: 0.000106474
18784: 0.000106468
18785: 0.000106462
18786: 0.000106457
18787: 0.000106451
18788: 0.000106445
18789: 0.00010644
18790: 0.000106434
18791: 0.000106428
18792: 0.000106423
18793: 0.000106417
18794: 0.000106411
18795: 0.000106406
18796: 0.0001064
18797: 0.000106394
18798: 0.000106389
18799: 0.000106383
18800: 0.000106377
18801: 0.000106372
18802: 0.000106366
18803: 0.00010636
18804: 0.000106355
18805: 0.000106349
18806: 0.000106343
18807: 0.000106338
18808: 0.000106332
18809: 0.000106326
18810: 0.000106321
18811: 0.000106315
18812: 0.000106309
18813: 0.000106304
18814: 0.000106298
18815: 0.000106293
18816: 0.000106287
18817: 0.000106281
18818: 0.000106276
18819: 0.00010627
18820: 0.000106264
18821: 0.000106259
18822: 0.000106253
18823: 0.000106247
18824: 0.000106242
18825: 0.000106236
18826: 0.00010623
18827: 0.000106225
18828: 0.000106219
18829: 0.000106213
18830: 0.000106208
18831: 0.000106202
18832: 0.000106197
18833: 0.000106191
18834: 0.000106185
18835: 0.00010618
18836: 0.000106174
18837: 0.000106168
18838: 0.000106163
18839: 0.000106157
18840: 0.000106151
18841: 0.000106146
18842: 0.00010614
18843: 0.000106135
18844: 0.000106129
18845: 0.000106123
18846: 0.000106118
18847: 0.000106112
18848: 0.000106106
18849: 0.000106101
18850: 0.000106095
18851: 0.00010609
18852: 0.000106084
18853: 0.000106078
18854: 0.000106073
18855: 0.000106067
18856: 0.000106061
18857: 0.000106056
18858: 0.00010605
18859: 0.000106045
18860: 0.000106039
18861: 0.000106033
18862: 0.000106028
18863: 0.000106022
18864: 0.000106016
18865: 0.000106011
18866: 0.000106005
18867: 0.000106
18868: 0.000105994
18869: 0.000105988
18870: 0.000105983
18871: 0.000105977
18872: 0.000105971
18873: 0.000105966
18874: 0.00010596
18875: 0.000105955
18876: 0.000105949
18877: 0.000105943
18878: 0.000105938
18879: 0.000105932
18880: 0.000105927
18881: 0.000105921
18882: 0.000105915
18883: 0.00010591
18884: 0.000105904
18885: 0.000105899
18886: 0.000105893
18887: 0.000105887
18888: 0.000105882
18889: 0.000105876
18890: 0.000105871
18891: 0.000105865
18892: 0.000105859
18893: 0.000105854
18894: 0.000105848
18895: 0.000105843
18896: 0.000105837
18897: 0.000105831
18898: 0.000105826
18899: 0.00010582
18900: 0.000105815
18901: 0.000105809
18902: 0.000105803
18903: 0.000105798
18904: 0.000105792
18905: 0.000105787
18906: 0.000105781
18907: 0.000105775
18908: 0.00010577
18909: 0.000105764
18910: 0.000105759
18911: 0.000105753
18912: 0.000105747
18913: 0.000105742
18914: 0.000105736
18915: 0.000105731
18916: 0.000105725
18917: 0.000105719
18918: 0.000105714
18919: 0.000105708
18920: 0.000105703
18921: 0.000105697
18922: 0.000105691
18923: 0.000105686
18924: 0.00010568
18925: 0.000105675
18926: 0.000105669
18927: 0.000105664
18928: 0.000105658
18929: 0.000105652
18930: 0.000105647
18931: 0.000105641
18932: 0.000105636
18933: 0.00010563
18934: 0.000105625
18935: 0.000105619
18936: 0.000105613
18937: 0.000105608
18938: 0.000105602
18939: 0.000105597
18940: 0.000105591
18941: 0.000105585
18942: 0.00010558
18943: 0.000105574
18944: 0.000105569
18945: 0.000105563
18946: 0.000105558
18947: 0.000105552
18948: 0.000105546
18949: 0.000105541
18950: 0.000105535
18951: 0.00010553
18952: 0.000105524
18953: 0.000105519
18954: 0.000105513
18955: 0.000105507
18956: 0.000105502
18957: 0.000105496
18958: 0.000105491
18959: 0.000105485
18960: 0.00010548
18961: 0.000105474
18962: 0.000105469
18963: 0.000105463
18964: 0.000105457
18965: 0.000105452
18966: 0.000105446
18967: 0.000105441
18968: 0.000105435
18969: 0.00010543
18970: 0.000105424
18971: 0.000105419
18972: 0.000105413
18973: 0.000105407
18974: 0.000105402
18975: 0.000105396
18976: 0.000105391
18977: 0.000105385
18978: 0.00010538
18979: 0.000105374
18980: 0.000105369
18981: 0.000105363
18982: 0.000105357
18983: 0.000105352
18984: 0.000105346
18985: 0.000105341
18986: 0.000105335
18987: 0.00010533
18988: 0.000105324
18989: 0.000105319
18990: 0.000105313
18991: 0.000105307
18992: 0.000105302
18993: 0.000105296
18994: 0.000105291
18995: 0.000105285
18996: 0.00010528
18997: 0.000105274
18998: 0.000105269
18999: 0.000105263
19000: 0.000105258
19001: 0.000105252
19002: 0.000105247
19003: 0.000105241
19004: 0.000105235
19005: 0.00010523
19006: 0.000105224
19007: 0.000105219
19008: 0.000105213
19009: 0.000105208
19010: 0.000105202
19011: 0.000105197
19012: 0.000105191
19013: 0.000105186
19014: 0.00010518
19015: 0.000105175
19016: 0.000105169
19017: 0.000105164
19018: 0.000105158
19019: 0.000105152
19020: 0.000105147
19021: 0.000105141
19022: 0.000105136
19023: 0.00010513
19024: 0.000105125
19025: 0.000105119
19026: 0.000105114
19027: 0.000105108
19028: 0.000105103
19029: 0.000105097
19030: 0.000105092
19031: 0.000105086
19032: 0.000105081
19033: 0.000105075
19034: 0.00010507
19035: 0.000105064
19036: 0.000105059
19037: 0.000105053
19038: 0.000105048
19039: 0.000105042
19040: 0.000105037
19041: 0.000105031
19042: 0.000105025
19043: 0.00010502
19044: 0.000105014
19045: 0.000105009
19046: 0.000105003
19047: 0.000104998
19048: 0.000104992
19049: 0.000104987
19050: 0.000104981
19051: 0.000104976
19052: 0.00010497
19053: 0.000104965
19054: 0.000104959
19055: 0.000104954
19056: 0.000104948
19057: 0.000104943
19058: 0.000104937
19059: 0.000104932
19060: 0.000104926
19061: 0.000104921
19062: 0.000104915
19063: 0.00010491
19064: 0.000104904
19065: 0.000104899
19066: 0.000104893
19067: 0.000104888
19068: 0.000104882
19069: 0.000104877
19070: 0.000104871
19071: 0.000104866
19072: 0.00010486
19073: 0.000104855
19074: 0.000104849
19075: 0.000104844
19076: 0.000104838
19077: 0.000104833
19078: 0.000104827
19079: 0.000104822
19080: 0.000104816
19081: 0.000104811
19082: 0.000104805
19083: 0.0001048
19084: 0.000104794
19085: 0.000104789
19086: 0.000104783
19087: 0.000104778
19088: 0.000104772
19089: 0.000104767
19090: 0.000104761
19091: 0.000104756
19092: 0.00010475
19093: 0.000104745
19094: 0.000104739
19095: 0.000104734
19096: 0.000104728
19097: 0.000104723
19098: 0.000104718
19099: 0.000104712
19100: 0.000104707
19101: 0.000104701
19102: 0.000104696
19103: 0.00010469
19104: 0.000104685
19105: 0.000104679
19106: 0.000104674
19107: 0.000104668
19108: 0.000104663
19109: 0.000104657
19110: 0.000104652
19111: 0.000104646
19112: 0.000104641
19113: 0.000104635
19114: 0.00010463
19115: 0.000104624
19116: 0.000104619
19117: 0.000104613
19118: 0.000104608
19119: 0.000104603
19120: 0.000104597
19121: 0.000104592
19122: 0.000104586
19123: 0.000104581
19124: 0.000104575
19125: 0.00010457
19126: 0.000104564
19127: 0.000104559
19128: 0.000104553
19129: 0.000104548
19130: 0.000104542
19131: 0.000104537
19132: 0.000104531
19133: 0.000104526
19134: 0.000104521
19135: 0.000104515
19136: 0.00010451
19137: 0.000104504
19138: 0.000104499
19139: 0.000104493
19140: 0.000104488
19141: 0.000104482
19142: 0.000104477
19143: 0.000104471
19144: 0.000104466
19145: 0.00010446
19146: 0.000104455
19147: 0.00010445
19148: 0.000104444
19149: 0.000104439
19150: 0.000104433
19151: 0.000104428
19152: 0.000104422
19153: 0.000104417
19154: 0.000104411
19155: 0.000104406
19156: 0.0001044
19157: 0.000104395
19158: 0.00010439
19159: 0.000104384
19160: 0.000104379
19161: 0.000104373
19162: 0.000104368
19163: 0.000104362
19164: 0.000104357
19165: 0.000104351
19166: 0.000104346
19167: 0.000104341
19168: 0.000104335
19169: 0.00010433
19170: 0.000104324
19171: 0.000104319
19172: 0.000104313
19173: 0.000104308
19174: 0.000104302
19175: 0.000104297
19176: 0.000104292
19177: 0.000104286
19178: 0.000104281
19179: 0.000104275
19180: 0.00010427
19181: 0.000104264
19182: 0.000104259
19183: 0.000104254
19184: 0.000104248
19185: 0.000104243
19186: 0.000104237
19187: 0.000104232
19188: 0.000104226
19189: 0.000104221
19190: 0.000104216
19191: 0.00010421
19192: 0.000104205
19193: 0.000104199
19194: 0.000104194
19195: 0.000104188
19196: 0.000104183
19197: 0.000104178
19198: 0.000104172
19199: 0.000104167
19200: 0.000104161
19201: 0.000104156
19202: 0.00010415
19203: 0.000104145
19204: 0.00010414
19205: 0.000104134
19206: 0.000104129
19207: 0.000104123
19208: 0.000104118
19209: 0.000104112
19210: 0.000104107
19211: 0.000104102
19212: 0.000104096
19213: 0.000104091
19214: 0.000104085
19215: 0.00010408
19216: 0.000104075
19217: 0.000104069
19218: 0.000104064
19219: 0.000104058
19220: 0.000104053
19221: 0.000104047
19222: 0.000104042
19223: 0.000104037
19224: 0.000104031
19225: 0.000104026
19226: 0.00010402
19227: 0.000104015
19228: 0.00010401
19229: 0.000104004
19230: 0.000103999
19231: 0.000103993
19232: 0.000103988
19233: 0.000103983
19234: 0.000103977
19235: 0.000103972
19236: 0.000103966
19237: 0.000103961
19238: 0.000103956
19239: 0.00010395
19240: 0.000103945
19241: 0.000103939
19242: 0.000103934
19243: 0.000103928
19244: 0.000103923
19245: 0.000103918
19246: 0.000103912
19247: 0.000103907
19248: 0.000103902
19249: 0.000103896
19250: 0.000103891
19251: 0.000103885
19252: 0.00010388
19253: 0.000103875
19254: 0.000103869
19255: 0.000103864
19256: 0.000103858
19257: 0.000103853
19258: 0.000103848
19259: 0.000103842
19260: 0.000103837
19261: 0.000103831
19262: 0.000103826
19263: 0.000103821
19264: 0.000103815
19265: 0.00010381
19266: 0.000103804
19267: 0.000103799
19268: 0.000103794
19269: 0.000103788
19270: 0.000103783
19271: 0.000103778
19272: 0.000103772
19273: 0.000103767
19274: 0.000103761
19275: 0.000103756
19276: 0.000103751
19277: 0.000103745
19278: 0.00010374
19279: 0.000103734
19280: 0.000103729
19281: 0.000103724
19282: 0.000103718
19283: 0.000103713
19284: 0.000103708
19285: 0.000103702
19286: 0.000103697
19287: 0.000103691
19288: 0.000103686
19289: 0.000103681
19290: 0.000103675
19291: 0.00010367
19292: 0.000103665
19293: 0.000103659
19294: 0.000103654
19295: 0.000103648
19296: 0.000103643
19297: 0.000103638
19298: 0.000103632
19299: 0.000103627
19300: 0.000103622
19301: 0.000103616
19302: 0.000103611
19303: 0.000103605
19304: 0.0001036
19305: 0.000103595
19306: 0.000103589
19307: 0.000103584
19308: 0.000103579
19309: 0.000103573
19310: 0.000103568
19311: 0.000103563
19312: 0.000103557
19313: 0.000103552
19314: 0.000103546
19315: 0.000103541
19316: 0.000103536
19317: 0.00010353
19318: 0.000103525
19319: 0.00010352
19320: 0.000103514
19321: 0.000103509
19322: 0.000103504
19323: 0.000103498
19324: 0.000103493
19325: 0.000103488
19326: 0.000103482
19327: 0.000103477
19328: 0.000103471
19329: 0.000103466
19330: 0.000103461
19331: 0.000103455
19332: 0.00010345
19333: 0.000103445
19334: 0.000103439
19335: 0.000103434
19336: 0.000103429
19337: 0.000103423
19338: 0.000103418
19339: 0.000103413
19340: 0.000103407
19341: 0.000103402
19342: 0.000103397
19343: 0.000103391
19344: 0.000103386
19345: 0.000103381
19346: 0.000103375
19347: 0.00010337
19348: 0.000103365
19349: 0.000103359
19350: 0.000103354
19351: 0.000103348
19352: 0.000103343
19353: 0.000103338
19354: 0.000103332
19355: 0.000103327
19356: 0.000103322
19357: 0.000103316
19358: 0.000103311
19359: 0.000103306
19360: 0.0001033
19361: 0.000103295
19362: 0.00010329
19363: 0.000103284
19364: 0.000103279
19365: 0.000103274
19366: 0.000103268
19367: 0.000103263
19368: 0.000103258
19369: 0.000103252
19370: 0.000103247
19371: 0.000103242
19372: 0.000103236
19373: 0.000103231
19374: 0.000103226
19375: 0.00010322
19376: 0.000103215
19377: 0.00010321
19378: 0.000103204
19379: 0.000103199
19380: 0.000103194
19381: 0.000103189
19382: 0.000103183
19383: 0.000103178
19384: 0.000103173
19385: 0.000103167
19386: 0.000103162
19387: 0.000103157
19388: 0.000103151
19389: 0.000103146
19390: 0.000103141
19391: 0.000103135
19392: 0.00010313
19393: 0.000103125
19394: 0.000103119
19395: 0.000103114
19396: 0.000103109
19397: 0.000103103
19398: 0.000103098
19399: 0.000103093
19400: 0.000103087
19401: 0.000103082
19402: 0.000103077
19403: 0.000103072
19404: 0.000103066
19405: 0.000103061
19406: 0.000103056
19407: 0.00010305
19408: 0.000103045
19409: 0.00010304
19410: 0.000103034
19411: 0.000103029
19412: 0.000103024
19413: 0.000103018
19414: 0.000103013
19415: 0.000103008
19416: 0.000103003
19417: 0.000102997
19418: 0.000102992
19419: 0.000102987
19420: 0.000102981
19421: 0.000102976
19422: 0.000102971
19423: 0.000102965
19424: 0.00010296
19425: 0.000102955
19426: 0.00010295
19427: 0.000102944
19428: 0.000102939
19429: 0.000102934
19430: 0.000102928
19431: 0.000102923
19432: 0.000102918
19433: 0.000102912
19434: 0.000102907
19435: 0.000102902
19436: 0.000102897
19437: 0.000102891
19438: 0.000102886
19439: 0.000102881
19440: 0.000102875
19441: 0.00010287
19442: 0.000102865
19443: 0.000102859
19444: 0.000102854
19445: 0.000102849
19446: 0.000102844
19447: 0.000102838
19448: 0.000102833
19449: 0.000102828
19450: 0.000102822
19451: 0.000102817
19452: 0.000102812
19453: 0.000102807
19454: 0.000102801
19455: 0.000102796
19456: 0.000102791
19457: 0.000102785
19458: 0.00010278
19459: 0.000102775
19460: 0.00010277
19461: 0.000102764
19462: 0.000102759
19463: 0.000102754
19464: 0.000102749
19465: 0.000102743
19466: 0.000102738
19467: 0.000102733
19468: 0.000102727
19469: 0.000102722
19470: 0.000102717
19471: 0.000102712
19472: 0.000102706
19473: 0.000102701
19474: 0.000102696
19475: 0.00010269
19476: 0.000102685
19477: 0.00010268
19478: 0.000102675
19479: 0.000102669
19480: 0.000102664
19481: 0.000102659
19482: 0.000102654
19483: 0.000102648
19484: 0.000102643
19485: 0.000102638
19486: 0.000102633
19487: 0.000102627
19488: 0.000102622
19489: 0.000102617
19490: 0.000102611
19491: 0.000102606
19492: 0.000102601
19493: 0.000102596
19494: 0.00010259
19495: 0.000102585
19496: 0.00010258
19497: 0.000102575
19498: 0.000102569
19499: 0.000102564
19500: 0.000102559
19501: 0.000102554
19502: 0.000102548
19503: 0.000102543
19504: 0.000102538
19505: 0.000102533
19506: 0.000102527
19507: 0.000102522
19508: 0.000102517
19509: 0.000102512
19510: 0.000102506
19511: 0.000102501
19512: 0.000102496
19513: 0.000102491
19514: 0.000102485
19515: 0.00010248
19516: 0.000102475
19517: 0.00010247
19518: 0.000102464
19519: 0.000102459
19520: 0.000102454
19521: 0.000102449
19522: 0.000102443
19523: 0.000102438
19524: 0.000102433
19525: 0.000102428
19526: 0.000102422
19527: 0.000102417
19528: 0.000102412
19529: 0.000102407
19530: 0.000102401
19531: 0.000102396
19532: 0.000102391
19533: 0.000102386
19534: 0.00010238
19535: 0.000102375
19536: 0.00010237
19537: 0.000102365
19538: 0.000102359
19539: 0.000102354
19540: 0.000102349
19541: 0.000102344
19542: 0.000102338
19543: 0.000102333
19544: 0.000102328
19545: 0.000102323
19546: 0.000102317
19547: 0.000102312
19548: 0.000102307
19549: 0.000102302
19550: 0.000102297
19551: 0.000102291
19552: 0.000102286
19553: 0.000102281
19554: 0.000102276
19555: 0.00010227
19556: 0.000102265
19557: 0.00010226
19558: 0.000102255
19559: 0.000102249
19560: 0.000102244
19561: 0.000102239
19562: 0.000102234
19563: 0.000102229
19564: 0.000102223
19565: 0.000102218
19566: 0.000102213
19567: 0.000102208
19568: 0.000102202
19569: 0.000102197
19570: 0.000102192
19571: 0.000102187
19572: 0.000102182
19573: 0.000102176
19574: 0.000102171
19575: 0.000102166
19576: 0.000102161
19577: 0.000102155
19578: 0.00010215
19579: 0.000102145
19580: 0.00010214
19581: 0.000102135
19582: 0.000102129
19583: 0.000102124
19584: 0.000102119
19585: 0.000102114
19586: 0.000102109
19587: 0.000102103
19588: 0.000102098
19589: 0.000102093
19590: 0.000102088
19591: 0.000102082
19592: 0.000102077
19593: 0.000102072
19594: 0.000102067
19595: 0.000102062
19596: 0.000102056
19597: 0.000102051
19598: 0.000102046
19599: 0.000102041
19600: 0.000102036
19601: 0.00010203
19602: 0.000102025
19603: 0.00010202
19604: 0.000102015
19605: 0.00010201
19606: 0.000102004
19607: 0.000101999
19608: 0.000101994
19609: 0.000101989
19610: 0.000101984
19611: 0.000101978
19612: 0.000101973
19613: 0.000101968
19614: 0.000101963
19615: 0.000101958
19616: 0.000101952
19617: 0.000101947
19618: 0.000101942
19619: 0.000101937
19620: 0.000101932
19621: 0.000101926
19622: 0.000101921
19623: 0.000101916
19624: 0.000101911
19625: 0.000101906
19626: 0.0001019
19627: 0.000101895
19628: 0.00010189
19629: 0.000101885
19630: 0.00010188
19631: 0.000101874
19632: 0.000101869
19633: 0.000101864
19634: 0.000101859
19635: 0.000101854
19636: 0.000101849
19637: 0.000101843
19638: 0.000101838
19639: 0.000101833
19640: 0.000101828
19641: 0.000101823
19642: 0.000101817
19643: 0.000101812
19644: 0.000101807
19645: 0.000101802
19646: 0.000101797
19647: 0.000101792
19648: 0.000101786
19649: 0.000101781
19650: 0.000101776
19651: 0.000101771
19652: 0.000101766
19653: 0.00010176
19654: 0.000101755
19655: 0.00010175
19656: 0.000101745
19657: 0.00010174
19658: 0.000101735
19659: 0.000101729
19660: 0.000101724
19661: 0.000101719
19662: 0.000101714
19663: 0.000101709
19664: 0.000101704
19665: 0.000101698
19666: 0.000101693
19667: 0.000101688
19668: 0.000101683
19669: 0.000101678
19670: 0.000101673
19671: 0.000101667
19672: 0.000101662
19673: 0.000101657
19674: 0.000101652
19675: 0.000101647
19676: 0.000101642
19677: 0.000101636
19678: 0.000101631
19679: 0.000101626
19680: 0.000101621
19681: 0.000101616
19682: 0.000101611
19683: 0.000101605
19684: 0.0001016
19685: 0.000101595
19686: 0.00010159
19687: 0.000101585
19688: 0.00010158
19689: 0.000101574
19690: 0.000101569
19691: 0.000101564
19692: 0.000101559
19693: 0.000101554
19694: 0.000101549
19695: 0.000101543
19696: 0.000101538
19697: 0.000101533
19698: 0.000101528
19699: 0.000101523
19700: 0.000101518
19701: 0.000101513
19702: 0.000101507
19703: 0.000101502
19704: 0.000101497
19705: 0.000101492
19706: 0.000101487
19707: 0.000101482
19708: 0.000101476
19709: 0.000101471
19710: 0.000101466
19711: 0.000101461
19712: 0.000101456
19713: 0.000101451
19714: 0.000101446
19715: 0.00010144
19716: 0.000101435
19717: 0.00010143
19718: 0.000101425
19719: 0.00010142
19720: 0.000101415
19721: 0.00010141
19722: 0.000101404
19723: 0.000101399
19724: 0.000101394
19725: 0.000101389
19726: 0.000101384
19727: 0.000101379
19728: 0.000101374
19729: 0.000101368
19730: 0.000101363
19731: 0.000101358
19732: 0.000101353
19733: 0.000101348
19734: 0.000101343
19735: 0.000101338
19736: 0.000101333
19737: 0.000101327
19738: 0.000101322
19739: 0.000101317
19740: 0.000101312
19741: 0.000101307
19742: 0.000101302
19743: 0.000101297
19744: 0.000101291
19745: 0.000101286
19746: 0.000101281
19747: 0.000101276
19748: 0.000101271
19749: 0.000101266
19750: 0.000101261
19751: 0.000101256
19752: 0.00010125
19753: 0.000101245
19754: 0.00010124
19755: 0.000101235
19756: 0.00010123
19757: 0.000101225
19758: 0.00010122
19759: 0.000101215
19760: 0.000101209
19761: 0.000101204
19762: 0.000101199
19763: 0.000101194
19764: 0.000101189
19765: 0.000101184
19766: 0.000101179
19767: 0.000101174
19768: 0.000101168
19769: 0.000101163
19770: 0.000101158
19771: 0.000101153
19772: 0.000101148
19773: 0.000101143
19774: 0.000101138
19775: 0.000101133
19776: 0.000101128
19777: 0.000101122
19778: 0.000101117
19779: 0.000101112
19780: 0.000101107
19781: 0.000101102
19782: 0.000101097
19783: 0.000101092
19784: 0.000101087
19785: 0.000101082
19786: 0.000101076
19787: 0.000101071
19788: 0.000101066
19789: 0.000101061
19790: 0.000101056
19791: 0.000101051
19792: 0.000101046
19793: 0.000101041
19794: 0.000101036
19795: 0.000101031
19796: 0.000101025
19797: 0.00010102
19798: 0.000101015
19799: 0.00010101
19800: 0.000101005
19801: 0.000101
19802: 0.000100995
19803: 0.00010099
19804: 0.000100985
19805: 0.00010098
19806: 0.000100974
19807: 0.000100969
19808: 0.000100964
19809: 0.000100959
19810: 0.000100954
19811: 0.000100949
19812: 0.000100944
19813: 0.000100939
19814: 0.000100934
19815: 0.000100929
19816: 0.000100923
19817: 0.000100918
19818: 0.000100913
19819: 0.000100908
19820: 0.000100903
19821: 0.000100898
19822: 0.000100893
19823: 0.000100888
19824: 0.000100883
19825: 0.000100878
19826: 0.000100873
19827: 0.000100867
19828: 0.000100862
19829: 0.000100857
19830: 0.000100852
19831: 0.000100847
19832: 0.000100842
19833: 0.000100837
19834: 0.000100832
19835: 0.000100827
19836: 0.000100822
19837: 0.000100817
19838: 0.000100812
19839: 0.000100806
19840: 0.000100801
19841: 0.000100796
19842: 0.000100791
19843: 0.000100786
19844: 0.000100781
19845: 0.000100776
19846: 0.000100771
19847: 0.000100766
19848: 0.000100761
19849: 0.000100756
19850: 0.000100751
19851: 0.000100746
19852: 0.00010074
19853: 0.000100735
19854: 0.00010073
19855: 0.000100725
19856: 0.00010072
19857: 0.000100715
19858: 0.00010071
19859: 0.000100705
19860: 0.0001007
19861: 0.000100695
19862: 0.00010069
19863: 0.000100685
19864: 0.00010068
19865: 0.000100675
19866: 0.000100669
19867: 0.000100664
19868: 0.000100659
19869: 0.000100654
19870: 0.000100649
19871: 0.000100644
19872: 0.000100639
19873: 0.000100634
19874: 0.000100629
19875: 0.000100624
19876: 0.000100619
19877: 0.000100614
19878: 0.000100609
19879: 0.000100604
19880: 0.000100599
19881: 0.000100594
19882: 0.000100588
19883: 0.000100583
19884: 0.000100578
19885: 0.000100573
19886: 0.000100568
19887: 0.000100563
19888: 0.000100558
19889: 0.000100553
19890: 0.000100548
19891: 0.000100543
19892: 0.000100538
19893: 0.000100533
19894: 0.000100528
19895: 0.000100523
19896: 0.000100518
19897: 0.000100513
19898: 0.000100508
19899: 0.000100503
19900: 0.000100497
19901: 0.000100492
19902: 0.000100487
19903: 0.000100482
19904: 0.000100477
19905: 0.000100472
19906: 0.000100467
19907: 0.000100462
19908: 0.000100457
19909: 0.000100452
19910: 0.000100447
19911: 0.000100442
19912: 0.000100437
19913: 0.000100432
19914: 0.000100427
19915: 0.000100422
19916: 0.000100417
19917: 0.000100412
19918: 0.000100407
19919: 0.000100402
19920: 0.000100397
19921: 0.000100392
19922: 0.000100386
19923: 0.000100381
19924: 0.000100376
19925: 0.000100371
19926: 0.000100366
19927: 0.000100361
19928: 0.000100356
19929: 0.000100351
19930: 0.000100346
19931: 0.000100341
19932: 0.000100336
19933: 0.000100331
19934: 0.000100326
19935: 0.000100321
19936: 0.000100316
19937: 0.000100311
19938: 0.000100306
19939: 0.000100301
19940: 0.000100296
19941: 0.000100291
19942: 0.000100286
19943: 0.000100281
19944: 0.000100276
19945: 0.000100271
19946: 0.000100266
19947: 0.000100261
19948: 0.000100256
19949: 0.000100251
19950: 0.000100246
19951: 0.000100241
19952: 0.000100236
19953: 0.000100231
19954: 0.000100226
19955: 0.00010022
19956: 0.000100215
19957: 0.00010021
19958: 0.000100205
19959: 0.0001002
19960: 0.000100195
19961: 0.00010019
19962: 0.000100185
19963: 0.00010018
19964: 0.000100175
19965: 0.00010017
19966: 0.000100165
19967: 0.00010016
19968: 0.000100155
19969: 0.00010015
19970: 0.000100145
19971: 0.00010014
19972: 0.000100135
19973: 0.00010013
19974: 0.000100125
19975: 0.00010012
19976: 0.000100115
19977: 0.00010011
19978: 0.000100105
19979: 0.0001001
19980: 0.000100095
19981: 0.00010009
19982: 0.000100085
19983: 0.00010008
19984: 0.000100075
19985: 0.00010007
19986: 0.000100065
19987: 0.00010006
19988: 0.000100055
19989: 0.00010005
19990: 0.000100045
19991: 0.00010004
19992: 0.000100035
19993: 0.00010003
19994: 0.000100025
19995: 0.00010002
19996: 0.000100015
19997: 0.00010001
19998: 0.000100005
19999: 0.0001
20000: 9.9995e-05
20001: 9.999e-05
20002: 9.9985e-05
20003: 9.998e-05
20004: 9.9975e-05
20005: 9.997e-05
20006: 9.9965e-05
20007: 9.996e-05
20008: 9.9955e-05
20009: 9.995e-05
20010: 9.9945e-05
20011: 9.994e-05
20012: 9.9935e-05
20013: 9.993e-05
20014: 9.99251e-05
20015: 9.99201e-05
20016: 9.99151e-05
20017: 9.99101e-05
20018: 9.99051e-05
20019: 9.99001e-05
20020: 9.98951e-05
20021: 9.98901e-05
20022: 9.98851e-05
20023: 9.98801e-05
20024: 9.98752e-05
20025: 9.98702e-05
20026: 9.98652e-05
20027: 9.98602e-05
20028: 9.98552e-05
20029: 9.98502e-05
20030: 9.98452e-05
20031: 9.98403e-05
20032: 9.98353e-05
20033: 9.98303e-05
20034: 9.98253e-05
20035: 9.98203e-05
20036: 9.98153e-05
20037: 9.98104e-05
20038: 9.98054e-05
20039: 9.98004e-05
20040: 9.97954e-05
20041: 9.97904e-05
20042: 9.97855e-05
20043: 9.97805e-05
20044: 9.97755e-05
20045: 9.97705e-05
20046: 9.97656e-05
20047: 9.97606e-05
20048: 9.97556e-05
20049: 9.97506e-05
20050: 9.97456e-05
20051: 9.97407e-05
20052: 9.97357e-05
20053: 9.97307e-05
20054: 9.97258e-05
20055: 9.97208e-05
20056: 9.97158e-05
20057: 9.97108e-05
20058: 9.97059e-05
20059: 9.97009e-05
20060: 9.96959e-05
20061: 9.9691e-05
20062: 9.9686e-05
20063: 9.9681e-05
20064: 9.96761e-05
20065: 9.96711e-05
20066: 9.96661e-05
20067: 9.96612e-05
20068: 9.96562e-05
20069: 9.96512e-05
20070: 9.96463e-05
20071: 9.96413e-05
20072: 9.96363e-05
20073: 9.96314e-05
20074: 9.96264e-05
20075: 9.96214e-05
20076: 9.96165e-05
20077: 9.96115e-05
20078: 9.96066e-05
20079: 9.96016e-05
20080: 9.95966e-05
20081: 9.95917e-05
20082: 9.95867e-05
20083: 9.95818e-05
20084: 9.95768e-05
20085: 9.95718e-05
20086: 9.95669e-05
20087: 9.95619e-05
20088: 9.9557e-05
20089: 9.9552e-05
20090: 9.95471e-05
20091: 9.95421e-05
20092: 9.95372e-05
20093: 9.95322e-05
20094: 9.95272e-05
20095: 9.95223e-05
20096: 9.95173e-05
20097: 9.95124e-05
20098: 9.95074e-05
20099: 9.95025e-05
20100: 9.94975e-05
20101: 9.94926e-05
20102: 9.94876e-05
20103: 9.94827e-05
20104: 9.94777e-05
20105: 9.94728e-05
20106: 9.94678e-05
20107: 9.94629e-05
20108: 9.9458e-05
20109: 9.9453e-05
20110: 9.94481e-05
20111: 9.94431e-05
20112: 9.94382e-05
20113: 9.94332e-05
20114: 9.94283e-05
20115: 9.94233e-05
20116: 9.94184e-05
20117: 9.94135e-05
20118: 9.94085e-05
20119: 9.94036e-05
20120: 9.93986e-05
20121: 9.93937e-05
20122: 9.93888e-05
20123: 9.93838e-05
20124: 9.93789e-05
20125: 9.93739e-05
20126: 9.9369e-05
20127: 9.93641e-05
20128: 9.93591e-05
20129: 9.93542e-05
20130: 9.93493e-05
20131: 9.93443e-05
20132: 9.93394e-05
20133: 9.93345e-05
20134: 9.93295e-05
20135: 9.93246e-05
20136: 9.93197e-05
20137: 9.93147e-05
20138: 9.93098e-05
20139: 9.93049e-05
20140: 9.92999e-05
20141: 9.9295e-05
20142: 9.92901e-05
20143: 9.92851e-05
20144: 9.92802e-05
20145: 9.92753e-05
20146: 9.92704e-05
20147: 9.92654e-05
20148: 9.92605e-05
20149: 9.92556e-05
20150: 9.92507e-05
20151: 9.92457e-05
20152: 9.92408e-05
20153: 9.92359e-05
20154: 9.9231e-05
20155: 9.9226e-05
20156: 9.92211e-05
20157: 9.92162e-05
20158: 9.92113e-05
20159: 9.92063e-05
20160: 9.92014e-05
20161: 9.91965e-05
20162: 9.91916e-05
20163: 9.91867e-05
20164: 9.91818e-05
20165: 9.91768e-05
20166: 9.91719e-05
20167: 9.9167e-05
20168: 9.91621e-05
20169: 9.91572e-05
20170: 9.91522e-05
20171: 9.91473e-05
20172: 9.91424e-05
20173: 9.91375e-05
20174: 9.91326e-05
20175: 9.91277e-05
20176: 9.91228e-05
20177: 9.91179e-05
20178: 9.91129e-05
20179: 9.9108e-05
20180: 9.91031e-05
20181: 9.90982e-05
20182: 9.90933e-05
20183: 9.90884e-05
20184: 9.90835e-05
20185: 9.90786e-05
20186: 9.90737e-05
20187: 9.90688e-05
20188: 9.90638e-05
20189: 9.90589e-05
20190: 9.9054e-05
20191: 9.90491e-05
20192: 9.90442e-05
20193: 9.90393e-05
20194: 9.90344e-05
20195: 9.90295e-05
20196: 9.90246e-05
20197: 9.90197e-05
20198: 9.90148e-05
20199: 9.90099e-05
20200: 9.9005e-05
20201: 9.90001e-05
20202: 9.89952e-05
20203: 9.89903e-05
20204: 9.89854e-05
20205: 9.89805e-05
20206: 9.89756e-05
20207: 9.89707e-05
20208: 9.89658e-05
20209: 9.89609e-05
20210: 9.8956e-05
20211: 9.89511e-05
20212: 9.89462e-05
20213: 9.89413e-05
20214: 9.89364e-05
20215: 9.89315e-05
20216: 9.89266e-05
20217: 9.89218e-05
20218: 9.89169e-05
20219: 9.8912e-05
20220: 9.89071e-05
20221: 9.89022e-05
20222: 9.88973e-05
20223: 9.88924e-05
20224: 9.88875e-05
20225: 9.88826e-05
20226: 9.88777e-05
20227: 9.88728e-05
20228: 9.8868e-05
20229: 9.88631e-05
20230: 9.88582e-05
20231: 9.88533e-05
20232: 9.88484e-05
20233: 9.88435e-05
20234: 9.88386e-05
20235: 9.88338e-05
20236: 9.88289e-05
20237: 9.8824e-05
20238: 9.88191e-05
20239: 9.88142e-05
20240: 9.88093e-05
20241: 9.88045e-05
20242: 9.87996e-05
20243: 9.87947e-05
20244: 9.87898e-05
20245: 9.87849e-05
20246: 9.87801e-05
20247: 9.87752e-05
20248: 9.87703e-05
20249: 9.87654e-05
20250: 9.87606e-05
20251: 9.87557e-05
20252: 9.87508e-05
20253: 9.87459e-05
20254: 9.87411e-05
20255: 9.87362e-05
20256: 9.87313e-05
20257: 9.87264e-05
20258: 9.87216e-05
20259: 9.87167e-05
20260: 9.87118e-05
20261: 9.87069e-05
20262: 9.87021e-05
20263: 9.86972e-05
20264: 9.86923e-05
20265: 9.86875e-05
20266: 9.86826e-05
20267: 9.86777e-05
20268: 9.86729e-05
20269: 9.8668e-05
20270: 9.86631e-05
20271: 9.86582e-05
20272: 9.86534e-05
20273: 9.86485e-05
20274: 9.86436e-05
20275: 9.86388e-05
20276: 9.86339e-05
20277: 9.86291e-05
20278: 9.86242e-05
20279: 9.86193e-05
20280: 9.86145e-05
20281: 9.86096e-05
20282: 9.86047e-05
20283: 9.85999e-05
20284: 9.8595e-05
20285: 9.85902e-05
20286: 9.85853e-05
20287: 9.85804e-05
20288: 9.85756e-05
20289: 9.85707e-05
20290: 9.85659e-05
20291: 9.8561e-05
20292: 9.85562e-05
20293: 9.85513e-05
20294: 9.85464e-05
20295: 9.85416e-05
20296: 9.85367e-05
20297: 9.85319e-05
20298: 9.8527e-05
20299: 9.85222e-05
20300: 9.85173e-05
20301: 9.85125e-05
20302: 9.85076e-05
20303: 9.85028e-05
20304: 9.84979e-05
20305: 9.84931e-05
20306: 9.84882e-05
20307: 9.84834e-05
20308: 9.84785e-05
20309: 9.84737e-05
20310: 9.84688e-05
20311: 9.8464e-05
20312: 9.84591e-05
20313: 9.84543e-05
20314: 9.84494e-05
20315: 9.84446e-05
20316: 9.84397e-05
20317: 9.84349e-05
20318: 9.843e-05
20319: 9.84252e-05
20320: 9.84204e-05
20321: 9.84155e-05
20322: 9.84107e-05
20323: 9.84058e-05
20324: 9.8401e-05
20325: 9.83961e-05
20326: 9.83913e-05
20327: 9.83865e-05
20328: 9.83816e-05
20329: 9.83768e-05
20330: 9.83719e-05
20331: 9.83671e-05
20332: 9.83623e-05
20333: 9.83574e-05
20334: 9.83526e-05
20335: 9.83478e-05
20336: 9.83429e-05
20337: 9.83381e-05
20338: 9.83333e-05
20339: 9.83284e-05
20340: 9.83236e-05
20341: 9.83187e-05
20342: 9.83139e-05
20343: 9.83091e-05
20344: 9.83043e-05
20345: 9.82994e-05
20346: 9.82946e-05
20347: 9.82898e-05
20348: 9.82849e-05
20349: 9.82801e-05
20350: 9.82753e-05
20351: 9.82704e-05
20352: 9.82656e-05
20353: 9.82608e-05
20354: 9.8256e-05
20355: 9.82511e-05
20356: 9.82463e-05
20357: 9.82415e-05
20358: 9.82367e-05
20359: 9.82318e-05
20360: 9.8227e-05
20361: 9.82222e-05
20362: 9.82174e-05
20363: 9.82125e-05
20364: 9.82077e-05
20365: 9.82029e-05
20366: 9.81981e-05
20367: 9.81932e-05
20368: 9.81884e-05
20369: 9.81836e-05
20370: 9.81788e-05
20371: 9.8174e-05
20372: 9.81691e-05
20373: 9.81643e-05
20374: 9.81595e-05
20375: 9.81547e-05
20376: 9.81499e-05
20377: 9.81451e-05
20378: 9.81402e-05
20379: 9.81354e-05
20380: 9.81306e-05
20381: 9.81258e-05
20382: 9.8121e-05
20383: 9.81162e-05
20384: 9.81114e-05
20385: 9.81065e-05
20386: 9.81017e-05
20387: 9.80969e-05
20388: 9.80921e-05
20389: 9.80873e-05
20390: 9.80825e-05
20391: 9.80777e-05
20392: 9.80729e-05
20393: 9.80681e-05
20394: 9.80633e-05
20395: 9.80584e-05
20396: 9.80536e-05
20397: 9.80488e-05
20398: 9.8044e-05
20399: 9.80392e-05
20400: 9.80344e-05
20401: 9.80296e-05
20402: 9.80248e-05
20403: 9.802e-05
20404: 9.80152e-05
20405: 9.80104e-05
20406: 9.80056e-05
20407: 9.80008e-05
20408: 9.7996e-05
20409: 9.79912e-05
20410: 9.79864e-05
20411: 9.79816e-05
20412: 9.79768e-05
20413: 9.7972e-05
20414: 9.79672e-05
20415: 9.79624e-05
20416: 9.79576e-05
20417: 9.79528e-05
20418: 9.7948e-05
20419: 9.79432e-05
20420: 9.79384e-05
20421: 9.79336e-05
20422: 9.79288e-05
20423: 9.7924e-05
20424: 9.79192e-05
20425: 9.79144e-05
20426: 9.79096e-05
20427: 9.79048e-05
20428: 9.79e-05
20429: 9.78953e-05
20430: 9.78905e-05
20431: 9.78857e-05
20432: 9.78809e-05
20433: 9.78761e-05
20434: 9.78713e-05
20435: 9.78665e-05
20436: 9.78617e-05
20437: 9.78569e-05
20438: 9.78521e-05
20439: 9.78474e-05
20440: 9.78426e-05
20441: 9.78378e-05
20442: 9.7833e-05
20443: 9.78282e-05
20444: 9.78234e-05
20445: 9.78186e-05
20446: 9.78139e-05
20447: 9.78091e-05
20448: 9.78043e-05
20449: 9.77995e-05
20450: 9.77947e-05
20451: 9.77899e-05
20452: 9.77852e-05
20453: 9.77804e-05
20454: 9.77756e-05
20455: 9.77708e-05
20456: 9.7766e-05
20457: 9.77613e-05
20458: 9.77565e-05
20459: 9.77517e-05
20460: 9.77469e-05
20461: 9.77422e-05
20462: 9.77374e-05
20463: 9.77326e-05
20464: 9.77278e-05
20465: 9.77231e-05
20466: 9.77183e-05
20467: 9.77135e-05
20468: 9.77087e-05
20469: 9.7704e-05
20470: 9.76992e-05
20471: 9.76944e-05
20472: 9.76896e-05
20473: 9.76849e-05
20474: 9.76801e-05
20475: 9.76753e-05
20476: 9.76706e-05
20477: 9.76658e-05
20478: 9.7661e-05
20479: 9.76563e-05
20480: 9.76515e-05
20481: 9.76467e-05
20482: 9.76419e-05
20483: 9.76372e-05
20484: 9.76324e-05
20485: 9.76276e-05
20486: 9.76229e-05
20487: 9.76181e-05
20488: 9.76134e-05
20489: 9.76086e-05
20490: 9.76038e-05
20491: 9.75991e-05
20492: 9.75943e-05
20493: 9.75895e-05
20494: 9.75848e-05
20495: 9.758e-05
20496: 9.75753e-05
20497: 9.75705e-05
20498: 9.75657e-05
20499: 9.7561e-05
20500: 9.75562e-05
20501: 9.75515e-05
20502: 9.75467e-05
20503: 9.75419e-05
20504: 9.75372e-05
20505: 9.75324e-05
20506: 9.75277e-05
20507: 9.75229e-05
20508: 9.75182e-05
20509: 9.75134e-05
20510: 9.75087e-05
20511: 9.75039e-05
20512: 9.74991e-05
20513: 9.74944e-05
20514: 9.74896e-05
20515: 9.74849e-05
20516: 9.74801e-05
20517: 9.74754e-05
20518: 9.74706e-05
20519: 9.74659e-05
20520: 9.74611e-05
20521: 9.74564e-05
20522: 9.74516e-05
20523: 9.74469e-05
20524: 9.74421e-05
20525: 9.74374e-05
20526: 9.74326e-05
20527: 9.74279e-05
20528: 9.74232e-05
20529: 9.74184e-05
20530: 9.74137e-05
20531: 9.74089e-05
20532: 9.74042e-05
20533: 9.73994e-05
20534: 9.73947e-05
20535: 9.73899e-05
20536: 9.73852e-05
20537: 9.73805e-05
20538: 9.73757e-05
20539: 9.7371e-05
20540: 9.73662e-05
20541: 9.73615e-05
20542: 9.73568e-05
20543: 9.7352e-05
20544: 9.73473e-05
20545: 9.73425e-05
20546: 9.73378e-05
20547: 9.73331e-05
20548: 9.73283e-05
20549: 9.73236e-05
20550: 9.73189e-05
20551: 9.73141e-05
20552: 9.73094e-05
20553: 9.73047e-05
20554: 9.72999e-05
20555: 9.72952e-05
20556: 9.72905e-05
20557: 9.72857e-05
20558: 9.7281e-05
20559: 9.72763e-05
20560: 9.72715e-05
20561: 9.72668e-05
20562: 9.72621e-05
20563: 9.72573e-05
20564: 9.72526e-05
20565: 9.72479e-05
20566: 9.72432e-05
20567: 9.72384e-05
20568: 9.72337e-05
20569: 9.7229e-05
20570: 9.72242e-05
20571: 9.72195e-05
20572: 9.72148e-05
20573: 9.72101e-05
20574: 9.72053e-05
20575: 9.72006e-05
20576: 9.71959e-05
20577: 9.71912e-05
20578: 9.71865e-05
20579: 9.71817e-05
20580: 9.7177e-05
20581: 9.71723e-05
20582: 9.71676e-05
20583: 9.71628e-05
20584: 9.71581e-05
20585: 9.71534e-05
20586: 9.71487e-05
20587: 9.7144e-05
20588: 9.71392e-05
20589: 9.71345e-05
20590: 9.71298e-05
20591: 9.71251e-05
20592: 9.71204e-05
20593: 9.71157e-05
20594: 9.71109e-05
20595: 9.71062e-05
20596: 9.71015e-05
20597: 9.70968e-05
20598: 9.70921e-05
20599: 9.70874e-05
20600: 9.70827e-05
20601: 9.7078e-05
20602: 9.70732e-05
20603: 9.70685e-05
20604: 9.70638e-05
20605: 9.70591e-05
20606: 9.70544e-05
20607: 9.70497e-05
20608: 9.7045e-05
20609: 9.70403e-05
20610: 9.70356e-05
20611: 9.70309e-05
20612: 9.70261e-05
20613: 9.70214e-05
20614: 9.70167e-05
20615: 9.7012e-05
20616: 9.70073e-05
20617: 9.70026e-05
20618: 9.69979e-05
20619: 9.69932e-05
20620: 9.69885e-05
20621: 9.69838e-05
20622: 9.69791e-05
20623: 9.69744e-05
20624: 9.69697e-05
20625: 9.6965e-05
20626: 9.69603e-05
20627: 9.69556e-05
20628: 9.69509e-05
20629: 9.69462e-05
20630: 9.69415e-05
20631: 9.69368e-05
20632: 9.69321e-05
20633: 9.69274e-05
20634: 9.69227e-05
20635: 9.6918e-05
20636: 9.69133e-05
20637: 9.69086e-05
20638: 9.69039e-05
20639: 9.68992e-05
20640: 9.68945e-05
20641: 9.68898e-05
20642: 9.68851e-05
20643: 9.68804e-05
20644: 9.68758e-05
20645: 9.68711e-05
20646: 9.68664e-05
20647: 9.68617e-05
20648: 9.6857e-05
20649: 9.68523e-05
20650: 9.68476e-05
20651: 9.68429e-05
20652: 9.68382e-05
20653: 9.68335e-05
20654: 9.68289e-05
20655: 9.68242e-05
20656: 9.68195e-05
20657: 9.68148e-05
20658: 9.68101e-05
20659: 9.68054e-05
20660: 9.68007e-05
20661: 9.67961e-05
20662: 9.67914e-05
20663: 9.67867e-05
20664: 9.6782e-05
20665: 9.67773e-05
20666: 9.67726e-05
20667: 9.6768e-05
20668: 9.67633e-05
20669: 9.67586e-05
20670: 9.67539e-05
20671: 9.67492e-05
20672: 9.67445e-05
20673: 9.67399e-05
20674: 9.67352e-05
20675: 9.67305e-05
20676: 9.67258e-05
20677: 9.67212e-05
20678: 9.67165e-05
20679: 9.67118e-05
20680: 9.67071e-05
20681: 9.67024e-05
20682: 9.66978e-05
20683: 9.66931e-05
20684: 9.66884e-05
20685: 9.66837e-05
20686: 9.66791e-05
20687: 9.66744e-05
20688: 9.66697e-05
20689: 9.66651e-05
20690: 9.66604e-05
20691: 9.66557e-05
20692: 9.6651e-05
20693: 9.66464e-05
20694: 9.66417e-05
20695: 9.6637e-05
20696: 9.66324e-05
20697: 9.66277e-05
20698: 9.6623e-05
20699: 9.66184e-05
20700: 9.66137e-05
20701: 9.6609e-05
20702: 9.66044e-05
20703: 9.65997e-05
20704: 9.6595e-05
20705: 9.65904e-05
20706: 9.65857e-05
20707: 9.6581e-05
20708: 9.65764e-05
20709: 9.65717e-05
20710: 9.6567e-05
20711: 9.65624e-05
20712: 9.65577e-05
20713: 9.65531e-05
20714: 9.65484e-05
20715: 9.65437e-05
20716: 9.65391e-05
20717: 9.65344e-05
20718: 9.65298e-05
20719: 9.65251e-05
20720: 9.65204e-05
20721: 9.65158e-05
20722: 9.65111e-05
20723: 9.65065e-05
20724: 9.65018e-05
20725: 9.64972e-05
20726: 9.64925e-05
20727: 9.64878e-05
20728: 9.64832e-05
20729: 9.64785e-05
20730: 9.64739e-05
20731: 9.64692e-05
20732: 9.64646e-05
20733: 9.64599e-05
20734: 9.64553e-05
20735: 9.64506e-05
20736: 9.6446e-05
20737: 9.64413e-05
20738: 9.64367e-05
20739: 9.6432e-05
20740: 9.64274e-05
20741: 9.64227e-05
20742: 9.64181e-05
20743: 9.64134e-05
20744: 9.64088e-05
20745: 9.64041e-05
20746: 9.63995e-05
20747: 9.63948e-05
20748: 9.63902e-05
20749: 9.63855e-05
20750: 9.63809e-05
20751: 9.63763e-05
20752: 9.63716e-05
20753: 9.6367e-05
20754: 9.63623e-05
20755: 9.63577e-05
20756: 9.6353e-05
20757: 9.63484e-05
20758: 9.63438e-05
20759: 9.63391e-05
20760: 9.63345e-05
20761: 9.63298e-05
20762: 9.63252e-05
20763: 9.63206e-05
20764: 9.63159e-05
20765: 9.63113e-05
20766: 9.63066e-05
20767: 9.6302e-05
20768: 9.62974e-05
20769: 9.62927e-05
20770: 9.62881e-05
20771: 9.62835e-05
20772: 9.62788e-05
20773: 9.62742e-05
20774: 9.62696e-05
20775: 9.62649e-05
20776: 9.62603e-05
20777: 9.62557e-05
20778: 9.6251e-05
20779: 9.62464e-05
20780: 9.62418e-05
20781: 9.62371e-05
20782: 9.62325e-05
20783: 9.62279e-05
20784: 9.62232e-05
20785: 9.62186e-05
20786: 9.6214e-05
20787: 9.62094e-05
20788: 9.62047e-05
20789: 9.62001e-05
20790: 9.61955e-05
20791: 9.61908e-05
20792: 9.61862e-05
20793: 9.61816e-05
20794: 9.6177e-05
20795: 9.61723e-05
20796: 9.61677e-05
20797: 9.61631e-05
20798: 9.61585e-05
20799: 9.61538e-05
20800: 9.61492e-05
20801: 9.61446e-05
20802: 9.614e-05
20803: 9.61354e-05
20804: 9.61307e-05
20805: 9.61261e-05
20806: 9.61215e-05
20807: 9.61169e-05
20808: 9.61123e-05
20809: 9.61076e-05
20810: 9.6103e-05
20811: 9.60984e-05
20812: 9.60938e-05
20813: 9.60892e-05
20814: 9.60846e-05
20815: 9.60799e-05
20816: 9.60753e-05
20817: 9.60707e-05
20818: 9.60661e-05
20819: 9.60615e-05
20820: 9.60569e-05
20821: 9.60523e-05
20822: 9.60476e-05
20823: 9.6043e-05
20824: 9.60384e-05
20825: 9.60338e-05
20826: 9.60292e-05
20827: 9.60246e-05
20828: 9.602e-05
20829: 9.60154e-05
20830: 9.60108e-05
20831: 9.60061e-05
20832: 9.60015e-05
20833: 9.59969e-05
20834: 9.59923e-05
20835: 9.59877e-05
20836: 9.59831e-05
20837: 9.59785e-05
20838: 9.59739e-05
20839: 9.59693e-05
20840: 9.59647e-05
20841: 9.59601e-05
20842: 9.59555e-05
20843: 9.59509e-05
20844: 9.59463e-05
20845: 9.59417e-05
20846: 9.59371e-05
20847: 9.59325e-05
20848: 9.59279e-05
20849: 9.59233e-05
20850: 9.59187e-05
20851: 9.59141e-05
20852: 9.59095e-05
20853: 9.59049e-05
20854: 9.59003e-05
20855: 9.58957e-05
20856: 9.58911e-05
20857: 9.58865e-05
20858: 9.58819e-05
20859: 9.58773e-05
20860: 9.58727e-05
20861: 9.58681e-05
20862: 9.58635e-05
20863: 9.58589e-05
20864: 9.58543e-05
20865: 9.58497e-05
20866: 9.58451e-05
20867: 9.58405e-05
20868: 9.58359e-05
20869: 9.58313e-05
20870: 9.58267e-05
20871: 9.58222e-05
20872: 9.58176e-05
20873: 9.5813e-05
20874: 9.58084e-05
20875: 9.58038e-05
20876: 9.57992e-05
20877: 9.57946e-05
20878: 9.579e-05
20879: 9.57854e-05
20880: 9.57809e-05
20881: 9.57763e-05
20882: 9.57717e-05
20883: 9.57671e-05
20884: 9.57625e-05
20885: 9.57579e-05
20886: 9.57533e-05
20887: 9.57488e-05
20888: 9.57442e-05
20889: 9.57396e-05
20890: 9.5735e-05
20891: 9.57304e-05
20892: 9.57258e-05
20893: 9.57213e-05
20894: 9.57167e-05
20895: 9.57121e-05
20896: 9.57075e-05
20897: 9.57029e-05
20898: 9.56984e-05
20899: 9.56938e-05
20900: 9.56892e-05
20901: 9.56846e-05
20902: 9.568e-05
20903: 9.56755e-05
20904: 9.56709e-05
20905: 9.56663e-05
20906: 9.56617e-05
20907: 9.56572e-05
20908: 9.56526e-05
20909: 9.5648e-05
20910: 9.56434e-05
20911: 9.56389e-05
20912: 9.56343e-05
20913: 9.56297e-05
20914: 9.56251e-05
20915: 9.56206e-05
20916: 9.5616e-05
20917: 9.56114e-05
20918: 9.56069e-05
20919: 9.56023e-05
20920: 9.55977e-05
20921: 9.55932e-05
20922: 9.55886e-05
20923: 9.5584e-05
20924: 9.55795e-05
20925: 9.55749e-05
20926: 9.55703e-05
20927: 9.55657e-05
20928: 9.55612e-05
20929: 9.55566e-05
20930: 9.55521e-05
20931: 9.55475e-05
20932: 9.55429e-05
20933: 9.55384e-05
20934: 9.55338e-05
20935: 9.55292e-05
20936: 9.55247e-05
20937: 9.55201e-05
20938: 9.55155e-05
20939: 9.5511e-05
20940: 9.55064e-05
20941: 9.55019e-05
20942: 9.54973e-05
20943: 9.54927e-05
20944: 9.54882e-05
20945: 9.54836e-05
20946: 9.54791e-05
20947: 9.54745e-05
20948: 9.547e-05
20949: 9.54654e-05
20950: 9.54608e-05
20951: 9.54563e-05
20952: 9.54517e-05
20953: 9.54472e-05
20954: 9.54426e-05
20955: 9.54381e-05
20956: 9.54335e-05
20957: 9.5429e-05
20958: 9.54244e-05
20959: 9.54198e-05
20960: 9.54153e-05
20961: 9.54107e-05
20962: 9.54062e-05
20963: 9.54016e-05
20964: 9.53971e-05
20965: 9.53925e-05
20966: 9.5388e-05
20967: 9.53834e-05
20968: 9.53789e-05
20969: 9.53743e-05
20970: 9.53698e-05
20971: 9.53652e-05
20972: 9.53607e-05
20973: 9.53562e-05
20974: 9.53516e-05
20975: 9.53471e-05
20976: 9.53425e-05
20977: 9.5338e-05
20978: 9.53334e-05
20979: 9.53289e-05
20980: 9.53243e-05
20981: 9.53198e-05
20982: 9.53153e-05
20983: 9.53107e-05
20984: 9.53062e-05
20985: 9.53016e-05
20986: 9.52971e-05
20987: 9.52925e-05
20988: 9.5288e-05
20989: 9.52835e-05
20990: 9.52789e-05
20991: 9.52744e-05
20992: 9.52699e-05
20993: 9.52653e-05
20994: 9.52608e-05
20995: 9.52562e-05
20996: 9.52517e-05
20997: 9.52472e-05
20998: 9.52426e-05
20999: 9.52381e-05
21000: 9.52336e-05
21001: 9.5229e-05
21002: 9.52245e-05
21003: 9.522e-05
21004: 9.52154e-05
21005: 9.52109e-05
21006: 9.52064e-05
21007: 9.52018e-05
21008: 9.51973e-05
21009: 9.51928e-05
21010: 9.51882e-05
21011: 9.51837e-05
21012: 9.51792e-05
21013: 9.51746e-05
21014: 9.51701e-05
21015: 9.51656e-05
21016: 9.51611e-05
21017: 9.51565e-05
21018: 9.5152e-05
21019: 9.51475e-05
21020: 9.5143e-05
21021: 9.51384e-05
21022: 9.51339e-05
21023: 9.51294e-05
21024: 9.51249e-05
21025: 9.51203e-05
21026: 9.51158e-05
21027: 9.51113e-05
21028: 9.51068e-05
21029: 9.51022e-05
21030: 9.50977e-05
21031: 9.50932e-05
21032: 9.50887e-05
21033: 9.50841e-05
21034: 9.50796e-05
21035: 9.50751e-05
21036: 9.50706e-05
21037: 9.50661e-05
21038: 9.50616e-05
21039: 9.5057e-05
21040: 9.50525e-05
21041: 9.5048e-05
21042: 9.50435e-05
21043: 9.5039e-05
21044: 9.50344e-05
21045: 9.50299e-05
21046: 9.50254e-05
21047: 9.50209e-05
21048: 9.50164e-05
21049: 9.50119e-05
21050: 9.50074e-05
21051: 9.50029e-05
21052: 9.49983e-05
21053: 9.49938e-05
21054: 9.49893e-05
21055: 9.49848e-05
21056: 9.49803e-05
21057: 9.49758e-05
21058: 9.49713e-05
21059: 9.49668e-05
21060: 9.49623e-05
21061: 9.49577e-05
21062: 9.49532e-05
21063: 9.49487e-05
21064: 9.49442e-05
21065: 9.49397e-05
21066: 9.49352e-05
21067: 9.49307e-05
21068: 9.49262e-05
21069: 9.49217e-05
21070: 9.49172e-05
21071: 9.49127e-05
21072: 9.49082e-05
21073: 9.49037e-05
21074: 9.48992e-05
21075: 9.48947e-05
21076: 9.48902e-05
21077: 9.48857e-05
21078: 9.48812e-05
21079: 9.48767e-05
21080: 9.48722e-05
21081: 9.48677e-05
21082: 9.48632e-05
21083: 9.48587e-05
21084: 9.48542e-05
21085: 9.48497e-05
21086: 9.48452e-05
21087: 9.48407e-05
21088: 9.48362e-05
21089: 9.48317e-05
21090: 9.48272e-05
21091: 9.48227e-05
21092: 9.48182e-05
21093: 9.48137e-05
21094: 9.48092e-05
21095: 9.48047e-05
21096: 9.48002e-05
21097: 9.47957e-05
21098: 9.47912e-05
21099: 9.47867e-05
21100: 9.47822e-05
21101: 9.47777e-05
21102: 9.47733e-05
21103: 9.47688e-05
21104: 9.47643e-05
21105: 9.47598e-05
21106: 9.47553e-05
21107: 9.47508e-05
21108: 9.47463e-05
21109: 9.47418e-05
21110: 9.47373e-05
21111: 9.47329e-05
21112: 9.47284e-05
21113: 9.47239e-05
21114: 9.47194e-05
21115: 9.47149e-05
21116: 9.47104e-05
21117: 9.47059e-05
21118: 9.47015e-05
21119: 9.4697e-05
21120: 9.46925e-05
21121: 9.4688e-05
21122: 9.46835e-05
21123: 9.4679e-05
21124: 9.46746e-05
21125: 9.46701e-05
21126: 9.46656e-05
21127: 9.46611e-05
21128: 9.46566e-05
21129: 9.46522e-05
21130: 9.46477e-05
21131: 9.46432e-05
21132: 9.46387e-05
21133: 9.46342e-05
21134: 9.46298e-05
21135: 9.46253e-05
21136: 9.46208e-05
21137: 9.46163e-05
21138: 9.46119e-05
21139: 9.46074e-05
21140: 9.46029e-05
21141: 9.45984e-05
21142: 9.4594e-05
21143: 9.45895e-05
21144: 9.4585e-05
21145: 9.45805e-05
21146: 9.45761e-05
21147: 9.45716e-05
21148: 9.45671e-05
21149: 9.45626e-05
21150: 9.45582e-05
21151: 9.45537e-05
21152: 9.45492e-05
21153: 9.45448e-05
21154: 9.45403e-05
21155: 9.45358e-05
21156: 9.45314e-05
21157: 9.45269e-05
21158: 9.45224e-05
21159: 9.4518e-05
21160: 9.45135e-05
21161: 9.4509e-05
21162: 9.45046e-05
21163: 9.45001e-05
21164: 9.44956e-05
21165: 9.44912e-05
21166: 9.44867e-05
21167: 9.44822e-05
21168: 9.44778e-05
21169: 9.44733e-05
21170: 9.44688e-05
21171: 9.44644e-05
21172: 9.44599e-05
21173: 9.44555e-05
21174: 9.4451e-05
21175: 9.44465e-05
21176: 9.44421e-05
21177: 9.44376e-05
21178: 9.44332e-05
21179: 9.44287e-05
21180: 9.44242e-05
21181: 9.44198e-05
21182: 9.44153e-05
21183: 9.44109e-05
21184: 9.44064e-05
21185: 9.4402e-05
21186: 9.43975e-05
21187: 9.43931e-05
21188: 9.43886e-05
21189: 9.43841e-05
21190: 9.43797e-05
21191: 9.43752e-05
21192: 9.43708e-05
21193: 9.43663e-05
21194: 9.43619e-05
21195: 9.43574e-05
21196: 9.4353e-05
21197: 9.43485e-05
21198: 9.43441e-05
21199: 9.43396e-05
21200: 9.43352e-05
21201: 9.43307e-05
21202: 9.43263e-05
21203: 9.43218e-05
21204: 9.43174e-05
21205: 9.43129e-05
21206: 9.43085e-05
21207: 9.4304e-05
21208: 9.42996e-05
21209: 9.42951e-05
21210: 9.42907e-05
21211: 9.42863e-05
21212: 9.42818e-05
21213: 9.42774e-05
21214: 9.42729e-05
21215: 9.42685e-05
21216: 9.4264e-05
21217: 9.42596e-05
21218: 9.42551e-05
21219: 9.42507e-05
21220: 9.42463e-05
21221: 9.42418e-05
21222: 9.42374e-05
21223: 9.42329e-05
21224: 9.42285e-05
21225: 9.42241e-05
21226: 9.42196e-05
21227: 9.42152e-05
21228: 9.42107e-05
21229: 9.42063e-05
21230: 9.42019e-05
21231: 9.41974e-05
21232: 9.4193e-05
21233: 9.41886e-05
21234: 9.41841e-05
21235: 9.41797e-05
21236: 9.41753e-05
21237: 9.41708e-05
21238: 9.41664e-05
21239: 9.4162e-05
21240: 9.41575e-05
21241: 9.41531e-05
21242: 9.41487e-05
21243: 9.41442e-05
21244: 9.41398e-05
21245: 9.41354e-05
21246: 9.41309e-05
21247: 9.41265e-05
21248: 9.41221e-05
21249: 9.41176e-05
21250: 9.41132e-05
21251: 9.41088e-05
21252: 9.41044e-05
21253: 9.40999e-05
21254: 9.40955e-05
21255: 9.40911e-05
21256: 9.40867e-05
21257: 9.40822e-05
21258: 9.40778e-05
21259: 9.40734e-05
21260: 9.4069e-05
21261: 9.40645e-05
21262: 9.40601e-05
21263: 9.40557e-05
21264: 9.40513e-05
21265: 9.40468e-05
21266: 9.40424e-05
21267: 9.4038e-05
21268: 9.40336e-05
21269: 9.40291e-05
21270: 9.40247e-05
21271: 9.40203e-05
21272: 9.40159e-05
21273: 9.40115e-05
21274: 9.40071e-05
21275: 9.40026e-05
21276: 9.39982e-05
21277: 9.39938e-05
21278: 9.39894e-05
21279: 9.3985e-05
21280: 9.39805e-05
21281: 9.39761e-05
21282: 9.39717e-05
21283: 9.39673e-05
21284: 9.39629e-05
21285: 9.39585e-05
21286: 9.39541e-05
21287: 9.39496e-05
21288: 9.39452e-05
21289: 9.39408e-05
21290: 9.39364e-05
21291: 9.3932e-05
21292: 9.39276e-05
21293: 9.39232e-05
21294: 9.39188e-05
21295: 9.39144e-05
21296: 9.39099e-05
21297: 9.39055e-05
21298: 9.39011e-05
21299: 9.38967e-05
21300: 9.38923e-05
21301: 9.38879e-05
21302: 9.38835e-05
21303: 9.38791e-05
21304: 9.38747e-05
21305: 9.38703e-05
21306: 9.38659e-05
21307: 9.38615e-05
21308: 9.38571e-05
21309: 9.38527e-05
21310: 9.38482e-05
21311: 9.38438e-05
21312: 9.38394e-05
21313: 9.3835e-05
21314: 9.38306e-05
21315: 9.38262e-05
21316: 9.38218e-05
21317: 9.38174e-05
21318: 9.3813e-05
21319: 9.38086e-05
21320: 9.38042e-05
21321: 9.37998e-05
21322: 9.37954e-05
21323: 9.3791e-05
21324: 9.37866e-05
21325: 9.37822e-05
21326: 9.37778e-05
21327: 9.37734e-05
21328: 9.3769e-05
21329: 9.37647e-05
21330: 9.37603e-05
21331: 9.37559e-05
21332: 9.37515e-05
21333: 9.37471e-05
21334: 9.37427e-05
21335: 9.37383e-05
21336: 9.37339e-05
21337: 9.37295e-05
21338: 9.37251e-05
21339: 9.37207e-05
21340: 9.37163e-05
21341: 9.37119e-05
21342: 9.37075e-05
21343: 9.37031e-05
21344: 9.36988e-05
21345: 9.36944e-05
21346: 9.369e-05
21347: 9.36856e-05
21348: 9.36812e-05
21349: 9.36768e-05
21350: 9.36724e-05
21351: 9.3668e-05
21352: 9.36637e-05
21353: 9.36593e-05
21354: 9.36549e-05
21355: 9.36505e-05
21356: 9.36461e-05
21357: 9.36417e-05
21358: 9.36373e-05
21359: 9.3633e-05
21360: 9.36286e-05
21361: 9.36242e-05
21362: 9.36198e-05
21363: 9.36154e-05
21364: 9.3611e-05
21365: 9.36067e-05
21366: 9.36023e-05
21367: 9.35979e-05
21368: 9.35935e-05
21369: 9.35891e-05
21370: 9.35848e-05
21371: 9.35804e-05
21372: 9.3576e-05
21373: 9.35716e-05
21374: 9.35673e-05
21375: 9.35629e-05
21376: 9.35585e-05
21377: 9.35541e-05
21378: 9.35497e-05
21379: 9.35454e-05
21380: 9.3541e-05
21381: 9.35366e-05
21382: 9.35322e-05
21383: 9.35279e-05
21384: 9.35235e-05
21385: 9.35191e-05
21386: 9.35148e-05
21387: 9.35104e-05
21388: 9.3506e-05
21389: 9.35016e-05
21390: 9.34973e-05
21391: 9.34929e-05
21392: 9.34885e-05
21393: 9.34842e-05
21394: 9.34798e-05
21395: 9.34754e-05
21396: 9.3471e-05
21397: 9.34667e-05
21398: 9.34623e-05
21399: 9.34579e-05
21400: 9.34536e-05
21401: 9.34492e-05
21402: 9.34448e-05
21403: 9.34405e-05
21404: 9.34361e-05
21405: 9.34317e-05
21406: 9.34274e-05
21407: 9.3423e-05
21408: 9.34187e-05
21409: 9.34143e-05
21410: 9.34099e-05
21411: 9.34056e-05
21412: 9.34012e-05
21413: 9.33968e-05
21414: 9.33925e-05
21415: 9.33881e-05
21416: 9.33838e-05
21417: 9.33794e-05
21418: 9.3375e-05
21419: 9.33707e-05
21420: 9.33663e-05
21421: 9.3362e-05
21422: 9.33576e-05
21423: 9.33532e-05
21424: 9.33489e-05
21425: 9.33445e-05
21426: 9.33402e-05
21427: 9.33358e-05
21428: 9.33315e-05
21429: 9.33271e-05
21430: 9.33228e-05
21431: 9.33184e-05
21432: 9.3314e-05
21433: 9.33097e-05
21434: 9.33053e-05
21435: 9.3301e-05
21436: 9.32966e-05
21437: 9.32923e-05
21438: 9.32879e-05
21439: 9.32836e-05
21440: 9.32792e-05
21441: 9.32749e-05
21442: 9.32705e-05
21443: 9.32662e-05
21444: 9.32618e-05
21445: 9.32575e-05
21446: 9.32531e-05
21447: 9.32488e-05
21448: 9.32444e-05
21449: 9.32401e-05
21450: 9.32357e-05
21451: 9.32314e-05
21452: 9.32271e-05
21453: 9.32227e-05
21454: 9.32184e-05
21455: 9.3214e-05
21456: 9.32097e-05
21457: 9.32053e-05
21458: 9.3201e-05
21459: 9.31966e-05
21460: 9.31923e-05
21461: 9.3188e-05
21462: 9.31836e-05
21463: 9.31793e-05
21464: 9.31749e-05
21465: 9.31706e-05
21466: 9.31663e-05
21467: 9.31619e-05
21468: 9.31576e-05
21469: 9.31532e-05
21470: 9.31489e-05
21471: 9.31446e-05
21472: 9.31402e-05
21473: 9.31359e-05
21474: 9.31315e-05
21475: 9.31272e-05
21476: 9.31229e-05
21477: 9.31185e-05
21478: 9.31142e-05
21479: 9.31099e-05
21480: 9.31055e-05
21481: 9.31012e-05
21482: 9.30969e-05
21483: 9.30925e-05
21484: 9.30882e-05
21485: 9.30839e-05
21486: 9.30795e-05
21487: 9.30752e-05
21488: 9.30709e-05
21489: 9.30665e-05
21490: 9.30622e-05
21491: 9.30579e-05
21492: 9.30536e-05
21493: 9.30492e-05
21494: 9.30449e-05
21495: 9.30406e-05
21496: 9.30362e-05
21497: 9.30319e-05
21498: 9.30276e-05
21499: 9.30233e-05
21500: 9.30189e-05
21501: 9.30146e-05
21502: 9.30103e-05
21503: 9.3006e-05
21504: 9.30016e-05
21505: 9.29973e-05
21506: 9.2993e-05
21507: 9.29887e-05
21508: 9.29843e-05
21509: 9.298e-05
21510: 9.29757e-05
21511: 9.29714e-05
21512: 9.2967e-05
21513: 9.29627e-05
21514: 9.29584e-05
21515: 9.29541e-05
21516: 9.29498e-05
21517: 9.29454e-05
21518: 9.29411e-05
21519: 9.29368e-05
21520: 9.29325e-05
21521: 9.29282e-05
21522: 9.29238e-05
21523: 9.29195e-05
21524: 9.29152e-05
21525: 9.29109e-05
21526: 9.29066e-05
21527: 9.29023e-05
21528: 9.2898e-05
21529: 9.28936e-05
21530: 9.28893e-05
21531: 9.2885e-05
21532: 9.28807e-05
21533: 9.28764e-05
21534: 9.28721e-05
21535: 9.28678e-05
21536: 9.28634e-05
21537: 9.28591e-05
21538: 9.28548e-05
21539: 9.28505e-05
21540: 9.28462e-05
21541: 9.28419e-05
21542: 9.28376e-05
21543: 9.28333e-05
21544: 9.2829e-05
21545: 9.28247e-05
21546: 9.28203e-05
21547: 9.2816e-05
21548: 9.28117e-05
21549: 9.28074e-05
21550: 9.28031e-05
21551: 9.27988e-05
21552: 9.27945e-05
21553: 9.27902e-05
21554: 9.27859e-05
21555: 9.27816e-05
21556: 9.27773e-05
21557: 9.2773e-05
21558: 9.27687e-05
21559: 9.27644e-05
21560: 9.27601e-05
21561: 9.27558e-05
21562: 9.27515e-05
21563: 9.27472e-05
21564: 9.27429e-05
21565: 9.27386e-05
21566: 9.27343e-05
21567: 9.273e-05
21568: 9.27257e-05
21569: 9.27214e-05
21570: 9.27171e-05
21571: 9.27128e-05
21572: 9.27085e-05
21573: 9.27042e-05
21574: 9.26999e-05
21575: 9.26956e-05
21576: 9.26913e-05
21577: 9.2687e-05
21578: 9.26827e-05
21579: 9.26784e-05
21580: 9.26741e-05
21581: 9.26698e-05
21582: 9.26655e-05
21583: 9.26612e-05
21584: 9.26569e-05
21585: 9.26526e-05
21586: 9.26484e-05
21587: 9.26441e-05
21588: 9.26398e-05
21589: 9.26355e-05
21590: 9.26312e-05
21591: 9.26269e-05
21592: 9.26226e-05
21593: 9.26183e-05
21594: 9.2614e-05
21595: 9.26097e-05
21596: 9.26055e-05
21597: 9.26012e-05
21598: 9.25969e-05
21599: 9.25926e-05
21600: 9.25883e-05
21601: 9.2584e-05
21602: 9.25797e-05
21603: 9.25754e-05
21604: 9.25712e-05
21605: 9.25669e-05
21606: 9.25626e-05
21607: 9.25583e-05
21608: 9.2554e-05
21609: 9.25497e-05
21610: 9.25455e-05
21611: 9.25412e-05
21612: 9.25369e-05
21613: 9.25326e-05
21614: 9.25283e-05
21615: 9.25241e-05
21616: 9.25198e-05
21617: 9.25155e-05
21618: 9.25112e-05
21619: 9.25069e-05
21620: 9.25027e-05
21621: 9.24984e-05
21622: 9.24941e-05
21623: 9.24898e-05
21624: 9.24855e-05
21625: 9.24813e-05
21626: 9.2477e-05
21627: 9.24727e-05
21628: 9.24684e-05
21629: 9.24642e-05
21630: 9.24599e-05
21631: 9.24556e-05
21632: 9.24513e-05
21633: 9.24471e-05
21634: 9.24428e-05
21635: 9.24385e-05
21636: 9.24343e-05
21637: 9.243e-05
21638: 9.24257e-05
21639: 9.24214e-05
21640: 9.24172e-05
21641: 9.24129e-05
21642: 9.24086e-05
21643: 9.24044e-05
21644: 9.24001e-05
21645: 9.23958e-05
21646: 9.23916e-05
21647: 9.23873e-05
21648: 9.2383e-05
21649: 9.23788e-05
21650: 9.23745e-05
21651: 9.23702e-05
21652: 9.2366e-05
21653: 9.23617e-05
21654: 9.23574e-05
21655: 9.23532e-05
21656: 9.23489e-05
21657: 9.23446e-05
21658: 9.23404e-05
21659: 9.23361e-05
21660: 9.23318e-05
21661: 9.23276e-05
21662: 9.23233e-05
21663: 9.23191e-05
21664: 9.23148e-05
21665: 9.23105e-05
21666: 9.23063e-05
21667: 9.2302e-05
21668: 9.22978e-05
21669: 9.22935e-05
21670: 9.22892e-05
21671: 9.2285e-05
21672: 9.22807e-05
21673: 9.22765e-05
21674: 9.22722e-05
21675: 9.22679e-05
21676: 9.22637e-05
21677: 9.22594e-05
21678: 9.22552e-05
21679: 9.22509e-05
21680: 9.22467e-05
21681: 9.22424e-05
21682: 9.22382e-05
21683: 9.22339e-05
21684: 9.22297e-05
21685: 9.22254e-05
21686: 9.22211e-05
21687: 9.22169e-05
21688: 9.22126e-05
21689: 9.22084e-05
21690: 9.22041e-05
21691: 9.21999e-05
21692: 9.21956e-05
21693: 9.21914e-05
21694: 9.21871e-05
21695: 9.21829e-05
21696: 9.21786e-05
21697: 9.21744e-05
21698: 9.21701e-05
21699: 9.21659e-05
21700: 9.21617e-05
21701: 9.21574e-05
21702: 9.21532e-05
21703: 9.21489e-05
21704: 9.21447e-05
21705: 9.21404e-05
21706: 9.21362e-05
21707: 9.21319e-05
21708: 9.21277e-05
21709: 9.21234e-05
21710: 9.21192e-05
21711: 9.2115e-05
21712: 9.21107e-05
21713: 9.21065e-05
21714: 9.21022e-05
21715: 9.2098e-05
21716: 9.20938e-05
21717: 9.20895e-05
21718: 9.20853e-05
21719: 9.2081e-05
21720: 9.20768e-05
21721: 9.20726e-05
21722: 9.20683e-05
21723: 9.20641e-05
21724: 9.20598e-05
21725: 9.20556e-05
21726: 9.20514e-05
21727: 9.20471e-05
21728: 9.20429e-05
21729: 9.20387e-05
21730: 9.20344e-05
21731: 9.20302e-05
21732: 9.2026e-05
21733: 9.20217e-05
21734: 9.20175e-05
21735: 9.20132e-05
21736: 9.2009e-05
21737: 9.20048e-05
21738: 9.20006e-05
21739: 9.19963e-05
21740: 9.19921e-05
21741: 9.19879e-05
21742: 9.19836e-05
21743: 9.19794e-05
21744: 9.19752e-05
21745: 9.19709e-05
21746: 9.19667e-05
21747: 9.19625e-05
21748: 9.19583e-05
21749: 9.1954e-05
21750: 9.19498e-05
21751: 9.19456e-05
21752: 9.19413e-05
21753: 9.19371e-05
21754: 9.19329e-05
21755: 9.19287e-05
21756: 9.19244e-05
21757: 9.19202e-05
21758: 9.1916e-05
21759: 9.19118e-05
21760: 9.19075e-05
21761: 9.19033e-05
21762: 9.18991e-05
21763: 9.18949e-05
21764: 9.18907e-05
21765: 9.18864e-05
21766: 9.18822e-05
21767: 9.1878e-05
21768: 9.18738e-05
21769: 9.18695e-05
21770: 9.18653e-05
21771: 9.18611e-05
21772: 9.18569e-05
21773: 9.18527e-05
21774: 9.18485e-05
21775: 9.18442e-05
21776: 9.184e-05
21777: 9.18358e-05
21778: 9.18316e-05
21779: 9.18274e-05
21780: 9.18231e-05
21781: 9.18189e-05
21782: 9.18147e-05
21783: 9.18105e-05
21784: 9.18063e-05
21785: 9.18021e-05
21786: 9.17979e-05
21787: 9.17936e-05
21788: 9.17894e-05
21789: 9.17852e-05
21790: 9.1781e-05
21791: 9.17768e-05
21792: 9.17726e-05
21793: 9.17684e-05
21794: 9.17642e-05
21795: 9.176e-05
21796: 9.17557e-05
21797: 9.17515e-05
21798: 9.17473e-05
21799: 9.17431e-05
21800: 9.17389e-05
21801: 9.17347e-05
21802: 9.17305e-05
21803: 9.17263e-05
21804: 9.17221e-05
21805: 9.17179e-05
21806: 9.17137e-05
21807: 9.17095e-05
21808: 9.17053e-05
21809: 9.17011e-05
21810: 9.16969e-05
21811: 9.16926e-05
21812: 9.16884e-05
21813: 9.16842e-05
21814: 9.168e-05
21815: 9.16758e-05
21816: 9.16716e-05
21817: 9.16674e-05
21818: 9.16632e-05
21819: 9.1659e-05
21820: 9.16548e-05
21821: 9.16506e-05
21822: 9.16464e-05
21823: 9.16422e-05
21824: 9.1638e-05
21825: 9.16338e-05
21826: 9.16296e-05
21827: 9.16254e-05
21828: 9.16212e-05
21829: 9.1617e-05
21830: 9.16128e-05
21831: 9.16086e-05
21832: 9.16045e-05
21833: 9.16003e-05
21834: 9.15961e-05
21835: 9.15919e-05
21836: 9.15877e-05
21837: 9.15835e-05
21838: 9.15793e-05
21839: 9.15751e-05
21840: 9.15709e-05
21841: 9.15667e-05
21842: 9.15625e-05
21843: 9.15583e-05
21844: 9.15541e-05
21845: 9.15499e-05
21846: 9.15457e-05
21847: 9.15416e-05
21848: 9.15374e-05
21849: 9.15332e-05
21850: 9.1529e-05
21851: 9.15248e-05
21852: 9.15206e-05
21853: 9.15164e-05
21854: 9.15122e-05
21855: 9.15081e-05
21856: 9.15039e-05
21857: 9.14997e-05
21858: 9.14955e-05
21859: 9.14913e-05
21860: 9.14871e-05
21861: 9.14829e-05
21862: 9.14788e-05
21863: 9.14746e-05
21864: 9.14704e-05
21865: 9.14662e-05
21866: 9.1462e-05
21867: 9.14578e-05
21868: 9.14537e-05
21869: 9.14495e-05
21870: 9.14453e-05
21871: 9.14411e-05
21872: 9.14369e-05
21873: 9.14328e-05
21874: 9.14286e-05
21875: 9.14244e-05
21876: 9.14202e-05
21877: 9.1416e-05
21878: 9.14119e-05
21879: 9.14077e-05
21880: 9.14035e-05
21881: 9.13993e-05
21882: 9.13951e-05
21883: 9.1391e-05
21884: 9.13868e-05
21885: 9.13826e-05
21886: 9.13784e-05
21887: 9.13743e-05
21888: 9.13701e-05
21889: 9.13659e-05
21890: 9.13617e-05
21891: 9.13576e-05
21892: 9.13534e-05
21893: 9.13492e-05
21894: 9.13451e-05
21895: 9.13409e-05
21896: 9.13367e-05
21897: 9.13325e-05
21898: 9.13284e-05
21899: 9.13242e-05
21900: 9.132e-05
21901: 9.13159e-05
21902: 9.13117e-05
21903: 9.13075e-05
21904: 9.13034e-05
21905: 9.12992e-05
21906: 9.1295e-05
21907: 9.12909e-05
21908: 9.12867e-05
21909: 9.12825e-05
21910: 9.12784e-05
21911: 9.12742e-05
21912: 9.127e-05
21913: 9.12659e-05
21914: 9.12617e-05
21915: 9.12575e-05
21916: 9.12534e-05
21917: 9.12492e-05
21918: 9.1245e-05
21919: 9.12409e-05
21920: 9.12367e-05
21921: 9.12326e-05
21922: 9.12284e-05
21923: 9.12242e-05
21924: 9.12201e-05
21925: 9.12159e-05
21926: 9.12117e-05
21927: 9.12076e-05
21928: 9.12034e-05
21929: 9.11993e-05
21930: 9.11951e-05
21931: 9.1191e-05
21932: 9.11868e-05
21933: 9.11826e-05
21934: 9.11785e-05
21935: 9.11743e-05
21936: 9.11702e-05
21937: 9.1166e-05
21938: 9.11619e-05
21939: 9.11577e-05
21940: 9.11535e-05
21941: 9.11494e-05
21942: 9.11452e-05
21943: 9.11411e-05
21944: 9.11369e-05
21945: 9.11328e-05
21946: 9.11286e-05
21947: 9.11245e-05
21948: 9.11203e-05
21949: 9.11162e-05
21950: 9.1112e-05
21951: 9.11079e-05
21952: 9.11037e-05
21953: 9.10996e-05
21954: 9.10954e-05
21955: 9.10913e-05
21956: 9.10871e-05
21957: 9.1083e-05
21958: 9.10788e-05
21959: 9.10747e-05
21960: 9.10705e-05
21961: 9.10664e-05
21962: 9.10622e-05
21963: 9.10581e-05
21964: 9.10539e-05
21965: 9.10498e-05
21966: 9.10457e-05
21967: 9.10415e-05
21968: 9.10374e-05
21969: 9.10332e-05
21970: 9.10291e-05
21971: 9.10249e-05
21972: 9.10208e-05
21973: 9.10167e-05
21974: 9.10125e-05
21975: 9.10084e-05
21976: 9.10042e-05
21977: 9.10001e-05
21978: 9.0996e-05
21979: 9.09918e-05
21980: 9.09877e-05
21981: 9.09835e-05
21982: 9.09794e-05
21983: 9.09753e-05
21984: 9.09711e-05
21985: 9.0967e-05
21986: 9.09628e-05
21987: 9.09587e-05
21988: 9.09546e-05
21989: 9.09504e-05
21990: 9.09463e-05
21991: 9.09422e-05
21992: 9.0938e-05
21993: 9.09339e-05
21994: 9.09298e-05
21995: 9.09256e-05
21996: 9.09215e-05
21997: 9.09174e-05
21998: 9.09132e-05
21999: 9.09091e-05
22000: 9.0905e-05
22001: 9.09008e-05
22002: 9.08967e-05
22003: 9.08926e-05
22004: 9.08884e-05
22005: 9.08843e-05
22006: 9.08802e-05
22007: 9.0876e-05
22008: 9.08719e-05
22009: 9.08678e-05
22010: 9.08637e-05
22011: 9.08595e-05
22012: 9.08554e-05
22013: 9.08513e-05
22014: 9.08471e-05
22015: 9.0843e-05
22016: 9.08389e-05
22017: 9.08348e-05
22018: 9.08306e-05
22019: 9.08265e-05
22020: 9.08224e-05
22021: 9.08183e-05
22022: 9.08141e-05
22023: 9.081e-05
22024: 9.08059e-05
22025: 9.08018e-05
22026: 9.07977e-05
22027: 9.07935e-05
22028: 9.07894e-05
22029: 9.07853e-05
22030: 9.07812e-05
22031: 9.07771e-05
22032: 9.07729e-05
22033: 9.07688e-05
22034: 9.07647e-05
22035: 9.07606e-05
22036: 9.07565e-05
22037: 9.07523e-05
22038: 9.07482e-05
22039: 9.07441e-05
22040: 9.074e-05
22041: 9.07359e-05
22042: 9.07318e-05
22043: 9.07276e-05
22044: 9.07235e-05
22045: 9.07194e-05
22046: 9.07153e-05
22047: 9.07112e-05
22048: 9.07071e-05
22049: 9.07029e-05
22050: 9.06988e-05
22051: 9.06947e-05
22052: 9.06906e-05
22053: 9.06865e-05
22054: 9.06824e-05
22055: 9.06783e-05
22056: 9.06742e-05
22057: 9.06701e-05
22058: 9.06659e-05
22059: 9.06618e-05
22060: 9.06577e-05
22061: 9.06536e-05
22062: 9.06495e-05
22063: 9.06454e-05
22064: 9.06413e-05
22065: 9.06372e-05
22066: 9.06331e-05
22067: 9.0629e-05
22068: 9.06249e-05
22069: 9.06208e-05
22070: 9.06166e-05
22071: 9.06125e-05
22072: 9.06084e-05
22073: 9.06043e-05
22074: 9.06002e-05
22075: 9.05961e-05
22076: 9.0592e-05
22077: 9.05879e-05
22078: 9.05838e-05
22079: 9.05797e-05
22080: 9.05756e-05
22081: 9.05715e-05
22082: 9.05674e-05
22083: 9.05633e-05
22084: 9.05592e-05
22085: 9.05551e-05
22086: 9.0551e-05
22087: 9.05469e-05
22088: 9.05428e-05
22089: 9.05387e-05
22090: 9.05346e-05
22091: 9.05305e-05
22092: 9.05264e-05
22093: 9.05223e-05
22094: 9.05182e-05
22095: 9.05141e-05
22096: 9.051e-05
22097: 9.05059e-05
22098: 9.05018e-05
22099: 9.04977e-05
22100: 9.04936e-05
22101: 9.04895e-05
22102: 9.04855e-05
22103: 9.04814e-05
22104: 9.04773e-05
22105: 9.04732e-05
22106: 9.04691e-05
22107: 9.0465e-05
22108: 9.04609e-05
22109: 9.04568e-05
22110: 9.04527e-05
22111: 9.04486e-05
22112: 9.04445e-05
22113: 9.04404e-05
22114: 9.04364e-05
22115: 9.04323e-05
22116: 9.04282e-05
22117: 9.04241e-05
22118: 9.042e-05
22119: 9.04159e-05
22120: 9.04118e-05
22121: 9.04077e-05
22122: 9.04037e-05
22123: 9.03996e-05
22124: 9.03955e-05
22125: 9.03914e-05
22126: 9.03873e-05
22127: 9.03832e-05
22128: 9.03791e-05
22129: 9.03751e-05
22130: 9.0371e-05
22131: 9.03669e-05
22132: 9.03628e-05
22133: 9.03587e-05
22134: 9.03546e-05
22135: 9.03506e-05
22136: 9.03465e-05
22137: 9.03424e-05
22138: 9.03383e-05
22139: 9.03342e-05
22140: 9.03302e-05
22141: 9.03261e-05
22142: 9.0322e-05
22143: 9.03179e-05
22144: 9.03138e-05
22145: 9.03098e-05
22146: 9.03057e-05
22147: 9.03016e-05
22148: 9.02975e-05
22149: 9.02935e-05
22150: 9.02894e-05
22151: 9.02853e-05
22152: 9.02812e-05
22153: 9.02772e-05
22154: 9.02731e-05
22155: 9.0269e-05
22156: 9.02649e-05
22157: 9.02609e-05
22158: 9.02568e-05
22159: 9.02527e-05
22160: 9.02486e-05
22161: 9.02446e-05
22162: 9.02405e-05
22163: 9.02364e-05
22164: 9.02323e-05
22165: 9.02283e-05
22166: 9.02242e-05
22167: 9.02201e-05
22168: 9.02161e-05
22169: 9.0212e-05
22170: 9.02079e-05
22171: 9.02039e-05
22172: 9.01998e-05
22173: 9.01957e-05
22174: 9.01917e-05
22175: 9.01876e-05
22176: 9.01835e-05
22177: 9.01795e-05
22178: 9.01754e-05
22179: 9.01713e-05
22180: 9.01673e-05
22181: 9.01632e-05
22182: 9.01591e-05
22183: 9.01551e-05
22184: 9.0151e-05
22185: 9.01469e-05
22186: 9.01429e-05
22187: 9.01388e-05
22188: 9.01348e-05
22189: 9.01307e-05
22190: 9.01266e-05
22191: 9.01226e-05
22192: 9.01185e-05
22193: 9.01144e-05
22194: 9.01104e-05
22195: 9.01063e-05
22196: 9.01023e-05
22197: 9.00982e-05
22198: 9.00941e-05
22199: 9.00901e-05
22200: 9.0086e-05
22201: 9.0082e-05
22202: 9.00779e-05
22203: 9.00739e-05
22204: 9.00698e-05
22205: 9.00657e-05
22206: 9.00617e-05
22207: 9.00576e-05
22208: 9.00536e-05
22209: 9.00495e-05
22210: 9.00455e-05
22211: 9.00414e-05
22212: 9.00374e-05
22213: 9.00333e-05
22214: 9.00293e-05
22215: 9.00252e-05
22216: 9.00212e-05
22217: 9.00171e-05
22218: 9.00131e-05
22219: 9.0009e-05
22220: 9.0005e-05
22221: 9.00009e-05
22222: 8.99969e-05
22223: 8.99928e-05
22224: 8.99888e-05
22225: 8.99847e-05
22226: 8.99807e-05
22227: 8.99766e-05
22228: 8.99726e-05
22229: 8.99685e-05
22230: 8.99645e-05
22231: 8.99604e-05
22232: 8.99564e-05
22233: 8.99523e-05
22234: 8.99483e-05
22235: 8.99442e-05
22236: 8.99402e-05
22237: 8.99361e-05
22238: 8.99321e-05
22239: 8.99281e-05
22240: 8.9924e-05
22241: 8.992e-05
22242: 8.99159e-05
22243: 8.99119e-05
22244: 8.99078e-05
22245: 8.99038e-05
22246: 8.98998e-05
22247: 8.98957e-05
22248: 8.98917e-05
22249: 8.98876e-05
22250: 8.98836e-05
22251: 8.98796e-05
22252: 8.98755e-05
22253: 8.98715e-05
22254: 8.98674e-05
22255: 8.98634e-05
22256: 8.98594e-05
22257: 8.98553e-05
22258: 8.98513e-05
22259: 8.98473e-05
22260: 8.98432e-05
22261: 8.98392e-05
22262: 8.98352e-05
22263: 8.98311e-05
22264: 8.98271e-05
22265: 8.9823e-05
22266: 8.9819e-05
22267: 8.9815e-05
22268: 8.98109e-05
22269: 8.98069e-05
22270: 8.98029e-05
22271: 8.97989e-05
22272: 8.97948e-05
22273: 8.97908e-05
22274: 8.97868e-05
22275: 8.97827e-05
22276: 8.97787e-05
22277: 8.97747e-05
22278: 8.97706e-05
22279: 8.97666e-05
22280: 8.97626e-05
22281: 8.97585e-05
22282: 8.97545e-05
22283: 8.97505e-05
22284: 8.97465e-05
22285: 8.97424e-05
22286: 8.97384e-05
22287: 8.97344e-05
22288: 8.97304e-05
22289: 8.97263e-05
22290: 8.97223e-05
22291: 8.97183e-05
22292: 8.97143e-05
22293: 8.97102e-05
22294: 8.97062e-05
22295: 8.97022e-05
22296: 8.96982e-05
22297: 8.96941e-05
22298: 8.96901e-05
22299: 8.96861e-05
22300: 8.96821e-05
22301: 8.96781e-05
22302: 8.9674e-05
22303: 8.967e-05
22304: 8.9666e-05
22305: 8.9662e-05
22306: 8.9658e-05
22307: 8.96539e-05
22308: 8.96499e-05
22309: 8.96459e-05
22310: 8.96419e-05
22311: 8.96379e-05
22312: 8.96338e-05
22313: 8.96298e-05
22314: 8.96258e-05
22315: 8.96218e-05
22316: 8.96178e-05
22317: 8.96138e-05
22318: 8.96097e-05
22319: 8.96057e-05
22320: 8.96017e-05
22321: 8.95977e-05
22322: 8.95937e-05
22323: 8.95897e-05
22324: 8.95857e-05
22325: 8.95817e-05
22326: 8.95776e-05
22327: 8.95736e-05
22328: 8.95696e-05
22329: 8.95656e-05
22330: 8.95616e-05
22331: 8.95576e-05
22332: 8.95536e-05
22333: 8.95496e-05
22334: 8.95456e-05
22335: 8.95415e-05
22336: 8.95375e-05
22337: 8.95335e-05
22338: 8.95295e-05
22339: 8.95255e-05
22340: 8.95215e-05
22341: 8.95175e-05
22342: 8.95135e-05
22343: 8.95095e-05
22344: 8.95055e-05
22345: 8.95015e-05
22346: 8.94975e-05
22347: 8.94935e-05
22348: 8.94895e-05
22349: 8.94855e-05
22350: 8.94815e-05
22351: 8.94775e-05
22352: 8.94734e-05
22353: 8.94694e-05
22354: 8.94654e-05
22355: 8.94614e-05
22356: 8.94574e-05
22357: 8.94534e-05
22358: 8.94494e-05
22359: 8.94454e-05
22360: 8.94414e-05
22361: 8.94374e-05
22362: 8.94334e-05
22363: 8.94294e-05
22364: 8.94254e-05
22365: 8.94214e-05
22366: 8.94174e-05
22367: 8.94134e-05
22368: 8.94095e-05
22369: 8.94055e-05
22370: 8.94015e-05
22371: 8.93975e-05
22372: 8.93935e-05
22373: 8.93895e-05
22374: 8.93855e-05
22375: 8.93815e-05
22376: 8.93775e-05
22377: 8.93735e-05
22378: 8.93695e-05
22379: 8.93655e-05
22380: 8.93615e-05
22381: 8.93575e-05
22382: 8.93535e-05
22383: 8.93495e-05
22384: 8.93455e-05
22385: 8.93416e-05
22386: 8.93376e-05
22387: 8.93336e-05
22388: 8.93296e-05
22389: 8.93256e-05
22390: 8.93216e-05
22391: 8.93176e-05
22392: 8.93136e-05
22393: 8.93096e-05
22394: 8.93056e-05
22395: 8.93017e-05
22396: 8.92977e-05
22397: 8.92937e-05
22398: 8.92897e-05
22399: 8.92857e-05
22400: 8.92817e-05
22401: 8.92777e-05
22402: 8.92738e-05
22403: 8.92698e-05
22404: 8.92658e-05
22405: 8.92618e-05
22406: 8.92578e-05
22407: 8.92538e-05
22408: 8.92499e-05
22409: 8.92459e-05
22410: 8.92419e-05
22411: 8.92379e-05
22412: 8.92339e-05
22413: 8.92299e-05
22414: 8.9226e-05
22415: 8.9222e-05
22416: 8.9218e-05
22417: 8.9214e-05
22418: 8.921e-05
22419: 8.92061e-05
22420: 8.92021e-05
22421: 8.91981e-05
22422: 8.91941e-05
22423: 8.91902e-05
22424: 8.91862e-05
22425: 8.91822e-05
22426: 8.91782e-05
22427: 8.91742e-05
22428: 8.91703e-05
22429: 8.91663e-05
22430: 8.91623e-05
22431: 8.91583e-05
22432: 8.91544e-05
22433: 8.91504e-05
22434: 8.91464e-05
22435: 8.91424e-05
22436: 8.91385e-05
22437: 8.91345e-05
22438: 8.91305e-05
22439: 8.91266e-05
22440: 8.91226e-05
22441: 8.91186e-05
22442: 8.91146e-05
22443: 8.91107e-05
22444: 8.91067e-05
22445: 8.91027e-05
22446: 8.90988e-05
22447: 8.90948e-05
22448: 8.90908e-05
22449: 8.90869e-05
22450: 8.90829e-05
22451: 8.90789e-05
22452: 8.9075e-05
22453: 8.9071e-05
22454: 8.9067e-05
22455: 8.90631e-05
22456: 8.90591e-05
22457: 8.90551e-05
22458: 8.90512e-05
22459: 8.90472e-05
22460: 8.90432e-05
22461: 8.90393e-05
22462: 8.90353e-05
22463: 8.90313e-05
22464: 8.90274e-05
22465: 8.90234e-05
22466: 8.90195e-05
22467: 8.90155e-05
22468: 8.90115e-05
22469: 8.90076e-05
22470: 8.90036e-05
22471: 8.89996e-05
22472: 8.89957e-05
22473: 8.89917e-05
22474: 8.89878e-05
22475: 8.89838e-05
22476: 8.89798e-05
22477: 8.89759e-05
22478: 8.89719e-05
22479: 8.8968e-05
22480: 8.8964e-05
22481: 8.89601e-05
22482: 8.89561e-05
22483: 8.89521e-05
22484: 8.89482e-05
22485: 8.89442e-05
22486: 8.89403e-05
22487: 8.89363e-05
22488: 8.89324e-05
22489: 8.89284e-05
22490: 8.89245e-05
22491: 8.89205e-05
22492: 8.89166e-05
22493: 8.89126e-05
22494: 8.89086e-05
22495: 8.89047e-05
22496: 8.89007e-05
22497: 8.88968e-05
22498: 8.88928e-05
22499: 8.88889e-05
22500: 8.88849e-05
22501: 8.8881e-05
22502: 8.8877e-05
22503: 8.88731e-05
22504: 8.88691e-05
22505: 8.88652e-05
22506: 8.88612e-05
22507: 8.88573e-05
22508: 8.88533e-05
22509: 8.88494e-05
22510: 8.88455e-05
22511: 8.88415e-05
22512: 8.88376e-05
22513: 8.88336e-05
22514: 8.88297e-05
22515: 8.88257e-05
22516: 8.88218e-05
22517: 8.88178e-05
22518: 8.88139e-05
22519: 8.88099e-05
22520: 8.8806e-05
22521: 8.88021e-05
22522: 8.87981e-05
22523: 8.87942e-05
22524: 8.87902e-05
22525: 8.87863e-05
22526: 8.87824e-05
22527: 8.87784e-05
22528: 8.87745e-05
22529: 8.87705e-05
22530: 8.87666e-05
22531: 8.87626e-05
22532: 8.87587e-05
22533: 8.87548e-05
22534: 8.87508e-05
22535: 8.87469e-05
22536: 8.8743e-05
22537: 8.8739e-05
22538: 8.87351e-05
22539: 8.87311e-05
22540: 8.87272e-05
22541: 8.87233e-05
22542: 8.87193e-05
22543: 8.87154e-05
22544: 8.87115e-05
22545: 8.87075e-05
22546: 8.87036e-05
22547: 8.86997e-05
22548: 8.86957e-05
22549: 8.86918e-05
22550: 8.86879e-05
22551: 8.86839e-05
22552: 8.868e-05
22553: 8.86761e-05
22554: 8.86721e-05
22555: 8.86682e-05
22556: 8.86643e-05
22557: 8.86603e-05
22558: 8.86564e-05
22559: 8.86525e-05
22560: 8.86486e-05
22561: 8.86446e-05
22562: 8.86407e-05
22563: 8.86368e-05
22564: 8.86328e-05
22565: 8.86289e-05
22566: 8.8625e-05
22567: 8.86211e-05
22568: 8.86171e-05
22569: 8.86132e-05
22570: 8.86093e-05
22571: 8.86054e-05
22572: 8.86014e-05
22573: 8.85975e-05
22574: 8.85936e-05
22575: 8.85897e-05
22576: 8.85857e-05
22577: 8.85818e-05
22578: 8.85779e-05
22579: 8.8574e-05
22580: 8.857e-05
22581: 8.85661e-05
22582: 8.85622e-05
22583: 8.85583e-05
22584: 8.85544e-05
22585: 8.85504e-05
22586: 8.85465e-05
22587: 8.85426e-05
22588: 8.85387e-05
22589: 8.85347e-05
22590: 8.85308e-05
22591: 8.85269e-05
22592: 8.8523e-05
22593: 8.85191e-05
22594: 8.85152e-05
22595: 8.85112e-05
22596: 8.85073e-05
22597: 8.85034e-05
22598: 8.84995e-05
22599: 8.84956e-05
22600: 8.84917e-05
22601: 8.84877e-05
22602: 8.84838e-05
22603: 8.84799e-05
22604: 8.8476e-05
22605: 8.84721e-05
22606: 8.84682e-05
22607: 8.84643e-05
22608: 8.84603e-05
22609: 8.84564e-05
22610: 8.84525e-05
22611: 8.84486e-05
22612: 8.84447e-05
22613: 8.84408e-05
22614: 8.84369e-05
22615: 8.8433e-05
22616: 8.84291e-05
22617: 8.84251e-05
22618: 8.84212e-05
22619: 8.84173e-05
22620: 8.84134e-05
22621: 8.84095e-05
22622: 8.84056e-05
22623: 8.84017e-05
22624: 8.83978e-05
22625: 8.83939e-05
22626: 8.839e-05
22627: 8.83861e-05
22628: 8.83822e-05
22629: 8.83783e-05
22630: 8.83744e-05
22631: 8.83704e-05
22632: 8.83665e-05
22633: 8.83626e-05
22634: 8.83587e-05
22635: 8.83548e-05
22636: 8.83509e-05
22637: 8.8347e-05
22638: 8.83431e-05
22639: 8.83392e-05
22640: 8.83353e-05
22641: 8.83314e-05
22642: 8.83275e-05
22643: 8.83236e-05
22644: 8.83197e-05
22645: 8.83158e-05
22646: 8.83119e-05
22647: 8.8308e-05
22648: 8.83041e-05
22649: 8.83002e-05
22650: 8.82963e-05
22651: 8.82924e-05
22652: 8.82885e-05
22653: 8.82846e-05
22654: 8.82807e-05
22655: 8.82768e-05
22656: 8.82729e-05
22657: 8.8269e-05
22658: 8.82651e-05
22659: 8.82613e-05
22660: 8.82574e-05
22661: 8.82535e-05
22662: 8.82496e-05
22663: 8.82457e-05
22664: 8.82418e-05
22665: 8.82379e-05
22666: 8.8234e-05
22667: 8.82301e-05
22668: 8.82262e-05
22669: 8.82223e-05
22670: 8.82184e-05
22671: 8.82145e-05
22672: 8.82106e-05
22673: 8.82068e-05
22674: 8.82029e-05
22675: 8.8199e-05
22676: 8.81951e-05
22677: 8.81912e-05
22678: 8.81873e-05
22679: 8.81834e-05
22680: 8.81795e-05
22681: 8.81756e-05
22682: 8.81718e-05
22683: 8.81679e-05
22684: 8.8164e-05
22685: 8.81601e-05
22686: 8.81562e-05
22687: 8.81523e-05
22688: 8.81484e-05
22689: 8.81446e-05
22690: 8.81407e-05
22691: 8.81368e-05
22692: 8.81329e-05
22693: 8.8129e-05
22694: 8.81251e-05
22695: 8.81213e-05
22696: 8.81174e-05
22697: 8.81135e-05
22698: 8.81096e-05
22699: 8.81057e-05
22700: 8.81018e-05
22701: 8.8098e-05
22702: 8.80941e-05
22703: 8.80902e-05
22704: 8.80863e-05
22705: 8.80824e-05
22706: 8.80786e-05
22707: 8.80747e-05
22708: 8.80708e-05
22709: 8.80669e-05
22710: 8.80631e-05
22711: 8.80592e-05
22712: 8.80553e-05
22713: 8.80514e-05
22714: 8.80475e-05
22715: 8.80437e-05
22716: 8.80398e-05
22717: 8.80359e-05
22718: 8.8032e-05
22719: 8.80282e-05
22720: 8.80243e-05
22721: 8.80204e-05
22722: 8.80165e-05
22723: 8.80127e-05
22724: 8.80088e-05
22725: 8.80049e-05
22726: 8.80011e-05
22727: 8.79972e-05
22728: 8.79933e-05
22729: 8.79894e-05
22730: 8.79856e-05
22731: 8.79817e-05
22732: 8.79778e-05
22733: 8.7974e-05
22734: 8.79701e-05
22735: 8.79662e-05
22736: 8.79624e-05
22737: 8.79585e-05
22738: 8.79546e-05
22739: 8.79507e-05
22740: 8.79469e-05
22741: 8.7943e-05
22742: 8.79391e-05
22743: 8.79353e-05
22744: 8.79314e-05
22745: 8.79275e-05
22746: 8.79237e-05
22747: 8.79198e-05
22748: 8.7916e-05
22749: 8.79121e-05
22750: 8.79082e-05
22751: 8.79044e-05
22752: 8.79005e-05
22753: 8.78966e-05
22754: 8.78928e-05
22755: 8.78889e-05
22756: 8.7885e-05
22757: 8.78812e-05
22758: 8.78773e-05
22759: 8.78735e-05
22760: 8.78696e-05
22761: 8.78657e-05
22762: 8.78619e-05
22763: 8.7858e-05
22764: 8.78542e-05
22765: 8.78503e-05
22766: 8.78464e-05
22767: 8.78426e-05
22768: 8.78387e-05
22769: 8.78349e-05
22770: 8.7831e-05
22771: 8.78272e-05
22772: 8.78233e-05
22773: 8.78194e-05
22774: 8.78156e-05
22775: 8.78117e-05
22776: 8.78079e-05
22777: 8.7804e-05
22778: 8.78002e-05
22779: 8.77963e-05
22780: 8.77925e-05
22781: 8.77886e-05
22782: 8.77848e-05
22783: 8.77809e-05
22784: 8.7777e-05
22785: 8.77732e-05
22786: 8.77693e-05
22787: 8.77655e-05
22788: 8.77616e-05
22789: 8.77578e-05
22790: 8.77539e-05
22791: 8.77501e-05
22792: 8.77462e-05
22793: 8.77424e-05
22794: 8.77385e-05
22795: 8.77347e-05
22796: 8.77308e-05
22797: 8.7727e-05
22798: 8.77231e-05
22799: 8.77193e-05
22800: 8.77155e-05
22801: 8.77116e-05
22802: 8.77078e-05
22803: 8.77039e-05
22804: 8.77001e-05
22805: 8.76962e-05
22806: 8.76924e-05
22807: 8.76885e-05
22808: 8.76847e-05
22809: 8.76808e-05
22810: 8.7677e-05
22811: 8.76732e-05
22812: 8.76693e-05
22813: 8.76655e-05
22814: 8.76616e-05
22815: 8.76578e-05
22816: 8.76539e-05
22817: 8.76501e-05
22818: 8.76463e-05
22819: 8.76424e-05
22820: 8.76386e-05
22821: 8.76347e-05
22822: 8.76309e-05
22823: 8.76271e-05
22824: 8.76232e-05
22825: 8.76194e-05
22826: 8.76155e-05
22827: 8.76117e-05
22828: 8.76079e-05
22829: 8.7604e-05
22830: 8.76002e-05
22831: 8.75964e-05
22832: 8.75925e-05
22833: 8.75887e-05
22834: 8.75848e-05
22835: 8.7581e-05
22836: 8.75772e-05
22837: 8.75733e-05
22838: 8.75695e-05
22839: 8.75657e-05
22840: 8.75618e-05
22841: 8.7558e-05
22842: 8.75542e-05
22843: 8.75503e-05
22844: 8.75465e-05
22845: 8.75427e-05
22846: 8.75388e-05
22847: 8.7535e-05
22848: 8.75312e-05
22849: 8.75274e-05
22850: 8.75235e-05
22851: 8.75197e-05
22852: 8.75159e-05
22853: 8.7512e-05
22854: 8.75082e-05
22855: 8.75044e-05
22856: 8.75005e-05
22857: 8.74967e-05
22858: 8.74929e-05
22859: 8.74891e-05
22860: 8.74852e-05
22861: 8.74814e-05
22862: 8.74776e-05
22863: 8.74738e-05
22864: 8.74699e-05
22865: 8.74661e-05
22866: 8.74623e-05
22867: 8.74585e-05
22868: 8.74546e-05
22869: 8.74508e-05
22870: 8.7447e-05
22871: 8.74432e-05
22872: 8.74393e-05
22873: 8.74355e-05
22874: 8.74317e-05
22875: 8.74279e-05
22876: 8.74241e-05
22877: 8.74202e-05
22878: 8.74164e-05
22879: 8.74126e-05
22880: 8.74088e-05
22881: 8.74049e-05
22882: 8.74011e-05
22883: 8.73973e-05
22884: 8.73935e-05
22885: 8.73897e-05
22886: 8.73859e-05
22887: 8.7382e-05
22888: 8.73782e-05
22889: 8.73744e-05
22890: 8.73706e-05
22891: 8.73668e-05
22892: 8.73629e-05
22893: 8.73591e-05
22894: 8.73553e-05
22895: 8.73515e-05
22896: 8.73477e-05
22897: 8.73439e-05
22898: 8.73401e-05
22899: 8.73362e-05
22900: 8.73324e-05
22901: 8.73286e-05
22902: 8.73248e-05
22903: 8.7321e-05
22904: 8.73172e-05
22905: 8.73134e-05
22906: 8.73096e-05
22907: 8.73057e-05
22908: 8.73019e-05
22909: 8.72981e-05
22910: 8.72943e-05
22911: 8.72905e-05
22912: 8.72867e-05
22913: 8.72829e-05
22914: 8.72791e-05
22915: 8.72753e-05
22916: 8.72715e-05
22917: 8.72676e-05
22918: 8.72638e-05
22919: 8.726e-05
22920: 8.72562e-05
22921: 8.72524e-05
22922: 8.72486e-05
22923: 8.72448e-05
22924: 8.7241e-05
22925: 8.72372e-05
22926: 8.72334e-05
22927: 8.72296e-05
22928: 8.72258e-05
22929: 8.7222e-05
22930: 8.72182e-05
22931: 8.72144e-05
22932: 8.72106e-05
22933: 8.72068e-05
22934: 8.7203e-05
22935: 8.71992e-05
22936: 8.71954e-05
22937: 8.71916e-05
22938: 8.71878e-05
22939: 8.7184e-05
22940: 8.71802e-05
22941: 8.71764e-05
22942: 8.71726e-05
22943: 8.71688e-05
22944: 8.7165e-05
22945: 8.71612e-05
22946: 8.71574e-05
22947: 8.71536e-05
22948: 8.71498e-05
22949: 8.7146e-05
22950: 8.71422e-05
22951: 8.71384e-05
22952: 8.71346e-05
22953: 8.71308e-05
22954: 8.7127e-05
22955: 8.71232e-05
22956: 8.71194e-05
22957: 8.71156e-05
22958: 8.71118e-05
22959: 8.7108e-05
22960: 8.71042e-05
22961: 8.71004e-05
22962: 8.70966e-05
22963: 8.70928e-05
22964: 8.7089e-05
22965: 8.70853e-05
22966: 8.70815e-05
22967: 8.70777e-05
22968: 8.70739e-05
22969: 8.70701e-05
22970: 8.70663e-05
22971: 8.70625e-05
22972: 8.70587e-05
22973: 8.70549e-05
22974: 8.70511e-05
22975: 8.70474e-05
22976: 8.70436e-05
22977: 8.70398e-05
22978: 8.7036e-05
22979: 8.70322e-05
22980: 8.70284e-05
22981: 8.70246e-05
22982: 8.70208e-05
22983: 8.70171e-05
22984: 8.70133e-05
22985: 8.70095e-05
22986: 8.70057e-05
22987: 8.70019e-05
22988: 8.69981e-05
22989: 8.69943e-05
22990: 8.69906e-05
22991: 8.69868e-05
22992: 8.6983e-05
22993: 8.69792e-05
22994: 8.69754e-05
22995: 8.69716e-05
22996: 8.69679e-05
22997: 8.69641e-05
22998: 8.69603e-05
22999: 8.69565e-05
23000: 8.69527e-05
23001: 8.6949e-05
23002: 8.69452e-05
23003: 8.69414e-05
23004: 8.69376e-05
23005: 8.69338e-05
23006: 8.69301e-05
23007: 8.69263e-05
23008: 8.69225e-05
23009: 8.69187e-05
23010: 8.6915e-05
23011: 8.69112e-05
23012: 8.69074e-05
23013: 8.69036e-05
23014: 8.68998e-05
23015: 8.68961e-05
23016: 8.68923e-05
23017: 8.68885e-05
23018: 8.68847e-05
23019: 8.6881e-05
23020: 8.68772e-05
23021: 8.68734e-05
23022: 8.68697e-05
23023: 8.68659e-05
23024: 8.68621e-05
23025: 8.68583e-05
23026: 8.68546e-05
23027: 8.68508e-05
23028: 8.6847e-05
23029: 8.68432e-05
23030: 8.68395e-05
23031: 8.68357e-05
23032: 8.68319e-05
23033: 8.68282e-05
23034: 8.68244e-05
23035: 8.68206e-05
23036: 8.68169e-05
23037: 8.68131e-05
23038: 8.68093e-05
23039: 8.68056e-05
23040: 8.68018e-05
23041: 8.6798e-05
23042: 8.67943e-05
23043: 8.67905e-05
23044: 8.67867e-05
23045: 8.6783e-05
23046: 8.67792e-05
23047: 8.67754e-05
23048: 8.67717e-05
23049: 8.67679e-05
23050: 8.67641e-05
23051: 8.67604e-05
23052: 8.67566e-05
23053: 8.67528e-05
23054: 8.67491e-05
23055: 8.67453e-05
23056: 8.67416e-05
23057: 8.67378e-05
23058: 8.6734e-05
23059: 8.67303e-05
23060: 8.67265e-05
23061: 8.67227e-05
23062: 8.6719e-05
23063: 8.67152e-05
23064: 8.67115e-05
23065: 8.67077e-05
23066: 8.67039e-05
23067: 8.67002e-05
23068: 8.66964e-05
23069: 8.66927e-05
23070: 8.66889e-05
23071: 8.66852e-05
23072: 8.66814e-05
23073: 8.66776e-05
23074: 8.66739e-05
23075: 8.66701e-05
23076: 8.66664e-05
23077: 8.66626e-05
23078: 8.66589e-05
23079: 8.66551e-05
23080: 8.66514e-05
23081: 8.66476e-05
23082: 8.66439e-05
23083: 8.66401e-05
23084: 8.66363e-05
23085: 8.66326e-05
23086: 8.66288e-05
23087: 8.66251e-05
23088: 8.66213e-05
23089: 8.66176e-05
23090: 8.66138e-05
23091: 8.66101e-05
23092: 8.66063e-05
23093: 8.66026e-05
23094: 8.65988e-05
23095: 8.65951e-05
23096: 8.65913e-05
23097: 8.65876e-05
23098: 8.65838e-05
23099: 8.65801e-05
23100: 8.65763e-05
23101: 8.65726e-05
23102: 8.65688e-05
23103: 8.65651e-05
23104: 8.65614e-05
23105: 8.65576e-05
23106: 8.65539e-05
23107: 8.65501e-05
23108: 8.65464e-05
23109: 8.65426e-05
23110: 8.65389e-05
23111: 8.65351e-05
23112: 8.65314e-05
23113: 8.65276e-05
23114: 8.65239e-05
23115: 8.65202e-05
23116: 8.65164e-05
23117: 8.65127e-05
23118: 8.65089e-05
23119: 8.65052e-05
23120: 8.65014e-05
23121: 8.64977e-05
23122: 8.6494e-05
23123: 8.64902e-05
23124: 8.64865e-05
23125: 8.64827e-05
23126: 8.6479e-05
23127: 8.64753e-05
23128: 8.64715e-05
23129: 8.64678e-05
23130: 8.64641e-05
23131: 8.64603e-05
23132: 8.64566e-05
23133: 8.64528e-05
23134: 8.64491e-05
23135: 8.64454e-05
23136: 8.64416e-05
23137: 8.64379e-05
23138: 8.64342e-05
23139: 8.64304e-05
23140: 8.64267e-05
23141: 8.6423e-05
23142: 8.64192e-05
23143: 8.64155e-05
23144: 8.64118e-05
23145: 8.6408e-05
23146: 8.64043e-05
23147: 8.64006e-05
23148: 8.63968e-05
23149: 8.63931e-05
23150: 8.63894e-05
23151: 8.63856e-05
23152: 8.63819e-05
23153: 8.63782e-05
23154: 8.63744e-05
23155: 8.63707e-05
23156: 8.6367e-05
23157: 8.63632e-05
23158: 8.63595e-05
23159: 8.63558e-05
23160: 8.63521e-05
23161: 8.63483e-05
23162: 8.63446e-05
23163: 8.63409e-05
23164: 8.63371e-05
23165: 8.63334e-05
23166: 8.63297e-05
23167: 8.6326e-05
23168: 8.63222e-05
23169: 8.63185e-05
23170: 8.63148e-05
23171: 8.63111e-05
23172: 8.63073e-05
23173: 8.63036e-05
23174: 8.62999e-05
23175: 8.62962e-05
23176: 8.62924e-05
23177: 8.62887e-05
23178: 8.6285e-05
23179: 8.62813e-05
23180: 8.62776e-05
23181: 8.62738e-05
23182: 8.62701e-05
23183: 8.62664e-05
23184: 8.62627e-05
23185: 8.62589e-05
23186: 8.62552e-05
23187: 8.62515e-05
23188: 8.62478e-05
23189: 8.62441e-05
23190: 8.62404e-05
23191: 8.62366e-05
23192: 8.62329e-05
23193: 8.62292e-05
23194: 8.62255e-05
23195: 8.62218e-05
23196: 8.6218e-05
23197: 8.62143e-05
23198: 8.62106e-05
23199: 8.62069e-05
23200: 8.62032e-05
23201: 8.61995e-05
23202: 8.61958e-05
23203: 8.6192e-05
23204: 8.61883e-05
23205: 8.61846e-05
23206: 8.61809e-05
23207: 8.61772e-05
23208: 8.61735e-05
23209: 8.61698e-05
23210: 8.6166e-05
23211: 8.61623e-05
23212: 8.61586e-05
23213: 8.61549e-05
23214: 8.61512e-05
23215: 8.61475e-05
23216: 8.61438e-05
23217: 8.61401e-05
23218: 8.61364e-05
23219: 8.61326e-05
23220: 8.61289e-05
23221: 8.61252e-05
23222: 8.61215e-05
23223: 8.61178e-05
23224: 8.61141e-05
23225: 8.61104e-05
23226: 8.61067e-05
23227: 8.6103e-05
23228: 8.60993e-05
23229: 8.60956e-05
23230: 8.60919e-05
23231: 8.60882e-05
23232: 8.60844e-05
23233: 8.60807e-05
23234: 8.6077e-05
23235: 8.60733e-05
23236: 8.60696e-05
23237: 8.60659e-05
23238: 8.60622e-05
23239: 8.60585e-05
23240: 8.60548e-05
23241: 8.60511e-05
23242: 8.60474e-05
23243: 8.60437e-05
23244: 8.604e-05
23245: 8.60363e-05
23246: 8.60326e-05
23247: 8.60289e-05
23248: 8.60252e-05
23249: 8.60215e-05
23250: 8.60178e-05
23251: 8.60141e-05
23252: 8.60104e-05
23253: 8.60067e-05
23254: 8.6003e-05
23255: 8.59993e-05
23256: 8.59956e-05
23257: 8.59919e-05
23258: 8.59882e-05
23259: 8.59845e-05
23260: 8.59808e-05
23261: 8.59771e-05
23262: 8.59734e-05
23263: 8.59697e-05
23264: 8.5966e-05
23265: 8.59623e-05
23266: 8.59587e-05
23267: 8.5955e-05
23268: 8.59513e-05
23269: 8.59476e-05
23270: 8.59439e-05
23271: 8.59402e-05
23272: 8.59365e-05
23273: 8.59328e-05
23274: 8.59291e-05
23275: 8.59254e-05
23276: 8.59217e-05
23277: 8.5918e-05
23278: 8.59143e-05
23279: 8.59107e-05
23280: 8.5907e-05
23281: 8.59033e-05
23282: 8.58996e-05
23283: 8.58959e-05
23284: 8.58922e-05
23285: 8.58885e-05
23286: 8.58848e-05
23287: 8.58811e-05
23288: 8.58775e-05
23289: 8.58738e-05
23290: 8.58701e-05
23291: 8.58664e-05
23292: 8.58627e-05
23293: 8.5859e-05
23294: 8.58553e-05
23295: 8.58516e-05
23296: 8.5848e-05
23297: 8.58443e-05
23298: 8.58406e-05
23299: 8.58369e-05
23300: 8.58332e-05
23301: 8.58295e-05
23302: 8.58259e-05
23303: 8.58222e-05
23304: 8.58185e-05
23305: 8.58148e-05
23306: 8.58111e-05
23307: 8.58074e-05
23308: 8.58038e-05
23309: 8.58001e-05
23310: 8.57964e-05
23311: 8.57927e-05
23312: 8.5789e-05
23313: 8.57854e-05
23314: 8.57817e-05
23315: 8.5778e-05
23316: 8.57743e-05
23317: 8.57706e-05
23318: 8.5767e-05
23319: 8.57633e-05
23320: 8.57596e-05
23321: 8.57559e-05
23322: 8.57523e-05
23323: 8.57486e-05
23324: 8.57449e-05
23325: 8.57412e-05
23326: 8.57376e-05
23327: 8.57339e-05
23328: 8.57302e-05
23329: 8.57265e-05
23330: 8.57229e-05
23331: 8.57192e-05
23332: 8.57155e-05
23333: 8.57118e-05
23334: 8.57082e-05
23335: 8.57045e-05
23336: 8.57008e-05
23337: 8.56971e-05
23338: 8.56935e-05
23339: 8.56898e-05
23340: 8.56861e-05
23341: 8.56825e-05
23342: 8.56788e-05
23343: 8.56751e-05
23344: 8.56714e-05
23345: 8.56678e-05
23346: 8.56641e-05
23347: 8.56604e-05
23348: 8.56568e-05
23349: 8.56531e-05
23350: 8.56494e-05
23351: 8.56458e-05
23352: 8.56421e-05
23353: 8.56384e-05
23354: 8.56348e-05
23355: 8.56311e-05
23356: 8.56274e-05
23357: 8.56238e-05
23358: 8.56201e-05
23359: 8.56164e-05
23360: 8.56128e-05
23361: 8.56091e-05
23362: 8.56054e-05
23363: 8.56018e-05
23364: 8.55981e-05
23365: 8.55945e-05
23366: 8.55908e-05
23367: 8.55871e-05
23368: 8.55835e-05
23369: 8.55798e-05
23370: 8.55761e-05
23371: 8.55725e-05
23372: 8.55688e-05
23373: 8.55652e-05
23374: 8.55615e-05
23375: 8.55578e-05
23376: 8.55542e-05
23377: 8.55505e-05
23378: 8.55469e-05
23379: 8.55432e-05
23380: 8.55395e-05
23381: 8.55359e-05
23382: 8.55322e-05
23383: 8.55286e-05
23384: 8.55249e-05
23385: 8.55213e-05
23386: 8.55176e-05
23387: 8.55139e-05
23388: 8.55103e-05
23389: 8.55066e-05
23390: 8.5503e-05
23391: 8.54993e-05
23392: 8.54957e-05
23393: 8.5492e-05
23394: 8.54884e-05
23395: 8.54847e-05
23396: 8.5481e-05
23397: 8.54774e-05
23398: 8.54737e-05
23399: 8.54701e-05
23400: 8.54664e-05
23401: 8.54628e-05
23402: 8.54591e-05
23403: 8.54555e-05
23404: 8.54518e-05
23405: 8.54482e-05
23406: 8.54445e-05
23407: 8.54409e-05
23408: 8.54372e-05
23409: 8.54336e-05
23410: 8.54299e-05
23411: 8.54263e-05
23412: 8.54226e-05
23413: 8.5419e-05
23414: 8.54153e-05
23415: 8.54117e-05
23416: 8.5408e-05
23417: 8.54044e-05
23418: 8.54007e-05
23419: 8.53971e-05
23420: 8.53935e-05
23421: 8.53898e-05
23422: 8.53862e-05
23423: 8.53825e-05
23424: 8.53789e-05
23425: 8.53752e-05
23426: 8.53716e-05
23427: 8.53679e-05
23428: 8.53643e-05
23429: 8.53606e-05
23430: 8.5357e-05
23431: 8.53534e-05
23432: 8.53497e-05
23433: 8.53461e-05
23434: 8.53424e-05
23435: 8.53388e-05
23436: 8.53352e-05
23437: 8.53315e-05
23438: 8.53279e-05
23439: 8.53242e-05
23440: 8.53206e-05
23441: 8.5317e-05
23442: 8.53133e-05
23443: 8.53097e-05
23444: 8.5306e-05
23445: 8.53024e-05
23446: 8.52988e-05
23447: 8.52951e-05
23448: 8.52915e-05
23449: 8.52878e-05
23450: 8.52842e-05
23451: 8.52806e-05
23452: 8.52769e-05
23453: 8.52733e-05
23454: 8.52697e-05
23455: 8.5266e-05
23456: 8.52624e-05
23457: 8.52588e-05
23458: 8.52551e-05
23459: 8.52515e-05
23460: 8.52479e-05
23461: 8.52442e-05
23462: 8.52406e-05
23463: 8.5237e-05
23464: 8.52333e-05
23465: 8.52297e-05
23466: 8.52261e-05
23467: 8.52224e-05
23468: 8.52188e-05
23469: 8.52152e-05
23470: 8.52115e-05
23471: 8.52079e-05
23472: 8.52043e-05
23473: 8.52006e-05
23474: 8.5197e-05
23475: 8.51934e-05
23476: 8.51898e-05
23477: 8.51861e-05
23478: 8.51825e-05
23479: 8.51789e-05
23480: 8.51752e-05
23481: 8.51716e-05
23482: 8.5168e-05
23483: 8.51644e-05
23484: 8.51607e-05
23485: 8.51571e-05
23486: 8.51535e-05
23487: 8.51499e-05
23488: 8.51462e-05
23489: 8.51426e-05
23490: 8.5139e-05
23491: 8.51354e-05
23492: 8.51317e-05
23493: 8.51281e-05
23494: 8.51245e-05
23495: 8.51209e-05
23496: 8.51172e-05
23497: 8.51136e-05
23498: 8.511e-05
23499: 8.51064e-05
23500: 8.51028e-05
23501: 8.50991e-05
23502: 8.50955e-05
23503: 8.50919e-05
23504: 8.50883e-05
23505: 8.50847e-05
23506: 8.5081e-05
23507: 8.50774e-05
23508: 8.50738e-05
23509: 8.50702e-05
23510: 8.50666e-05
23511: 8.50629e-05
23512: 8.50593e-05
23513: 8.50557e-05
23514: 8.50521e-05
23515: 8.50485e-05
23516: 8.50449e-05
23517: 8.50412e-05
23518: 8.50376e-05
23519: 8.5034e-05
23520: 8.50304e-05
23521: 8.50268e-05
23522: 8.50232e-05
23523: 8.50196e-05
23524: 8.50159e-05
23525: 8.50123e-05
23526: 8.50087e-05
23527: 8.50051e-05
23528: 8.50015e-05
23529: 8.49979e-05
23530: 8.49943e-05
23531: 8.49907e-05
23532: 8.4987e-05
23533: 8.49834e-05
23534: 8.49798e-05
23535: 8.49762e-05
23536: 8.49726e-05
23537: 8.4969e-05
23538: 8.49654e-05
23539: 8.49618e-05
23540: 8.49582e-05
23541: 8.49545e-05
23542: 8.49509e-05
23543: 8.49473e-05
23544: 8.49437e-05
23545: 8.49401e-05
23546: 8.49365e-05
23547: 8.49329e-05
23548: 8.49293e-05
23549: 8.49257e-05
23550: 8.49221e-05
23551: 8.49185e-05
23552: 8.49149e-05
23553: 8.49113e-05
23554: 8.49077e-05
23555: 8.49041e-05
23556: 8.49005e-05
23557: 8.48969e-05
23558: 8.48932e-05
23559: 8.48896e-05
23560: 8.4886e-05
23561: 8.48824e-05
23562: 8.48788e-05
23563: 8.48752e-05
23564: 8.48716e-05
23565: 8.4868e-05
23566: 8.48644e-05
23567: 8.48608e-05
23568: 8.48572e-05
23569: 8.48536e-05
23570: 8.485e-05
23571: 8.48464e-05
23572: 8.48428e-05
23573: 8.48392e-05
23574: 8.48356e-05
23575: 8.4832e-05
23576: 8.48284e-05
23577: 8.48248e-05
23578: 8.48212e-05
23579: 8.48176e-05
23580: 8.4814e-05
23581: 8.48104e-05
23582: 8.48069e-05
23583: 8.48033e-05
23584: 8.47997e-05
23585: 8.47961e-05
23586: 8.47925e-05
23587: 8.47889e-05
23588: 8.47853e-05
23589: 8.47817e-05
23590: 8.47781e-05
23591: 8.47745e-05
23592: 8.47709e-05
23593: 8.47673e-05
23594: 8.47637e-05
23595: 8.47601e-05
23596: 8.47565e-05
23597: 8.47529e-05
23598: 8.47494e-05
23599: 8.47458e-05
23600: 8.47422e-05
23601: 8.47386e-05
23602: 8.4735e-05
23603: 8.47314e-05
23604: 8.47278e-05
23605: 8.47242e-05
23606: 8.47206e-05
23607: 8.4717e-05
23608: 8.47135e-05
23609: 8.47099e-05
23610: 8.47063e-05
23611: 8.47027e-05
23612: 8.46991e-05
23613: 8.46955e-05
23614: 8.46919e-05
23615: 8.46883e-05
23616: 8.46848e-05
23617: 8.46812e-05
23618: 8.46776e-05
23619: 8.4674e-05
23620: 8.46704e-05
23621: 8.46668e-05
23622: 8.46633e-05
23623: 8.46597e-05
23624: 8.46561e-05
23625: 8.46525e-05
23626: 8.46489e-05
23627: 8.46453e-05
23628: 8.46418e-05
23629: 8.46382e-05
23630: 8.46346e-05
23631: 8.4631e-05
23632: 8.46274e-05
23633: 8.46238e-05
23634: 8.46203e-05
23635: 8.46167e-05
23636: 8.46131e-05
23637: 8.46095e-05
23638: 8.46059e-05
23639: 8.46024e-05
23640: 8.45988e-05
23641: 8.45952e-05
23642: 8.45916e-05
23643: 8.45881e-05
23644: 8.45845e-05
23645: 8.45809e-05
23646: 8.45773e-05
23647: 8.45737e-05
23648: 8.45702e-05
23649: 8.45666e-05
23650: 8.4563e-05
23651: 8.45594e-05
23652: 8.45559e-05
23653: 8.45523e-05
23654: 8.45487e-05
23655: 8.45451e-05
23656: 8.45416e-05
23657: 8.4538e-05
23658: 8.45344e-05
23659: 8.45309e-05
23660: 8.45273e-05
23661: 8.45237e-05
23662: 8.45201e-05
23663: 8.45166e-05
23664: 8.4513e-05
23665: 8.45094e-05
23666: 8.45059e-05
23667: 8.45023e-05
23668: 8.44987e-05
23669: 8.44951e-05
23670: 8.44916e-05
23671: 8.4488e-05
23672: 8.44844e-05
23673: 8.44809e-05
23674: 8.44773e-05
23675: 8.44737e-05
23676: 8.44702e-05
23677: 8.44666e-05
23678: 8.4463e-05
23679: 8.44595e-05
23680: 8.44559e-05
23681: 8.44523e-05
23682: 8.44488e-05
23683: 8.44452e-05
23684: 8.44416e-05
23685: 8.44381e-05
23686: 8.44345e-05
23687: 8.44309e-05
23688: 8.44274e-05
23689: 8.44238e-05
23690: 8.44202e-05
23691: 8.44167e-05
23692: 8.44131e-05
23693: 8.44096e-05
23694: 8.4406e-05
23695: 8.44024e-05
23696: 8.43989e-05
23697: 8.43953e-05
23698: 8.43917e-05
23699: 8.43882e-05
23700: 8.43846e-05
23701: 8.43811e-05
23702: 8.43775e-05
23703: 8.43739e-05
23704: 8.43704e-05
23705: 8.43668e-05
23706: 8.43633e-05
23707: 8.43597e-05
23708: 8.43562e-05
23709: 8.43526e-05
23710: 8.4349e-05
23711: 8.43455e-05
23712: 8.43419e-05
23713: 8.43384e-05
23714: 8.43348e-05
23715: 8.43313e-05
23716: 8.43277e-05
23717: 8.43241e-05
23718: 8.43206e-05
23719: 8.4317e-05
23720: 8.43135e-05
23721: 8.43099e-05
23722: 8.43064e-05
23723: 8.43028e-05
23724: 8.42993e-05
23725: 8.42957e-05
23726: 8.42922e-05
23727: 8.42886e-05
23728: 8.42851e-05
23729: 8.42815e-05
23730: 8.42779e-05
23731: 8.42744e-05
23732: 8.42708e-05
23733: 8.42673e-05
23734: 8.42637e-05
23735: 8.42602e-05
23736: 8.42566e-05
23737: 8.42531e-05
23738: 8.42495e-05
23739: 8.4246e-05
23740: 8.42424e-05
23741: 8.42389e-05
23742: 8.42354e-05
23743: 8.42318e-05
23744: 8.42283e-05
23745: 8.42247e-05
23746: 8.42212e-05
23747: 8.42176e-05
23748: 8.42141e-05
23749: 8.42105e-05
23750: 8.4207e-05
23751: 8.42034e-05
23752: 8.41999e-05
23753: 8.41963e-05
23754: 8.41928e-05
23755: 8.41893e-05
23756: 8.41857e-05
23757: 8.41822e-05
23758: 8.41786e-05
23759: 8.41751e-05
23760: 8.41715e-05
23761: 8.4168e-05
23762: 8.41645e-05
23763: 8.41609e-05
23764: 8.41574e-05
23765: 8.41538e-05
23766: 8.41503e-05
23767: 8.41468e-05
23768: 8.41432e-05
23769: 8.41397e-05
23770: 8.41361e-05
23771: 8.41326e-05
23772: 8.41291e-05
23773: 8.41255e-05
23774: 8.4122e-05
23775: 8.41184e-05
23776: 8.41149e-05
23777: 8.41114e-05
23778: 8.41078e-05
23779: 8.41043e-05
23780: 8.41008e-05
23781: 8.40972e-05
23782: 8.40937e-05
23783: 8.40901e-05
23784: 8.40866e-05
23785: 8.40831e-05
23786: 8.40795e-05
23787: 8.4076e-05
23788: 8.40725e-05
23789: 8.40689e-05
23790: 8.40654e-05
23791: 8.40619e-05
23792: 8.40583e-05
23793: 8.40548e-05
23794: 8.40513e-05
23795: 8.40477e-05
23796: 8.40442e-05
23797: 8.40407e-05
23798: 8.40371e-05
23799: 8.40336e-05
23800: 8.40301e-05
23801: 8.40266e-05
23802: 8.4023e-05
23803: 8.40195e-05
23804: 8.4016e-05
23805: 8.40124e-05
23806: 8.40089e-05
23807: 8.40054e-05
23808: 8.40018e-05
23809: 8.39983e-05
23810: 8.39948e-05
23811: 8.39913e-05
23812: 8.39877e-05
23813: 8.39842e-05
23814: 8.39807e-05
23815: 8.39772e-05
23816: 8.39736e-05
23817: 8.39701e-05
23818: 8.39666e-05
23819: 8.39631e-05
23820: 8.39595e-05
23821: 8.3956e-05
23822: 8.39525e-05
23823: 8.3949e-05
23824: 8.39454e-05
23825: 8.39419e-05
23826: 8.39384e-05
23827: 8.39349e-05
23828: 8.39313e-05
23829: 8.39278e-05
23830: 8.39243e-05
23831: 8.39208e-05
23832: 8.39173e-05
23833: 8.39137e-05
23834: 8.39102e-05
23835: 8.39067e-05
23836: 8.39032e-05
23837: 8.38997e-05
23838: 8.38961e-05
23839: 8.38926e-05
23840: 8.38891e-05
23841: 8.38856e-05
23842: 8.38821e-05
23843: 8.38785e-05
23844: 8.3875e-05
23845: 8.38715e-05
23846: 8.3868e-05
23847: 8.38645e-05
23848: 8.3861e-05
23849: 8.38574e-05
23850: 8.38539e-05
23851: 8.38504e-05
23852: 8.38469e-05
23853: 8.38434e-05
23854: 8.38399e-05
23855: 8.38364e-05
23856: 8.38328e-05
23857: 8.38293e-05
23858: 8.38258e-05
23859: 8.38223e-05
23860: 8.38188e-05
23861: 8.38153e-05
23862: 8.38118e-05
23863: 8.38082e-05
23864: 8.38047e-05
23865: 8.38012e-05
23866: 8.37977e-05
23867: 8.37942e-05
23868: 8.37907e-05
23869: 8.37872e-05
23870: 8.37837e-05
23871: 8.37802e-05
23872: 8.37767e-05
23873: 8.37731e-05
23874: 8.37696e-05
23875: 8.37661e-05
23876: 8.37626e-05
23877: 8.37591e-05
23878: 8.37556e-05
23879: 8.37521e-05
23880: 8.37486e-05
23881: 8.37451e-05
23882: 8.37416e-05
23883: 8.37381e-05
23884: 8.37346e-05
23885: 8.37311e-05
23886: 8.37276e-05
23887: 8.3724e-05
23888: 8.37205e-05
23889: 8.3717e-05
23890: 8.37135e-05
23891: 8.371e-05
23892: 8.37065e-05
23893: 8.3703e-05
23894: 8.36995e-05
23895: 8.3696e-05
23896: 8.36925e-05
23897: 8.3689e-05
23898: 8.36855e-05
23899: 8.3682e-05
23900: 8.36785e-05
23901: 8.3675e-05
23902: 8.36715e-05
23903: 8.3668e-05
23904: 8.36645e-05
23905: 8.3661e-05
23906: 8.36575e-05
23907: 8.3654e-05
23908: 8.36505e-05
23909: 8.3647e-05
23910: 8.36435e-05
23911: 8.364e-05
23912: 8.36365e-05
23913: 8.3633e-05
23914: 8.36295e-05
23915: 8.3626e-05
23916: 8.36225e-05
23917: 8.3619e-05
23918: 8.36155e-05
23919: 8.3612e-05
23920: 8.36085e-05
23921: 8.3605e-05
23922: 8.36016e-05
23923: 8.35981e-05
23924: 8.35946e-05
23925: 8.35911e-05
23926: 8.35876e-05
23927: 8.35841e-05
23928: 8.35806e-05
23929: 8.35771e-05
23930: 8.35736e-05
23931: 8.35701e-05
23932: 8.35666e-05
23933: 8.35631e-05
23934: 8.35596e-05
23935: 8.35561e-05
23936: 8.35527e-05
23937: 8.35492e-05
23938: 8.35457e-05
23939: 8.35422e-05
23940: 8.35387e-05
23941: 8.35352e-05
23942: 8.35317e-05
23943: 8.35282e-05
23944: 8.35247e-05
23945: 8.35213e-05
23946: 8.35178e-05
23947: 8.35143e-05
23948: 8.35108e-05
23949: 8.35073e-05
23950: 8.35038e-05
23951: 8.35003e-05
23952: 8.34968e-05
23953: 8.34934e-05
23954: 8.34899e-05
23955: 8.34864e-05
23956: 8.34829e-05
23957: 8.34794e-05
23958: 8.34759e-05
23959: 8.34725e-05
23960: 8.3469e-05
23961: 8.34655e-05
23962: 8.3462e-05
23963: 8.34585e-05
23964: 8.3455e-05
23965: 8.34516e-05
23966: 8.34481e-05
23967: 8.34446e-05
23968: 8.34411e-05
23969: 8.34376e-05
23970: 8.34341e-05
23971: 8.34307e-05
23972: 8.34272e-05
23973: 8.34237e-05
23974: 8.34202e-05
23975: 8.34168e-05
23976: 8.34133e-05
23977: 8.34098e-05
23978: 8.34063e-05
23979: 8.34028e-05
23980: 8.33994e-05
23981: 8.33959e-05
23982: 8.33924e-05
23983: 8.33889e-05
23984: 8.33854e-05
23985: 8.3382e-05
23986: 8.33785e-05
23987: 8.3375e-05
23988: 8.33715e-05
23989: 8.33681e-05
23990: 8.33646e-05
23991: 8.33611e-05
23992: 8.33576e-05
23993: 8.33542e-05
23994: 8.33507e-05
23995: 8.33472e-05
23996: 8.33438e-05
23997: 8.33403e-05
23998: 8.33368e-05
23999: 8.33333e-05
24000: 8.33299e-05
24001: 8.33264e-05
24002: 8.33229e-05
24003: 8.33194e-05
24004: 8.3316e-05
24005: 8.33125e-05
24006: 8.3309e-05
24007: 8.33056e-05
24008: 8.33021e-05
24009: 8.32986e-05
24010: 8.32952e-05
24011: 8.32917e-05
24012: 8.32882e-05
24013: 8.32848e-05
24014: 8.32813e-05
24015: 8.32778e-05
24016: 8.32743e-05
24017: 8.32709e-05
24018: 8.32674e-05
24019: 8.32639e-05
24020: 8.32605e-05
24021: 8.3257e-05
24022: 8.32535e-05
24023: 8.32501e-05
24024: 8.32466e-05
24025: 8.32432e-05
24026: 8.32397e-05
24027: 8.32362e-05
24028: 8.32328e-05
24029: 8.32293e-05
24030: 8.32258e-05
24031: 8.32224e-05
24032: 8.32189e-05
24033: 8.32154e-05
24034: 8.3212e-05
24035: 8.32085e-05
24036: 8.32051e-05
24037: 8.32016e-05
24038: 8.31981e-05
24039: 8.31947e-05
24040: 8.31912e-05
24041: 8.31878e-05
24042: 8.31843e-05
24043: 8.31808e-05
24044: 8.31774e-05
24045: 8.31739e-05
24046: 8.31705e-05
24047: 8.3167e-05
24048: 8.31635e-05
24049: 8.31601e-05
24050: 8.31566e-05
24051: 8.31532e-05
24052: 8.31497e-05
24053: 8.31463e-05
24054: 8.31428e-05
24055: 8.31393e-05
24056: 8.31359e-05
24057: 8.31324e-05
24058: 8.3129e-05
24059: 8.31255e-05
24060: 8.31221e-05
24061: 8.31186e-05
24062: 8.31152e-05
24063: 8.31117e-05
24064: 8.31082e-05
24065: 8.31048e-05
24066: 8.31013e-05
24067: 8.30979e-05
24068: 8.30944e-05
24069: 8.3091e-05
24070: 8.30875e-05
24071: 8.30841e-05
24072: 8.30806e-05
24073: 8.30772e-05
24074: 8.30737e-05
24075: 8.30703e-05
24076: 8.30668e-05
24077: 8.30634e-05
24078: 8.30599e-05
24079: 8.30565e-05
24080: 8.3053e-05
24081: 8.30496e-05
24082: 8.30461e-05
24083: 8.30427e-05
24084: 8.30392e-05
24085: 8.30358e-05
24086: 8.30323e-05
24087: 8.30289e-05
24088: 8.30254e-05
24089: 8.3022e-05
24090: 8.30186e-05
24091: 8.30151e-05
24092: 8.30117e-05
24093: 8.30082e-05
24094: 8.30048e-05
24095: 8.30013e-05
24096: 8.29979e-05
24097: 8.29944e-05
24098: 8.2991e-05
24099: 8.29876e-05
24100: 8.29841e-05
24101: 8.29807e-05
24102: 8.29772e-05
24103: 8.29738e-05
24104: 8.29703e-05
24105: 8.29669e-05
24106: 8.29635e-05
24107: 8.296e-05
24108: 8.29566e-05
24109: 8.29531e-05
24110: 8.29497e-05
24111: 8.29463e-05
24112: 8.29428e-05
24113: 8.29394e-05
24114: 8.29359e-05
24115: 8.29325e-05
24116: 8.29291e-05
24117: 8.29256e-05
24118: 8.29222e-05
24119: 8.29187e-05
24120: 8.29153e-05
24121: 8.29119e-05
24122: 8.29084e-05
24123: 8.2905e-05
24124: 8.29016e-05
24125: 8.28981e-05
24126: 8.28947e-05
24127: 8.28912e-05
24128: 8.28878e-05
24129: 8.28844e-05
24130: 8.28809e-05
24131: 8.28775e-05
24132: 8.28741e-05
24133: 8.28706e-05
24134: 8.28672e-05
24135: 8.28638e-05
24136: 8.28603e-05
24137: 8.28569e-05
24138: 8.28535e-05
24139: 8.285e-05
24140: 8.28466e-05
24141: 8.28432e-05
24142: 8.28397e-05
24143: 8.28363e-05
24144: 8.28329e-05
24145: 8.28295e-05
24146: 8.2826e-05
24147: 8.28226e-05
24148: 8.28192e-05
24149: 8.28157e-05
24150: 8.28123e-05
24151: 8.28089e-05
24152: 8.28054e-05
24153: 8.2802e-05
24154: 8.27986e-05
24155: 8.27952e-05
24156: 8.27917e-05
24157: 8.27883e-05
24158: 8.27849e-05
24159: 8.27815e-05
24160: 8.2778e-05
24161: 8.27746e-05
24162: 8.27712e-05
24163: 8.27678e-05
24164: 8.27643e-05
24165: 8.27609e-05
24166: 8.27575e-05
24167: 8.27541e-05
24168: 8.27506e-05
24169: 8.27472e-05
24170: 8.27438e-05
24171: 8.27404e-05
24172: 8.27369e-05
24173: 8.27335e-05
24174: 8.27301e-05
24175: 8.27267e-05
24176: 8.27232e-05
24177: 8.27198e-05
24178: 8.27164e-05
24179: 8.2713e-05
24180: 8.27096e-05
24181: 8.27061e-05
24182: 8.27027e-05
24183: 8.26993e-05
24184: 8.26959e-05
24185: 8.26925e-05
24186: 8.2689e-05
24187: 8.26856e-05
24188: 8.26822e-05
24189: 8.26788e-05
24190: 8.26754e-05
24191: 8.2672e-05
24192: 8.26685e-05
24193: 8.26651e-05
24194: 8.26617e-05
24195: 8.26583e-05
24196: 8.26549e-05
24197: 8.26515e-05
24198: 8.2648e-05
24199: 8.26446e-05
24200: 8.26412e-05
24201: 8.26378e-05
24202: 8.26344e-05
24203: 8.2631e-05
24204: 8.26276e-05
24205: 8.26241e-05
24206: 8.26207e-05
24207: 8.26173e-05
24208: 8.26139e-05
24209: 8.26105e-05
24210: 8.26071e-05
24211: 8.26037e-05
24212: 8.26003e-05
24213: 8.25968e-05
24214: 8.25934e-05
24215: 8.259e-05
24216: 8.25866e-05
24217: 8.25832e-05
24218: 8.25798e-05
24219: 8.25764e-05
24220: 8.2573e-05
24221: 8.25696e-05
24222: 8.25662e-05
24223: 8.25627e-05
24224: 8.25593e-05
24225: 8.25559e-05
24226: 8.25525e-05
24227: 8.25491e-05
24228: 8.25457e-05
24229: 8.25423e-05
24230: 8.25389e-05
24231: 8.25355e-05
24232: 8.25321e-05
24233: 8.25287e-05
24234: 8.25253e-05
24235: 8.25219e-05
24236: 8.25185e-05
24237: 8.25151e-05
24238: 8.25117e-05
24239: 8.25083e-05
24240: 8.25048e-05
24241: 8.25014e-05
24242: 8.2498e-05
24243: 8.24946e-05
24244: 8.24912e-05
24245: 8.24878e-05
24246: 8.24844e-05
24247: 8.2481e-05
24248: 8.24776e-05
24249: 8.24742e-05
24250: 8.24708e-05
24251: 8.24674e-05
24252: 8.2464e-05
24253: 8.24606e-05
24254: 8.24572e-05
24255: 8.24538e-05
24256: 8.24504e-05
24257: 8.2447e-05
24258: 8.24436e-05
24259: 8.24402e-05
24260: 8.24368e-05
24261: 8.24334e-05
24262: 8.243e-05
24263: 8.24266e-05
24264: 8.24232e-05
24265: 8.24198e-05
24266: 8.24165e-05
24267: 8.24131e-05
24268: 8.24097e-05
24269: 8.24063e-05
24270: 8.24029e-05
24271: 8.23995e-05
24272: 8.23961e-05
24273: 8.23927e-05
24274: 8.23893e-05
24275: 8.23859e-05
24276: 8.23825e-05
24277: 8.23791e-05
24278: 8.23757e-05
24279: 8.23723e-05
24280: 8.23689e-05
24281: 8.23655e-05
24282: 8.23621e-05
24283: 8.23588e-05
24284: 8.23554e-05
24285: 8.2352e-05
24286: 8.23486e-05
24287: 8.23452e-05
24288: 8.23418e-05
24289: 8.23384e-05
24290: 8.2335e-05
24291: 8.23316e-05
24292: 8.23282e-05
24293: 8.23249e-05
24294: 8.23215e-05
24295: 8.23181e-05
24296: 8.23147e-05
24297: 8.23113e-05
24298: 8.23079e-05
24299: 8.23045e-05
24300: 8.23011e-05
24301: 8.22978e-05
24302: 8.22944e-05
24303: 8.2291e-05
24304: 8.22876e-05
24305: 8.22842e-05
24306: 8.22808e-05
24307: 8.22774e-05
24308: 8.22741e-05
24309: 8.22707e-05
24310: 8.22673e-05
24311: 8.22639e-05
24312: 8.22605e-05
24313: 8.22571e-05
24314: 8.22538e-05
24315: 8.22504e-05
24316: 8.2247e-05
24317: 8.22436e-05
24318: 8.22402e-05
24319: 8.22368e-05
24320: 8.22335e-05
24321: 8.22301e-05
24322: 8.22267e-05
24323: 8.22233e-05
24324: 8.22199e-05
24325: 8.22166e-05
24326: 8.22132e-05
24327: 8.22098e-05
24328: 8.22064e-05
24329: 8.2203e-05
24330: 8.21997e-05
24331: 8.21963e-05
24332: 8.21929e-05
24333: 8.21895e-05
24334: 8.21862e-05
24335: 8.21828e-05
24336: 8.21794e-05
24337: 8.2176e-05
24338: 8.21726e-05
24339: 8.21693e-05
24340: 8.21659e-05
24341: 8.21625e-05
24342: 8.21591e-05
24343: 8.21558e-05
24344: 8.21524e-05
24345: 8.2149e-05
24346: 8.21456e-05
24347: 8.21423e-05
24348: 8.21389e-05
24349: 8.21355e-05
24350: 8.21322e-05
24351: 8.21288e-05
24352: 8.21254e-05
24353: 8.2122e-05
24354: 8.21187e-05
24355: 8.21153e-05
24356: 8.21119e-05
24357: 8.21085e-05
24358: 8.21052e-05
24359: 8.21018e-05
24360: 8.20984e-05
24361: 8.20951e-05
24362: 8.20917e-05
24363: 8.20883e-05
24364: 8.2085e-05
24365: 8.20816e-05
24366: 8.20782e-05
24367: 8.20749e-05
24368: 8.20715e-05
24369: 8.20681e-05
24370: 8.20647e-05
24371: 8.20614e-05
24372: 8.2058e-05
24373: 8.20546e-05
24374: 8.20513e-05
24375: 8.20479e-05
24376: 8.20446e-05
24377: 8.20412e-05
24378: 8.20378e-05
24379: 8.20345e-05
24380: 8.20311e-05
24381: 8.20277e-05
24382: 8.20244e-05
24383: 8.2021e-05
24384: 8.20176e-05
24385: 8.20143e-05
24386: 8.20109e-05
24387: 8.20075e-05
24388: 8.20042e-05
24389: 8.20008e-05
24390: 8.19975e-05
24391: 8.19941e-05
24392: 8.19907e-05
24393: 8.19874e-05
24394: 8.1984e-05
24395: 8.19807e-05
24396: 8.19773e-05
24397: 8.19739e-05
24398: 8.19706e-05
24399: 8.19672e-05
24400: 8.19639e-05
24401: 8.19605e-05
24402: 8.19571e-05
24403: 8.19538e-05
24404: 8.19504e-05
24405: 8.19471e-05
24406: 8.19437e-05
24407: 8.19403e-05
24408: 8.1937e-05
24409: 8.19336e-05
24410: 8.19303e-05
24411: 8.19269e-05
24412: 8.19236e-05
24413: 8.19202e-05
24414: 8.19169e-05
24415: 8.19135e-05
24416: 8.19101e-05
24417: 8.19068e-05
24418: 8.19034e-05
24419: 8.19001e-05
24420: 8.18967e-05
24421: 8.18934e-05
24422: 8.189e-05
24423: 8.18867e-05
24424: 8.18833e-05
24425: 8.188e-05
24426: 8.18766e-05
24427: 8.18733e-05
24428: 8.18699e-05
24429: 8.18666e-05
24430: 8.18632e-05
24431: 8.18599e-05
24432: 8.18565e-05
24433: 8.18532e-05
24434: 8.18498e-05
24435: 8.18465e-05
24436: 8.18431e-05
24437: 8.18398e-05
24438: 8.18364e-05
24439: 8.18331e-05
24440: 8.18297e-05
24441: 8.18264e-05
24442: 8.1823e-05
24443: 8.18197e-05
24444: 8.18163e-05
24445: 8.1813e-05
24446: 8.18096e-05
24447: 8.18063e-05
24448: 8.18029e-05
24449: 8.17996e-05
24450: 8.17962e-05
24451: 8.17929e-05
24452: 8.17896e-05
24453: 8.17862e-05
24454: 8.17829e-05
24455: 8.17795e-05
24456: 8.17762e-05
24457: 8.17728e-05
24458: 8.17695e-05
24459: 8.17661e-05
24460: 8.17628e-05
24461: 8.17595e-05
24462: 8.17561e-05
24463: 8.17528e-05
24464: 8.17494e-05
24465: 8.17461e-05
24466: 8.17428e-05
24467: 8.17394e-05
24468: 8.17361e-05
24469: 8.17327e-05
24470: 8.17294e-05
24471: 8.17261e-05
24472: 8.17227e-05
24473: 8.17194e-05
24474: 8.1716e-05
24475: 8.17127e-05
24476: 8.17094e-05
24477: 8.1706e-05
24478: 8.17027e-05
24479: 8.16993e-05
24480: 8.1696e-05
24481: 8.16927e-05
24482: 8.16893e-05
24483: 8.1686e-05
24484: 8.16827e-05
24485: 8.16793e-05
24486: 8.1676e-05
24487: 8.16727e-05
24488: 8.16693e-05
24489: 8.1666e-05
24490: 8.16627e-05
24491: 8.16593e-05
24492: 8.1656e-05
24493: 8.16526e-05
24494: 8.16493e-05
24495: 8.1646e-05
24496: 8.16427e-05
24497: 8.16393e-05
24498: 8.1636e-05
24499: 8.16327e-05
24500: 8.16293e-05
24501: 8.1626e-05
24502: 8.16227e-05
24503: 8.16193e-05
24504: 8.1616e-05
24505: 8.16127e-05
24506: 8.16093e-05
24507: 8.1606e-05
24508: 8.16027e-05
24509: 8.15993e-05
24510: 8.1596e-05
24511: 8.15927e-05
24512: 8.15894e-05
24513: 8.1586e-05
24514: 8.15827e-05
24515: 8.15794e-05
24516: 8.1576e-05
24517: 8.15727e-05
24518: 8.15694e-05
24519: 8.15661e-05
24520: 8.15627e-05
24521: 8.15594e-05
24522: 8.15561e-05
24523: 8.15528e-05
24524: 8.15494e-05
24525: 8.15461e-05
24526: 8.15428e-05
24527: 8.15395e-05
24528: 8.15361e-05
24529: 8.15328e-05
24530: 8.15295e-05
24531: 8.15262e-05
24532: 8.15228e-05
24533: 8.15195e-05
24534: 8.15162e-05
24535: 8.15129e-05
24536: 8.15096e-05
24537: 8.15062e-05
24538: 8.15029e-05
24539: 8.14996e-05
24540: 8.14963e-05
24541: 8.1493e-05
24542: 8.14896e-05
24543: 8.14863e-05
24544: 8.1483e-05
24545: 8.14797e-05
24546: 8.14764e-05
24547: 8.1473e-05
24548: 8.14697e-05
24549: 8.14664e-05
24550: 8.14631e-05
24551: 8.14598e-05
24552: 8.14564e-05
24553: 8.14531e-05
24554: 8.14498e-05
24555: 8.14465e-05
24556: 8.14432e-05
24557: 8.14399e-05
24558: 8.14365e-05
24559: 8.14332e-05
24560: 8.14299e-05
24561: 8.14266e-05
24562: 8.14233e-05
24563: 8.142e-05
24564: 8.14166e-05
24565: 8.14133e-05
24566: 8.141e-05
24567: 8.14067e-05
24568: 8.14034e-05
24569: 8.14001e-05
24570: 8.13968e-05
24571: 8.13935e-05
24572: 8.13901e-05
24573: 8.13868e-05
24574: 8.13835e-05
24575: 8.13802e-05
24576: 8.13769e-05
24577: 8.13736e-05
24578: 8.13703e-05
24579: 8.1367e-05
24580: 8.13637e-05
24581: 8.13603e-05
24582: 8.1357e-05
24583: 8.13537e-05
24584: 8.13504e-05
24585: 8.13471e-05
24586: 8.13438e-05
24587: 8.13405e-05
24588: 8.13372e-05
24589: 8.13339e-05
24590: 8.13306e-05
24591: 8.13273e-05
24592: 8.1324e-05
24593: 8.13206e-05
24594: 8.13173e-05
24595: 8.1314e-05
24596: 8.13107e-05
24597: 8.13074e-05
24598: 8.13041e-05
24599: 8.13008e-05
24600: 8.12975e-05
24601: 8.12942e-05
24602: 8.12909e-05
24603: 8.12876e-05
24604: 8.12843e-05
24605: 8.1281e-05
24606: 8.12777e-05
24607: 8.12744e-05
24608: 8.12711e-05
24609: 8.12678e-05
24610: 8.12645e-05
24611: 8.12612e-05
24612: 8.12579e-05
24613: 8.12546e-05
24614: 8.12513e-05
24615: 8.1248e-05
24616: 8.12447e-05
24617: 8.12414e-05
24618: 8.12381e-05
24619: 8.12348e-05
24620: 8.12315e-05
24621: 8.12282e-05
24622: 8.12249e-05
24623: 8.12216e-05
24624: 8.12183e-05
24625: 8.1215e-05
24626: 8.12117e-05
24627: 8.12084e-05
24628: 8.12051e-05
24629: 8.12018e-05
24630: 8.11985e-05
24631: 8.11952e-05
24632: 8.11919e-05
24633: 8.11886e-05
24634: 8.11853e-05
24635: 8.1182e-05
24636: 8.11787e-05
24637: 8.11754e-05
24638: 8.11721e-05
24639: 8.11688e-05
24640: 8.11655e-05
24641: 8.11622e-05
24642: 8.11589e-05
24643: 8.11557e-05
24644: 8.11524e-05
24645: 8.11491e-05
24646: 8.11458e-05
24647: 8.11425e-05
24648: 8.11392e-05
24649: 8.11359e-05
24650: 8.11326e-05
24651: 8.11293e-05
24652: 8.1126e-05
24653: 8.11227e-05
24654: 8.11194e-05
24655: 8.11162e-05
24656: 8.11129e-05
24657: 8.11096e-05
24658: 8.11063e-05
24659: 8.1103e-05
24660: 8.10997e-05
24661: 8.10964e-05
24662: 8.10931e-05
24663: 8.10898e-05
24664: 8.10866e-05
24665: 8.10833e-05
24666: 8.108e-05
24667: 8.10767e-05
24668: 8.10734e-05
24669: 8.10701e-05
24670: 8.10668e-05
24671: 8.10636e-05
24672: 8.10603e-05
24673: 8.1057e-05
24674: 8.10537e-05
24675: 8.10504e-05
24676: 8.10471e-05
24677: 8.10438e-05
24678: 8.10406e-05
24679: 8.10373e-05
24680: 8.1034e-05
24681: 8.10307e-05
24682: 8.10274e-05
24683: 8.10241e-05
24684: 8.10209e-05
24685: 8.10176e-05
24686: 8.10143e-05
24687: 8.1011e-05
24688: 8.10077e-05
24689: 8.10045e-05
24690: 8.10012e-05
24691: 8.09979e-05
24692: 8.09946e-05
24693: 8.09913e-05
24694: 8.09881e-05
24695: 8.09848e-05
24696: 8.09815e-05
24697: 8.09782e-05
24698: 8.09749e-05
24699: 8.09717e-05
24700: 8.09684e-05
24701: 8.09651e-05
24702: 8.09618e-05
24703: 8.09585e-05
24704: 8.09553e-05
24705: 8.0952e-05
24706: 8.09487e-05
24707: 8.09454e-05
24708: 8.09422e-05
24709: 8.09389e-05
24710: 8.09356e-05
24711: 8.09323e-05
24712: 8.09291e-05
24713: 8.09258e-05
24714: 8.09225e-05
24715: 8.09192e-05
24716: 8.0916e-05
24717: 8.09127e-05
24718: 8.09094e-05
24719: 8.09061e-05
24720: 8.09029e-05
24721: 8.08996e-05
24722: 8.08963e-05
24723: 8.08931e-05
24724: 8.08898e-05
24725: 8.08865e-05
24726: 8.08832e-05
24727: 8.088e-05
24728: 8.08767e-05
24729: 8.08734e-05
24730: 8.08702e-05
24731: 8.08669e-05
24732: 8.08636e-05
24733: 8.08604e-05
24734: 8.08571e-05
24735: 8.08538e-05
24736: 8.08505e-05
24737: 8.08473e-05
24738: 8.0844e-05
24739: 8.08407e-05
24740: 8.08375e-05
24741: 8.08342e-05
24742: 8.08309e-05
24743: 8.08277e-05
24744: 8.08244e-05
24745: 8.08211e-05
24746: 8.08179e-05
24747: 8.08146e-05
24748: 8.08113e-05
24749: 8.08081e-05
24750: 8.08048e-05
24751: 8.08016e-05
24752: 8.07983e-05
24753: 8.0795e-05
24754: 8.07918e-05
24755: 8.07885e-05
24756: 8.07852e-05
24757: 8.0782e-05
24758: 8.07787e-05
24759: 8.07754e-05
24760: 8.07722e-05
24761: 8.07689e-05
24762: 8.07657e-05
24763: 8.07624e-05
24764: 8.07591e-05
24765: 8.07559e-05
24766: 8.07526e-05
24767: 8.07494e-05
24768: 8.07461e-05
24769: 8.07428e-05
24770: 8.07396e-05
24771: 8.07363e-05
24772: 8.07331e-05
24773: 8.07298e-05
24774: 8.07265e-05
24775: 8.07233e-05
24776: 8.072e-05
24777: 8.07168e-05
24778: 8.07135e-05
24779: 8.07103e-05
24780: 8.0707e-05
24781: 8.07037e-05
24782: 8.07005e-05
24783: 8.06972e-05
24784: 8.0694e-05
24785: 8.06907e-05
24786: 8.06875e-05
24787: 8.06842e-05
24788: 8.06809e-05
24789: 8.06777e-05
24790: 8.06744e-05
24791: 8.06712e-05
24792: 8.06679e-05
24793: 8.06647e-05
24794: 8.06614e-05
24795: 8.06582e-05
24796: 8.06549e-05
24797: 8.06517e-05
24798: 8.06484e-05
24799: 8.06452e-05
24800: 8.06419e-05
24801: 8.06387e-05
24802: 8.06354e-05
24803: 8.06322e-05
24804: 8.06289e-05
24805: 8.06257e-05
24806: 8.06224e-05
24807: 8.06192e-05
24808: 8.06159e-05
24809: 8.06127e-05
24810: 8.06094e-05
24811: 8.06062e-05
24812: 8.06029e-05
24813: 8.05997e-05
24814: 8.05964e-05
24815: 8.05932e-05
24816: 8.05899e-05
24817: 8.05867e-05
24818: 8.05834e-05
24819: 8.05802e-05
24820: 8.05769e-05
24821: 8.05737e-05
24822: 8.05704e-05
24823: 8.05672e-05
24824: 8.05639e-05
24825: 8.05607e-05
24826: 8.05575e-05
24827: 8.05542e-05
24828: 8.0551e-05
24829: 8.05477e-05
24830: 8.05445e-05
24831: 8.05412e-05
24832: 8.0538e-05
24833: 8.05348e-05
24834: 8.05315e-05
24835: 8.05283e-05
24836: 8.0525e-05
24837: 8.05218e-05
24838: 8.05185e-05
24839: 8.05153e-05
24840: 8.05121e-05
24841: 8.05088e-05
24842: 8.05056e-05
24843: 8.05023e-05
24844: 8.04991e-05
24845: 8.04959e-05
24846: 8.04926e-05
24847: 8.04894e-05
24848: 8.04861e-05
24849: 8.04829e-05
24850: 8.04797e-05
24851: 8.04764e-05
24852: 8.04732e-05
24853: 8.04699e-05
24854: 8.04667e-05
24855: 8.04635e-05
24856: 8.04602e-05
24857: 8.0457e-05
24858: 8.04538e-05
24859: 8.04505e-05
24860: 8.04473e-05
24861: 8.04441e-05
24862: 8.04408e-05
24863: 8.04376e-05
24864: 8.04343e-05
24865: 8.04311e-05
24866: 8.04279e-05
24867: 8.04246e-05
24868: 8.04214e-05
24869: 8.04182e-05
24870: 8.04149e-05
24871: 8.04117e-05
24872: 8.04085e-05
24873: 8.04052e-05
24874: 8.0402e-05
24875: 8.03988e-05
24876: 8.03955e-05
24877: 8.03923e-05
24878: 8.03891e-05
24879: 8.03859e-05
24880: 8.03826e-05
24881: 8.03794e-05
24882: 8.03762e-05
24883: 8.03729e-05
24884: 8.03697e-05
24885: 8.03665e-05
24886: 8.03632e-05
24887: 8.036e-05
24888: 8.03568e-05
24889: 8.03536e-05
24890: 8.03503e-05
24891: 8.03471e-05
24892: 8.03439e-05
24893: 8.03406e-05
24894: 8.03374e-05
24895: 8.03342e-05
24896: 8.0331e-05
24897: 8.03277e-05
24898: 8.03245e-05
24899: 8.03213e-05
24900: 8.03181e-05
24901: 8.03148e-05
24902: 8.03116e-05
24903: 8.03084e-05
24904: 8.03052e-05
24905: 8.03019e-05
24906: 8.02987e-05
24907: 8.02955e-05
24908: 8.02923e-05
24909: 8.0289e-05
24910: 8.02858e-05
24911: 8.02826e-05
24912: 8.02794e-05
24913: 8.02761e-05
24914: 8.02729e-05
24915: 8.02697e-05
24916: 8.02665e-05
24917: 8.02633e-05
24918: 8.026e-05
24919: 8.02568e-05
24920: 8.02536e-05
24921: 8.02504e-05
24922: 8.02472e-05
24923: 8.02439e-05
24924: 8.02407e-05
24925: 8.02375e-05
24926: 8.02343e-05
24927: 8.02311e-05
24928: 8.02278e-05
24929: 8.02246e-05
24930: 8.02214e-05
24931: 8.02182e-05
24932: 8.0215e-05
24933: 8.02118e-05
24934: 8.02085e-05
24935: 8.02053e-05
24936: 8.02021e-05
24937: 8.01989e-05
24938: 8.01957e-05
24939: 8.01925e-05
24940: 8.01892e-05
24941: 8.0186e-05
24942: 8.01828e-05
24943: 8.01796e-05
24944: 8.01764e-05
24945: 8.01732e-05
24946: 8.017e-05
24947: 8.01667e-05
24948: 8.01635e-05
24949: 8.01603e-05
24950: 8.01571e-05
24951: 8.01539e-05
24952: 8.01507e-05
24953: 8.01475e-05
24954: 8.01443e-05
24955: 8.0141e-05
24956: 8.01378e-05
24957: 8.01346e-05
24958: 8.01314e-05
24959: 8.01282e-05
24960: 8.0125e-05
24961: 8.01218e-05
24962: 8.01186e-05
24963: 8.01154e-05
24964: 8.01122e-05
24965: 8.01089e-05
24966: 8.01057e-05
24967: 8.01025e-05
24968: 8.00993e-05
24969: 8.00961e-05
24970: 8.00929e-05
24971: 8.00897e-05
24972: 8.00865e-05
24973: 8.00833e-05
24974: 8.00801e-05
24975: 8.00769e-05
24976: 8.00737e-05
24977: 8.00705e-05
24978: 8.00673e-05
24979: 8.00641e-05
24980: 8.00608e-05
24981: 8.00576e-05
24982: 8.00544e-05
24983: 8.00512e-05
24984: 8.0048e-05
24985: 8.00448e-05
24986: 8.00416e-05
24987: 8.00384e-05
24988: 8.00352e-05
24989: 8.0032e-05
24990: 8.00288e-05
24991: 8.00256e-05
24992: 8.00224e-05
24993: 8.00192e-05
24994: 8.0016e-05
24995: 8.00128e-05
24996: 8.00096e-05
24997: 8.00064e-05
24998: 8.00032e-05
24999: 8e-05
25000: 7.99968e-05
25001: 7.99936e-05
25002: 7.99904e-05
25003: 7.99872e-05
25004: 7.9984e-05
25005: 7.99808e-05
25006: 7.99776e-05
25007: 7.99744e-05
25008: 7.99712e-05
25009: 7.9968e-05
25010: 7.99648e-05
25011: 7.99616e-05
25012: 7.99584e-05
25013: 7.99552e-05
25014: 7.9952e-05
25015: 7.99488e-05
25016: 7.99456e-05
25017: 7.99424e-05
25018: 7.99392e-05
25019: 7.99361e-05
25020: 7.99329e-05
25021: 7.99297e-05
25022: 7.99265e-05
25023: 7.99233e-05
25024: 7.99201e-05
25025: 7.99169e-05
25026: 7.99137e-05
25027: 7.99105e-05
25028: 7.99073e-05
25029: 7.99041e-05
25030: 7.99009e-05
25031: 7.98977e-05
25032: 7.98945e-05
25033: 7.98913e-05
25034: 7.98882e-05
25035: 7.9885e-05
25036: 7.98818e-05
25037: 7.98786e-05
25038: 7.98754e-05
25039: 7.98722e-05
25040: 7.9869e-05
25041: 7.98658e-05
25042: 7.98626e-05
25043: 7.98594e-05
25044: 7.98563e-05
25045: 7.98531e-05
25046: 7.98499e-05
25047: 7.98467e-05
25048: 7.98435e-05
25049: 7.98403e-05
25050: 7.98371e-05
25051: 7.98339e-05
25052: 7.98308e-05
25053: 7.98276e-05
25054: 7.98244e-05
25055: 7.98212e-05
25056: 7.9818e-05
25057: 7.98148e-05
25058: 7.98116e-05
25059: 7.98085e-05
25060: 7.98053e-05
25061: 7.98021e-05
25062: 7.97989e-05
25063: 7.97957e-05
25064: 7.97925e-05
25065: 7.97894e-05
25066: 7.97862e-05
25067: 7.9783e-05
25068: 7.97798e-05
25069: 7.97766e-05
25070: 7.97734e-05
25071: 7.97703e-05
25072: 7.97671e-05
25073: 7.97639e-05
25074: 7.97607e-05
25075: 7.97575e-05
25076: 7.97544e-05
25077: 7.97512e-05
25078: 7.9748e-05
25079: 7.97448e-05
25080: 7.97416e-05
25081: 7.97385e-05
25082: 7.97353e-05
25083: 7.97321e-05
25084: 7.97289e-05
25085: 7.97257e-05
25086: 7.97226e-05
25087: 7.97194e-05
25088: 7.97162e-05
25089: 7.9713e-05
25090: 7.97099e-05
25091: 7.97067e-05
25092: 7.97035e-05
25093: 7.97003e-05
25094: 7.96972e-05
25095: 7.9694e-05
25096: 7.96908e-05
25097: 7.96876e-05
25098: 7.96844e-05
25099: 7.96813e-05
25100: 7.96781e-05
25101: 7.96749e-05
25102: 7.96718e-05
25103: 7.96686e-05
25104: 7.96654e-05
25105: 7.96622e-05
25106: 7.96591e-05
25107: 7.96559e-05
25108: 7.96527e-05
25109: 7.96495e-05
25110: 7.96464e-05
25111: 7.96432e-05
25112: 7.964e-05
25113: 7.96369e-05
25114: 7.96337e-05
25115: 7.96305e-05
25116: 7.96273e-05
25117: 7.96242e-05
25118: 7.9621e-05
25119: 7.96178e-05
25120: 7.96147e-05
25121: 7.96115e-05
25122: 7.96083e-05
25123: 7.96052e-05
25124: 7.9602e-05
25125: 7.95988e-05
25126: 7.95957e-05
25127: 7.95925e-05
25128: 7.95893e-05
25129: 7.95862e-05
25130: 7.9583e-05
25131: 7.95798e-05
25132: 7.95767e-05
25133: 7.95735e-05
25134: 7.95703e-05
25135: 7.95672e-05
25136: 7.9564e-05
25137: 7.95608e-05
25138: 7.95577e-05
25139: 7.95545e-05
25140: 7.95513e-05
25141: 7.95482e-05
25142: 7.9545e-05
25143: 7.95418e-05
25144: 7.95387e-05
25145: 7.95355e-05
25146: 7.95323e-05
25147: 7.95292e-05
25148: 7.9526e-05
25149: 7.95229e-05
25150: 7.95197e-05
25151: 7.95165e-05
25152: 7.95134e-05
25153: 7.95102e-05
25154: 7.95071e-05
25155: 7.95039e-05
25156: 7.95007e-05
25157: 7.94976e-05
25158: 7.94944e-05
25159: 7.94913e-05
25160: 7.94881e-05
25161: 7.94849e-05
25162: 7.94818e-05
25163: 7.94786e-05
25164: 7.94755e-05
25165: 7.94723e-05
25166: 7.94691e-05
25167: 7.9466e-05
25168: 7.94628e-05
25169: 7.94597e-05
25170: 7.94565e-05
25171: 7.94534e-05
25172: 7.94502e-05
25173: 7.9447e-05
25174: 7.94439e-05
25175: 7.94407e-05
25176: 7.94376e-05
25177: 7.94344e-05
25178: 7.94313e-05
25179: 7.94281e-05
25180: 7.9425e-05
25181: 7.94218e-05
25182: 7.94187e-05
25183: 7.94155e-05
25184: 7.94123e-05
25185: 7.94092e-05
25186: 7.9406e-05
25187: 7.94029e-05
25188: 7.93997e-05
25189: 7.93966e-05
25190: 7.93934e-05
25191: 7.93903e-05
25192: 7.93871e-05
25193: 7.9384e-05
25194: 7.93808e-05
25195: 7.93777e-05
25196: 7.93745e-05
25197: 7.93714e-05
25198: 7.93682e-05
25199: 7.93651e-05
25200: 7.93619e-05
25201: 7.93588e-05
25202: 7.93556e-05
25203: 7.93525e-05
25204: 7.93493e-05
25205: 7.93462e-05
25206: 7.9343e-05
25207: 7.93399e-05
25208: 7.93367e-05
25209: 7.93336e-05
25210: 7.93305e-05
25211: 7.93273e-05
25212: 7.93242e-05
25213: 7.9321e-05
25214: 7.93179e-05
25215: 7.93147e-05
25216: 7.93116e-05
25217: 7.93084e-05
25218: 7.93053e-05
25219: 7.93021e-05
25220: 7.9299e-05
25221: 7.92959e-05
25222: 7.92927e-05
25223: 7.92896e-05
25224: 7.92864e-05
25225: 7.92833e-05
25226: 7.92801e-05
25227: 7.9277e-05
25228: 7.92739e-05
25229: 7.92707e-05
25230: 7.92676e-05
25231: 7.92644e-05
25232: 7.92613e-05
25233: 7.92581e-05
25234: 7.9255e-05
25235: 7.92519e-05
25236: 7.92487e-05
25237: 7.92456e-05
25238: 7.92424e-05
25239: 7.92393e-05
25240: 7.92362e-05
25241: 7.9233e-05
25242: 7.92299e-05
25243: 7.92267e-05
25244: 7.92236e-05
25245: 7.92205e-05
25246: 7.92173e-05
25247: 7.92142e-05
25248: 7.92111e-05
25249: 7.92079e-05
25250: 7.92048e-05
25251: 7.92016e-05
25252: 7.91985e-05
25253: 7.91954e-05
25254: 7.91922e-05
25255: 7.91891e-05
25256: 7.9186e-05
25257: 7.91828e-05
25258: 7.91797e-05
25259: 7.91766e-05
25260: 7.91734e-05
25261: 7.91703e-05
25262: 7.91672e-05
25263: 7.9164e-05
25264: 7.91609e-05
25265: 7.91578e-05
25266: 7.91546e-05
25267: 7.91515e-05
25268: 7.91484e-05
25269: 7.91452e-05
25270: 7.91421e-05
25271: 7.9139e-05
25272: 7.91358e-05
25273: 7.91327e-05
25274: 7.91296e-05
25275: 7.91264e-05
25276: 7.91233e-05
25277: 7.91202e-05
25278: 7.91171e-05
25279: 7.91139e-05
25280: 7.91108e-05
25281: 7.91077e-05
25282: 7.91045e-05
25283: 7.91014e-05
25284: 7.90983e-05
25285: 7.90952e-05
25286: 7.9092e-05
25287: 7.90889e-05
25288: 7.90858e-05
25289: 7.90826e-05
25290: 7.90795e-05
25291: 7.90764e-05
25292: 7.90733e-05
25293: 7.90701e-05
25294: 7.9067e-05
25295: 7.90639e-05
25296: 7.90608e-05
25297: 7.90576e-05
25298: 7.90545e-05
25299: 7.90514e-05
25300: 7.90483e-05
25301: 7.90451e-05
25302: 7.9042e-05
25303: 7.90389e-05
25304: 7.90358e-05
25305: 7.90326e-05
25306: 7.90295e-05
25307: 7.90264e-05
25308: 7.90233e-05
25309: 7.90202e-05
25310: 7.9017e-05
25311: 7.90139e-05
25312: 7.90108e-05
25313: 7.90077e-05
25314: 7.90045e-05
25315: 7.90014e-05
25316: 7.89983e-05
25317: 7.89952e-05
25318: 7.89921e-05
25319: 7.89889e-05
25320: 7.89858e-05
25321: 7.89827e-05
25322: 7.89796e-05
25323: 7.89765e-05
25324: 7.89733e-05
25325: 7.89702e-05
25326: 7.89671e-05
25327: 7.8964e-05
25328: 7.89609e-05
25329: 7.89578e-05
25330: 7.89546e-05
25331: 7.89515e-05
25332: 7.89484e-05
25333: 7.89453e-05
25334: 7.89422e-05
25335: 7.89391e-05
25336: 7.89359e-05
25337: 7.89328e-05
25338: 7.89297e-05
25339: 7.89266e-05
25340: 7.89235e-05
25341: 7.89204e-05
25342: 7.89173e-05
25343: 7.89141e-05
25344: 7.8911e-05
25345: 7.89079e-05
25346: 7.89048e-05
25347: 7.89017e-05
25348: 7.88986e-05
25349: 7.88955e-05
25350: 7.88924e-05
25351: 7.88892e-05
25352: 7.88861e-05
25353: 7.8883e-05
25354: 7.88799e-05
25355: 7.88768e-05
25356: 7.88737e-05
25357: 7.88706e-05
25358: 7.88675e-05
25359: 7.88644e-05
25360: 7.88612e-05
25361: 7.88581e-05
25362: 7.8855e-05
25363: 7.88519e-05
25364: 7.88488e-05
25365: 7.88457e-05
25366: 7.88426e-05
25367: 7.88395e-05
25368: 7.88364e-05
25369: 7.88333e-05
25370: 7.88302e-05
25371: 7.88271e-05
25372: 7.88239e-05
25373: 7.88208e-05
25374: 7.88177e-05
25375: 7.88146e-05
25376: 7.88115e-05
25377: 7.88084e-05
25378: 7.88053e-05
25379: 7.88022e-05
25380: 7.87991e-05
25381: 7.8796e-05
25382: 7.87929e-05
25383: 7.87898e-05
25384: 7.87867e-05
25385: 7.87836e-05
25386: 7.87805e-05
25387: 7.87774e-05
25388: 7.87743e-05
25389: 7.87712e-05
25390: 7.87681e-05
25391: 7.8765e-05
25392: 7.87619e-05
25393: 7.87588e-05
25394: 7.87557e-05
25395: 7.87526e-05
25396: 7.87495e-05
25397: 7.87464e-05
25398: 7.87433e-05
25399: 7.87402e-05
25400: 7.87371e-05
25401: 7.8734e-05
25402: 7.87309e-05
25403: 7.87278e-05
25404: 7.87247e-05
25405: 7.87216e-05
25406: 7.87185e-05
25407: 7.87154e-05
25408: 7.87123e-05
25409: 7.87092e-05
25410: 7.87061e-05
25411: 7.8703e-05
25412: 7.86999e-05
25413: 7.86968e-05
25414: 7.86937e-05
25415: 7.86906e-05
25416: 7.86875e-05
25417: 7.86844e-05
25418: 7.86813e-05
25419: 7.86782e-05
25420: 7.86751e-05
25421: 7.8672e-05
25422: 7.86689e-05
25423: 7.86658e-05
25424: 7.86627e-05
25425: 7.86596e-05
25426: 7.86565e-05
25427: 7.86535e-05
25428: 7.86504e-05
25429: 7.86473e-05
25430: 7.86442e-05
25431: 7.86411e-05
25432: 7.8638e-05
25433: 7.86349e-05
25434: 7.86318e-05
25435: 7.86287e-05
25436: 7.86256e-05
25437: 7.86225e-05
25438: 7.86194e-05
25439: 7.86164e-05
25440: 7.86133e-05
25441: 7.86102e-05
25442: 7.86071e-05
25443: 7.8604e-05
25444: 7.86009e-05
25445: 7.85978e-05
25446: 7.85947e-05
25447: 7.85916e-05
25448: 7.85885e-05
25449: 7.85855e-05
25450: 7.85824e-05
25451: 7.85793e-05
25452: 7.85762e-05
25453: 7.85731e-05
25454: 7.857e-05
25455: 7.85669e-05
25456: 7.85639e-05
25457: 7.85608e-05
25458: 7.85577e-05
25459: 7.85546e-05
25460: 7.85515e-05
25461: 7.85484e-05
25462: 7.85453e-05
25463: 7.85423e-05
25464: 7.85392e-05
25465: 7.85361e-05
25466: 7.8533e-05
25467: 7.85299e-05
25468: 7.85268e-05
25469: 7.85238e-05
25470: 7.85207e-05
25471: 7.85176e-05
25472: 7.85145e-05
25473: 7.85114e-05
25474: 7.85083e-05
25475: 7.85053e-05
25476: 7.85022e-05
25477: 7.84991e-05
25478: 7.8496e-05
25479: 7.84929e-05
25480: 7.84899e-05
25481: 7.84868e-05
25482: 7.84837e-05
25483: 7.84806e-05
25484: 7.84775e-05
25485: 7.84745e-05
25486: 7.84714e-05
25487: 7.84683e-05
25488: 7.84652e-05
25489: 7.84621e-05
25490: 7.84591e-05
25491: 7.8456e-05
25492: 7.84529e-05
25493: 7.84498e-05
25494: 7.84468e-05
25495: 7.84437e-05
25496: 7.84406e-05
25497: 7.84375e-05
25498: 7.84344e-05
25499: 7.84314e-05
25500: 7.84283e-05
25501: 7.84252e-05
25502: 7.84221e-05
25503: 7.84191e-05
25504: 7.8416e-05
25505: 7.84129e-05
25506: 7.84098e-05
25507: 7.84068e-05
25508: 7.84037e-05
25509: 7.84006e-05
25510: 7.83976e-05
25511: 7.83945e-05
25512: 7.83914e-05
25513: 7.83883e-05
25514: 7.83853e-05
25515: 7.83822e-05
25516: 7.83791e-05
25517: 7.8376e-05
25518: 7.8373e-05
25519: 7.83699e-05
25520: 7.83668e-05
25521: 7.83638e-05
25522: 7.83607e-05
25523: 7.83576e-05
25524: 7.83546e-05
25525: 7.83515e-05
25526: 7.83484e-05
25527: 7.83453e-05
25528: 7.83423e-05
25529: 7.83392e-05
25530: 7.83361e-05
25531: 7.83331e-05
25532: 7.833e-05
25533: 7.83269e-05
25534: 7.83239e-05
25535: 7.83208e-05
25536: 7.83177e-05
25537: 7.83147e-05
25538: 7.83116e-05
25539: 7.83085e-05
25540: 7.83055e-05
25541: 7.83024e-05
25542: 7.82993e-05
25543: 7.82963e-05
25544: 7.82932e-05
25545: 7.82901e-05
25546: 7.82871e-05
25547: 7.8284e-05
25548: 7.8281e-05
25549: 7.82779e-05
25550: 7.82748e-05
25551: 7.82718e-05
25552: 7.82687e-05
25553: 7.82656e-05
25554: 7.82626e-05
25555: 7.82595e-05
25556: 7.82564e-05
25557: 7.82534e-05
25558: 7.82503e-05
25559: 7.82473e-05
25560: 7.82442e-05
25561: 7.82411e-05
25562: 7.82381e-05
25563: 7.8235e-05
25564: 7.8232e-05
25565: 7.82289e-05
25566: 7.82258e-05
25567: 7.82228e-05
25568: 7.82197e-05
25569: 7.82167e-05
25570: 7.82136e-05
25571: 7.82105e-05
25572: 7.82075e-05
25573: 7.82044e-05
25574: 7.82014e-05
25575: 7.81983e-05
25576: 7.81953e-05
25577: 7.81922e-05
25578: 7.81891e-05
25579: 7.81861e-05
25580: 7.8183e-05
25581: 7.818e-05
25582: 7.81769e-05
25583: 7.81739e-05
25584: 7.81708e-05
25585: 7.81677e-05
25586: 7.81647e-05
25587: 7.81616e-05
25588: 7.81586e-05
25589: 7.81555e-05
25590: 7.81525e-05
25591: 7.81494e-05
25592: 7.81464e-05
25593: 7.81433e-05
25594: 7.81403e-05
25595: 7.81372e-05
25596: 7.81342e-05
25597: 7.81311e-05
25598: 7.81281e-05
25599: 7.8125e-05
25600: 7.81219e-05
25601: 7.81189e-05
25602: 7.81158e-05
25603: 7.81128e-05
25604: 7.81097e-05
25605: 7.81067e-05
25606: 7.81036e-05
25607: 7.81006e-05
25608: 7.80975e-05
25609: 7.80945e-05
25610: 7.80914e-05
25611: 7.80884e-05
25612: 7.80853e-05
25613: 7.80823e-05
25614: 7.80793e-05
25615: 7.80762e-05
25616: 7.80732e-05
25617: 7.80701e-05
25618: 7.80671e-05
25619: 7.8064e-05
25620: 7.8061e-05
25621: 7.80579e-05
25622: 7.80549e-05
25623: 7.80518e-05
25624: 7.80488e-05
25625: 7.80457e-05
25626: 7.80427e-05
25627: 7.80396e-05
25628: 7.80366e-05
25629: 7.80336e-05
25630: 7.80305e-05
25631: 7.80275e-05
25632: 7.80244e-05
25633: 7.80214e-05
25634: 7.80183e-05
25635: 7.80153e-05
25636: 7.80122e-05
25637: 7.80092e-05
25638: 7.80062e-05
25639: 7.80031e-05
25640: 7.80001e-05
25641: 7.7997e-05
25642: 7.7994e-05
25643: 7.7991e-05
25644: 7.79879e-05
25645: 7.79849e-05
25646: 7.79818e-05
25647: 7.79788e-05
25648: 7.79757e-05
25649: 7.79727e-05
25650: 7.79697e-05
25651: 7.79666e-05
25652: 7.79636e-05
25653: 7.79606e-05
25654: 7.79575e-05
25655: 7.79545e-05
25656: 7.79514e-05
25657: 7.79484e-05
25658: 7.79454e-05
25659: 7.79423e-05
25660: 7.79393e-05
25661: 7.79362e-05
25662: 7.79332e-05
25663: 7.79302e-05
25664: 7.79271e-05
25665: 7.79241e-05
25666: 7.79211e-05
25667: 7.7918e-05
25668: 7.7915e-05
25669: 7.7912e-05
25670: 7.79089e-05
25671: 7.79059e-05
25672: 7.79029e-05
25673: 7.78998e-05
25674: 7.78968e-05
25675: 7.78938e-05
25676: 7.78907e-05
25677: 7.78877e-05
25678: 7.78847e-05
25679: 7.78816e-05
25680: 7.78786e-05
25681: 7.78756e-05
25682: 7.78725e-05
25683: 7.78695e-05
25684: 7.78665e-05
25685: 7.78634e-05
25686: 7.78604e-05
25687: 7.78574e-05
25688: 7.78543e-05
25689: 7.78513e-05
25690: 7.78483e-05
25691: 7.78452e-05
25692: 7.78422e-05
25693: 7.78392e-05
25694: 7.78362e-05
25695: 7.78331e-05
25696: 7.78301e-05
25697: 7.78271e-05
25698: 7.7824e-05
25699: 7.7821e-05
25700: 7.7818e-05
25701: 7.7815e-05
25702: 7.78119e-05
25703: 7.78089e-05
25704: 7.78059e-05
25705: 7.78028e-05
25706: 7.77998e-05
25707: 7.77968e-05
25708: 7.77938e-05
25709: 7.77907e-05
25710: 7.77877e-05
25711: 7.77847e-05
25712: 7.77817e-05
25713: 7.77786e-05
25714: 7.77756e-05
25715: 7.77726e-05
25716: 7.77696e-05
25717: 7.77665e-05
25718: 7.77635e-05
25719: 7.77605e-05
25720: 7.77575e-05
25721: 7.77545e-05
25722: 7.77514e-05
25723: 7.77484e-05
25724: 7.77454e-05
25725: 7.77424e-05
25726: 7.77393e-05
25727: 7.77363e-05
25728: 7.77333e-05
25729: 7.77303e-05
25730: 7.77273e-05
25731: 7.77242e-05
25732: 7.77212e-05
25733: 7.77182e-05
25734: 7.77152e-05
25735: 7.77122e-05
25736: 7.77091e-05
25737: 7.77061e-05
25738: 7.77031e-05
25739: 7.77001e-05
25740: 7.76971e-05
25741: 7.7694e-05
25742: 7.7691e-05
25743: 7.7688e-05
25744: 7.7685e-05
25745: 7.7682e-05
25746: 7.7679e-05
25747: 7.76759e-05
25748: 7.76729e-05
25749: 7.76699e-05
25750: 7.76669e-05
25751: 7.76639e-05
25752: 7.76609e-05
25753: 7.76578e-05
25754: 7.76548e-05
25755: 7.76518e-05
25756: 7.76488e-05
25757: 7.76458e-05
25758: 7.76428e-05
25759: 7.76398e-05
25760: 7.76367e-05
25761: 7.76337e-05
25762: 7.76307e-05
25763: 7.76277e-05
25764: 7.76247e-05
25765: 7.76217e-05
25766: 7.76187e-05
25767: 7.76156e-05
25768: 7.76126e-05
25769: 7.76096e-05
25770: 7.76066e-05
25771: 7.76036e-05
25772: 7.76006e-05
25773: 7.75976e-05
25774: 7.75946e-05
25775: 7.75916e-05
25776: 7.75885e-05
25777: 7.75855e-05
25778: 7.75825e-05
25779: 7.75795e-05
25780: 7.75765e-05
25781: 7.75735e-05
25782: 7.75705e-05
25783: 7.75675e-05
25784: 7.75645e-05
25785: 7.75615e-05
25786: 7.75585e-05
25787: 7.75555e-05
25788: 7.75524e-05
25789: 7.75494e-05
25790: 7.75464e-05
25791: 7.75434e-05
25792: 7.75404e-05
25793: 7.75374e-05
25794: 7.75344e-05
25795: 7.75314e-05
25796: 7.75284e-05
25797: 7.75254e-05
25798: 7.75224e-05
25799: 7.75194e-05
25800: 7.75164e-05
25801: 7.75134e-05
25802: 7.75104e-05
25803: 7.75074e-05
25804: 7.75044e-05
25805: 7.75014e-05
25806: 7.74984e-05
25807: 7.74954e-05
25808: 7.74923e-05
25809: 7.74893e-05
25810: 7.74863e-05
25811: 7.74833e-05
25812: 7.74803e-05
25813: 7.74773e-05
25814: 7.74743e-05
25815: 7.74713e-05
25816: 7.74683e-05
25817: 7.74653e-05
25818: 7.74623e-05
25819: 7.74593e-05
25820: 7.74563e-05
25821: 7.74533e-05
25822: 7.74503e-05
25823: 7.74473e-05
25824: 7.74443e-05
25825: 7.74413e-05
25826: 7.74383e-05
25827: 7.74353e-05
25828: 7.74323e-05
25829: 7.74293e-05
25830: 7.74263e-05
25831: 7.74234e-05
25832: 7.74204e-05
25833: 7.74174e-05
25834: 7.74144e-05
25835: 7.74114e-05
25836: 7.74084e-05
25837: 7.74054e-05
25838: 7.74024e-05
25839: 7.73994e-05
25840: 7.73964e-05
25841: 7.73934e-05
25842: 7.73904e-05
25843: 7.73874e-05
25844: 7.73844e-05
25845: 7.73814e-05
25846: 7.73784e-05
25847: 7.73754e-05
25848: 7.73724e-05
25849: 7.73694e-05
25850: 7.73664e-05
25851: 7.73635e-05
25852: 7.73605e-05
25853: 7.73575e-05
25854: 7.73545e-05
25855: 7.73515e-05
25856: 7.73485e-05
25857: 7.73455e-05
25858: 7.73425e-05
25859: 7.73395e-05
25860: 7.73365e-05
25861: 7.73335e-05
25862: 7.73305e-05
25863: 7.73276e-05
25864: 7.73246e-05
25865: 7.73216e-05
25866: 7.73186e-05
25867: 7.73156e-05
25868: 7.73126e-05
25869: 7.73096e-05
25870: 7.73066e-05
25871: 7.73036e-05
25872: 7.73007e-05
25873: 7.72977e-05
25874: 7.72947e-05
25875: 7.72917e-05
25876: 7.72887e-05
25877: 7.72857e-05
25878: 7.72827e-05
25879: 7.72798e-05
25880: 7.72768e-05
25881: 7.72738e-05
25882: 7.72708e-05
25883: 7.72678e-05
25884: 7.72648e-05
25885: 7.72618e-05
25886: 7.72589e-05
25887: 7.72559e-05
25888: 7.72529e-05
25889: 7.72499e-05
25890: 7.72469e-05
25891: 7.72439e-05
25892: 7.7241e-05
25893: 7.7238e-05
25894: 7.7235e-05
25895: 7.7232e-05
25896: 7.7229e-05
25897: 7.7226e-05
25898: 7.72231e-05
25899: 7.72201e-05
25900: 7.72171e-05
25901: 7.72141e-05
25902: 7.72111e-05
25903: 7.72082e-05
25904: 7.72052e-05
25905: 7.72022e-05
25906: 7.71992e-05
25907: 7.71962e-05
25908: 7.71933e-05
25909: 7.71903e-05
25910: 7.71873e-05
25911: 7.71843e-05
25912: 7.71813e-05
25913: 7.71784e-05
25914: 7.71754e-05
25915: 7.71724e-05
25916: 7.71694e-05
25917: 7.71664e-05
25918: 7.71635e-05
25919: 7.71605e-05
25920: 7.71575e-05
25921: 7.71545e-05
25922: 7.71516e-05
25923: 7.71486e-05
25924: 7.71456e-05
25925: 7.71426e-05
25926: 7.71397e-05
25927: 7.71367e-05
25928: 7.71337e-05
25929: 7.71307e-05
25930: 7.71278e-05
25931: 7.71248e-05
25932: 7.71218e-05
25933: 7.71188e-05
25934: 7.71159e-05
25935: 7.71129e-05
25936: 7.71099e-05
25937: 7.71069e-05
25938: 7.7104e-05
25939: 7.7101e-05
25940: 7.7098e-05
25941: 7.70951e-05
25942: 7.70921e-05
25943: 7.70891e-05
25944: 7.70861e-05
25945: 7.70832e-05
25946: 7.70802e-05
25947: 7.70772e-05
25948: 7.70743e-05
25949: 7.70713e-05
25950: 7.70683e-05
25951: 7.70654e-05
25952: 7.70624e-05
25953: 7.70594e-05
25954: 7.70564e-05
25955: 7.70535e-05
25956: 7.70505e-05
25957: 7.70475e-05
25958: 7.70446e-05
25959: 7.70416e-05
25960: 7.70386e-05
25961: 7.70357e-05
25962: 7.70327e-05
25963: 7.70297e-05
25964: 7.70268e-05
25965: 7.70238e-05
25966: 7.70208e-05
25967: 7.70179e-05
25968: 7.70149e-05
25969: 7.70119e-05
25970: 7.7009e-05
25971: 7.7006e-05
25972: 7.7003e-05
25973: 7.70001e-05
25974: 7.69971e-05
25975: 7.69941e-05
25976: 7.69912e-05
25977: 7.69882e-05
25978: 7.69853e-05
25979: 7.69823e-05
25980: 7.69793e-05
25981: 7.69764e-05
25982: 7.69734e-05
25983: 7.69704e-05
25984: 7.69675e-05
25985: 7.69645e-05
25986: 7.69616e-05
25987: 7.69586e-05
25988: 7.69556e-05
25989: 7.69527e-05
25990: 7.69497e-05
25991: 7.69468e-05
25992: 7.69438e-05
25993: 7.69408e-05
25994: 7.69379e-05
25995: 7.69349e-05
25996: 7.6932e-05
25997: 7.6929e-05
25998: 7.6926e-05
25999: 7.69231e-05
26000: 7.69201e-05
26001: 7.69172e-05
26002: 7.69142e-05
26003: 7.69112e-05
26004: 7.69083e-05
26005: 7.69053e-05
26006: 7.69024e-05
26007: 7.68994e-05
26008: 7.68965e-05
26009: 7.68935e-05
26010: 7.68905e-05
26011: 7.68876e-05
26012: 7.68846e-05
26013: 7.68817e-05
26014: 7.68787e-05
26015: 7.68758e-05
26016: 7.68728e-05
26017: 7.68699e-05
26018: 7.68669e-05
26019: 7.6864e-05
26020: 7.6861e-05
26021: 7.6858e-05
26022: 7.68551e-05
26023: 7.68521e-05
26024: 7.68492e-05
26025: 7.68462e-05
26026: 7.68433e-05
26027: 7.68403e-05
26028: 7.68374e-05
26029: 7.68344e-05
26030: 7.68315e-05
26031: 7.68285e-05
26032: 7.68256e-05
26033: 7.68226e-05
26034: 7.68197e-05
26035: 7.68167e-05
26036: 7.68138e-05
26037: 7.68108e-05
26038: 7.68079e-05
26039: 7.68049e-05
26040: 7.6802e-05
26041: 7.6799e-05
26042: 7.67961e-05
26043: 7.67931e-05
26044: 7.67902e-05
26045: 7.67872e-05
26046: 7.67843e-05
26047: 7.67813e-05
26048: 7.67784e-05
26049: 7.67754e-05
26050: 7.67725e-05
26051: 7.67695e-05
26052: 7.67666e-05
26053: 7.67636e-05
26054: 7.67607e-05
26055: 7.67578e-05
26056: 7.67548e-05
26057: 7.67519e-05
26058: 7.67489e-05
26059: 7.6746e-05
26060: 7.6743e-05
26061: 7.67401e-05
26062: 7.67371e-05
26063: 7.67342e-05
26064: 7.67312e-05
26065: 7.67283e-05
26066: 7.67254e-05
26067: 7.67224e-05
26068: 7.67195e-05
26069: 7.67165e-05
26070: 7.67136e-05
26071: 7.67106e-05
26072: 7.67077e-05
26073: 7.67048e-05
26074: 7.67018e-05
26075: 7.66989e-05
26076: 7.66959e-05
26077: 7.6693e-05
26078: 7.66901e-05
26079: 7.66871e-05
26080: 7.66842e-05
26081: 7.66812e-05
26082: 7.66783e-05
26083: 7.66754e-05
26084: 7.66724e-05
26085: 7.66695e-05
26086: 7.66665e-05
26087: 7.66636e-05
26088: 7.66607e-05
26089: 7.66577e-05
26090: 7.66548e-05
26091: 7.66518e-05
26092: 7.66489e-05
26093: 7.6646e-05
26094: 7.6643e-05
26095: 7.66401e-05
26096: 7.66372e-05
26097: 7.66342e-05
26098: 7.66313e-05
26099: 7.66284e-05
26100: 7.66254e-05
26101: 7.66225e-05
26102: 7.66195e-05
26103: 7.66166e-05
26104: 7.66137e-05
26105: 7.66107e-05
26106: 7.66078e-05
26107: 7.66049e-05
26108: 7.66019e-05
26109: 7.6599e-05
26110: 7.65961e-05
26111: 7.65931e-05
26112: 7.65902e-05
26113: 7.65873e-05
26114: 7.65843e-05
26115: 7.65814e-05
26116: 7.65785e-05
26117: 7.65755e-05
26118: 7.65726e-05
26119: 7.65697e-05
26120: 7.65667e-05
26121: 7.65638e-05
26122: 7.65609e-05
26123: 7.6558e-05
26124: 7.6555e-05
26125: 7.65521e-05
26126: 7.65492e-05
26127: 7.65462e-05
26128: 7.65433e-05
26129: 7.65404e-05
26130: 7.65374e-05
26131: 7.65345e-05
26132: 7.65316e-05
26133: 7.65287e-05
26134: 7.65257e-05
26135: 7.65228e-05
26136: 7.65199e-05
26137: 7.65169e-05
26138: 7.6514e-05
26139: 7.65111e-05
26140: 7.65082e-05
26141: 7.65052e-05
26142: 7.65023e-05
26143: 7.64994e-05
26144: 7.64965e-05
26145: 7.64935e-05
26146: 7.64906e-05
26147: 7.64877e-05
26148: 7.64848e-05
26149: 7.64818e-05
26150: 7.64789e-05
26151: 7.6476e-05
26152: 7.64731e-05
26153: 7.64701e-05
26154: 7.64672e-05
26155: 7.64643e-05
26156: 7.64614e-05
26157: 7.64584e-05
26158: 7.64555e-05
26159: 7.64526e-05
26160: 7.64497e-05
26161: 7.64468e-05
26162: 7.64438e-05
26163: 7.64409e-05
26164: 7.6438e-05
26165: 7.64351e-05
26166: 7.64321e-05
26167: 7.64292e-05
26168: 7.64263e-05
26169: 7.64234e-05
26170: 7.64205e-05
26171: 7.64175e-05
26172: 7.64146e-05
26173: 7.64117e-05
26174: 7.64088e-05
26175: 7.64059e-05
26176: 7.64029e-05
26177: 7.64e-05
26178: 7.63971e-05
26179: 7.63942e-05
26180: 7.63913e-05
26181: 7.63884e-05
26182: 7.63854e-05
26183: 7.63825e-05
26184: 7.63796e-05
26185: 7.63767e-05
26186: 7.63738e-05
26187: 7.63709e-05
26188: 7.63679e-05
26189: 7.6365e-05
26190: 7.63621e-05
26191: 7.63592e-05
26192: 7.63563e-05
26193: 7.63534e-05
26194: 7.63504e-05
26195: 7.63475e-05
26196: 7.63446e-05
26197: 7.63417e-05
26198: 7.63388e-05
26199: 7.63359e-05
26200: 7.6333e-05
26201: 7.63301e-05
26202: 7.63271e-05
26203: 7.63242e-05
26204: 7.63213e-05
26205: 7.63184e-05
26206: 7.63155e-05
26207: 7.63126e-05
26208: 7.63097e-05
26209: 7.63068e-05
26210: 7.63038e-05
26211: 7.63009e-05
26212: 7.6298e-05
26213: 7.62951e-05
26214: 7.62922e-05
26215: 7.62893e-05
26216: 7.62864e-05
26217: 7.62835e-05
26218: 7.62806e-05
26219: 7.62777e-05
26220: 7.62747e-05
26221: 7.62718e-05
26222: 7.62689e-05
26223: 7.6266e-05
26224: 7.62631e-05
26225: 7.62602e-05
26226: 7.62573e-05
26227: 7.62544e-05
26228: 7.62515e-05
26229: 7.62486e-05
26230: 7.62457e-05
26231: 7.62428e-05
26232: 7.62399e-05
26233: 7.62369e-05
26234: 7.6234e-05
26235: 7.62311e-05
26236: 7.62282e-05
26237: 7.62253e-05
26238: 7.62224e-05
26239: 7.62195e-05
26240: 7.62166e-05
26241: 7.62137e-05
26242: 7.62108e-05
26243: 7.62079e-05
26244: 7.6205e-05
26245: 7.62021e-05
26246: 7.61992e-05
26247: 7.61963e-05
26248: 7.61934e-05
26249: 7.61905e-05
26250: 7.61876e-05
26251: 7.61847e-05
26252: 7.61818e-05
26253: 7.61789e-05
26254: 7.6176e-05
26255: 7.61731e-05
26256: 7.61702e-05
26257: 7.61673e-05
26258: 7.61644e-05
26259: 7.61615e-05
26260: 7.61586e-05
26261: 7.61557e-05
26262: 7.61528e-05
26263: 7.61499e-05
26264: 7.6147e-05
26265: 7.61441e-05
26266: 7.61412e-05
26267: 7.61383e-05
26268: 7.61354e-05
26269: 7.61325e-05
26270: 7.61296e-05
26271: 7.61267e-05
26272: 7.61238e-05
26273: 7.61209e-05
26274: 7.6118e-05
26275: 7.61151e-05
26276: 7.61122e-05
26277: 7.61093e-05
26278: 7.61064e-05
26279: 7.61035e-05
26280: 7.61006e-05
26281: 7.60977e-05
26282: 7.60948e-05
26283: 7.60919e-05
26284: 7.6089e-05
26285: 7.60861e-05
26286: 7.60832e-05
26287: 7.60803e-05
26288: 7.60774e-05
26289: 7.60746e-05
26290: 7.60717e-05
26291: 7.60688e-05
26292: 7.60659e-05
26293: 7.6063e-05
26294: 7.60601e-05
26295: 7.60572e-05
26296: 7.60543e-05
26297: 7.60514e-05
26298: 7.60485e-05
26299: 7.60456e-05
26300: 7.60427e-05
26301: 7.60398e-05
26302: 7.6037e-05
26303: 7.60341e-05
26304: 7.60312e-05
26305: 7.60283e-05
26306: 7.60254e-05
26307: 7.60225e-05
26308: 7.60196e-05
26309: 7.60167e-05
26310: 7.60138e-05
26311: 7.60109e-05
26312: 7.60081e-05
26313: 7.60052e-05
26314: 7.60023e-05
26315: 7.59994e-05
26316: 7.59965e-05
26317: 7.59936e-05
26318: 7.59907e-05
26319: 7.59878e-05
26320: 7.5985e-05
26321: 7.59821e-05
26322: 7.59792e-05
26323: 7.59763e-05
26324: 7.59734e-05
26325: 7.59705e-05
26326: 7.59676e-05
26327: 7.59648e-05
26328: 7.59619e-05
26329: 7.5959e-05
26330: 7.59561e-05
26331: 7.59532e-05
26332: 7.59503e-05
26333: 7.59474e-05
26334: 7.59446e-05
26335: 7.59417e-05
26336: 7.59388e-05
26337: 7.59359e-05
26338: 7.5933e-05
26339: 7.59301e-05
26340: 7.59273e-05
26341: 7.59244e-05
26342: 7.59215e-05
26343: 7.59186e-05
26344: 7.59157e-05
26345: 7.59129e-05
26346: 7.591e-05
26347: 7.59071e-05
26348: 7.59042e-05
26349: 7.59013e-05
26350: 7.58984e-05
26351: 7.58956e-05
26352: 7.58927e-05
26353: 7.58898e-05
26354: 7.58869e-05
26355: 7.5884e-05
26356: 7.58812e-05
26357: 7.58783e-05
26358: 7.58754e-05
26359: 7.58725e-05
26360: 7.58697e-05
26361: 7.58668e-05
26362: 7.58639e-05
26363: 7.5861e-05
26364: 7.58581e-05
26365: 7.58553e-05
26366: 7.58524e-05
26367: 7.58495e-05
26368: 7.58466e-05
26369: 7.58438e-05
26370: 7.58409e-05
26371: 7.5838e-05
26372: 7.58351e-05
26373: 7.58323e-05
26374: 7.58294e-05
26375: 7.58265e-05
26376: 7.58236e-05
26377: 7.58208e-05
26378: 7.58179e-05
26379: 7.5815e-05
26380: 7.58121e-05
26381: 7.58093e-05
26382: 7.58064e-05
26383: 7.58035e-05
26384: 7.58006e-05
26385: 7.57978e-05
26386: 7.57949e-05
26387: 7.5792e-05
26388: 7.57892e-05
26389: 7.57863e-05
26390: 7.57834e-05
26391: 7.57805e-05
26392: 7.57777e-05
26393: 7.57748e-05
26394: 7.57719e-05
26395: 7.57691e-05
26396: 7.57662e-05
26397: 7.57633e-05
26398: 7.57604e-05
26399: 7.57576e-05
26400: 7.57547e-05
26401: 7.57518e-05
26402: 7.5749e-05
26403: 7.57461e-05
26404: 7.57432e-05
26405: 7.57404e-05
26406: 7.57375e-05
26407: 7.57346e-05
26408: 7.57318e-05
26409: 7.57289e-05
26410: 7.5726e-05
26411: 7.57232e-05
26412: 7.57203e-05
26413: 7.57174e-05
26414: 7.57146e-05
26415: 7.57117e-05
26416: 7.57088e-05
26417: 7.5706e-05
26418: 7.57031e-05
26419: 7.57002e-05
26420: 7.56974e-05
26421: 7.56945e-05
26422: 7.56916e-05
26423: 7.56888e-05
26424: 7.56859e-05
26425: 7.5683e-05
26426: 7.56802e-05
26427: 7.56773e-05
26428: 7.56744e-05
26429: 7.56716e-05
26430: 7.56687e-05
26431: 7.56659e-05
26432: 7.5663e-05
26433: 7.56601e-05
26434: 7.56573e-05
26435: 7.56544e-05
26436: 7.56515e-05
26437: 7.56487e-05
26438: 7.56458e-05
26439: 7.5643e-05
26440: 7.56401e-05
26441: 7.56372e-05
26442: 7.56344e-05
26443: 7.56315e-05
26444: 7.56287e-05
26445: 7.56258e-05
26446: 7.56229e-05
26447: 7.56201e-05
26448: 7.56172e-05
26449: 7.56144e-05
26450: 7.56115e-05
26451: 7.56086e-05
26452: 7.56058e-05
26453: 7.56029e-05
26454: 7.56001e-05
26455: 7.55972e-05
26456: 7.55944e-05
26457: 7.55915e-05
26458: 7.55886e-05
26459: 7.55858e-05
26460: 7.55829e-05
26461: 7.55801e-05
26462: 7.55772e-05
26463: 7.55744e-05
26464: 7.55715e-05
26465: 7.55687e-05
26466: 7.55658e-05
26467: 7.55629e-05
26468: 7.55601e-05
26469: 7.55572e-05
26470: 7.55544e-05
26471: 7.55515e-05
26472: 7.55487e-05
26473: 7.55458e-05
26474: 7.5543e-05
26475: 7.55401e-05
26476: 7.55373e-05
26477: 7.55344e-05
26478: 7.55316e-05
26479: 7.55287e-05
26480: 7.55258e-05
26481: 7.5523e-05
26482: 7.55201e-05
26483: 7.55173e-05
26484: 7.55144e-05
26485: 7.55116e-05
26486: 7.55087e-05
26487: 7.55059e-05
26488: 7.5503e-05
26489: 7.55002e-05
26490: 7.54973e-05
26491: 7.54945e-05
26492: 7.54916e-05
26493: 7.54888e-05
26494: 7.54859e-05
26495: 7.54831e-05
26496: 7.54802e-05
26497: 7.54774e-05
26498: 7.54745e-05
26499: 7.54717e-05
26500: 7.54689e-05
26501: 7.5466e-05
26502: 7.54632e-05
26503: 7.54603e-05
26504: 7.54575e-05
26505: 7.54546e-05
26506: 7.54518e-05
26507: 7.54489e-05
26508: 7.54461e-05
26509: 7.54432e-05
26510: 7.54404e-05
26511: 7.54375e-05
26512: 7.54347e-05
26513: 7.54318e-05
26514: 7.5429e-05
26515: 7.54262e-05
26516: 7.54233e-05
26517: 7.54205e-05
26518: 7.54176e-05
26519: 7.54148e-05
26520: 7.54119e-05
26521: 7.54091e-05
26522: 7.54063e-05
26523: 7.54034e-05
26524: 7.54006e-05
26525: 7.53977e-05
26526: 7.53949e-05
26527: 7.5392e-05
26528: 7.53892e-05
26529: 7.53864e-05
26530: 7.53835e-05
26531: 7.53807e-05
26532: 7.53778e-05
26533: 7.5375e-05
26534: 7.53721e-05
26535: 7.53693e-05
26536: 7.53665e-05
26537: 7.53636e-05
26538: 7.53608e-05
26539: 7.5358e-05
26540: 7.53551e-05
26541: 7.53523e-05
26542: 7.53494e-05
26543: 7.53466e-05
26544: 7.53438e-05
26545: 7.53409e-05
26546: 7.53381e-05
26547: 7.53352e-05
26548: 7.53324e-05
26549: 7.53296e-05
26550: 7.53267e-05
26551: 7.53239e-05
26552: 7.53211e-05
26553: 7.53182e-05
26554: 7.53154e-05
26555: 7.53125e-05
26556: 7.53097e-05
26557: 7.53069e-05
26558: 7.5304e-05
26559: 7.53012e-05
26560: 7.52984e-05
26561: 7.52955e-05
26562: 7.52927e-05
26563: 7.52899e-05
26564: 7.5287e-05
26565: 7.52842e-05
26566: 7.52814e-05
26567: 7.52785e-05
26568: 7.52757e-05
26569: 7.52729e-05
26570: 7.527e-05
26571: 7.52672e-05
26572: 7.52644e-05
26573: 7.52615e-05
26574: 7.52587e-05
26575: 7.52559e-05
26576: 7.5253e-05
26577: 7.52502e-05
26578: 7.52474e-05
26579: 7.52445e-05
26580: 7.52417e-05
26581: 7.52389e-05
26582: 7.52361e-05
26583: 7.52332e-05
26584: 7.52304e-05
26585: 7.52276e-05
26586: 7.52247e-05
26587: 7.52219e-05
26588: 7.52191e-05
26589: 7.52162e-05
26590: 7.52134e-05
26591: 7.52106e-05
26592: 7.52078e-05
26593: 7.52049e-05
26594: 7.52021e-05
26595: 7.51993e-05
26596: 7.51965e-05
26597: 7.51936e-05
26598: 7.51908e-05
26599: 7.5188e-05
26600: 7.51851e-05
26601: 7.51823e-05
26602: 7.51795e-05
26603: 7.51767e-05
26604: 7.51738e-05
26605: 7.5171e-05
26606: 7.51682e-05
26607: 7.51654e-05
26608: 7.51625e-05
26609: 7.51597e-05
26610: 7.51569e-05
26611: 7.51541e-05
26612: 7.51512e-05
26613: 7.51484e-05
26614: 7.51456e-05
26615: 7.51428e-05
26616: 7.51399e-05
26617: 7.51371e-05
26618: 7.51343e-05
26619: 7.51315e-05
26620: 7.51287e-05
26621: 7.51258e-05
26622: 7.5123e-05
26623: 7.51202e-05
26624: 7.51174e-05
26625: 7.51145e-05
26626: 7.51117e-05
26627: 7.51089e-05
26628: 7.51061e-05
26629: 7.51033e-05
26630: 7.51004e-05
26631: 7.50976e-05
26632: 7.50948e-05
26633: 7.5092e-05
26634: 7.50892e-05
26635: 7.50863e-05
26636: 7.50835e-05
26637: 7.50807e-05
26638: 7.50779e-05
26639: 7.50751e-05
26640: 7.50723e-05
26641: 7.50694e-05
26642: 7.50666e-05
26643: 7.50638e-05
26644: 7.5061e-05
26645: 7.50582e-05
26646: 7.50554e-05
26647: 7.50525e-05
26648: 7.50497e-05
26649: 7.50469e-05
26650: 7.50441e-05
26651: 7.50413e-05
26652: 7.50385e-05
26653: 7.50356e-05
26654: 7.50328e-05
26655: 7.503e-05
26656: 7.50272e-05
26657: 7.50244e-05
26658: 7.50216e-05
26659: 7.50188e-05
26660: 7.50159e-05
26661: 7.50131e-05
26662: 7.50103e-05
26663: 7.50075e-05
26664: 7.50047e-05
26665: 7.50019e-05
26666: 7.49991e-05
26667: 7.49963e-05
26668: 7.49934e-05
26669: 7.49906e-05
26670: 7.49878e-05
26671: 7.4985e-05
26672: 7.49822e-05
26673: 7.49794e-05
26674: 7.49766e-05
26675: 7.49738e-05
26676: 7.49709e-05
26677: 7.49681e-05
26678: 7.49653e-05
26679: 7.49625e-05
26680: 7.49597e-05
26681: 7.49569e-05
26682: 7.49541e-05
26683: 7.49513e-05
26684: 7.49485e-05
26685: 7.49457e-05
26686: 7.49429e-05
26687: 7.494e-05
26688: 7.49372e-05
26689: 7.49344e-05
26690: 7.49316e-05
26691: 7.49288e-05
26692: 7.4926e-05
26693: 7.49232e-05
26694: 7.49204e-05
26695: 7.49176e-05
26696: 7.49148e-05
26697: 7.4912e-05
26698: 7.49092e-05
26699: 7.49064e-05
26700: 7.49036e-05
26701: 7.49008e-05
26702: 7.4898e-05
26703: 7.48951e-05
26704: 7.48923e-05
26705: 7.48895e-05
26706: 7.48867e-05
26707: 7.48839e-05
26708: 7.48811e-05
26709: 7.48783e-05
26710: 7.48755e-05
26711: 7.48727e-05
26712: 7.48699e-05
26713: 7.48671e-05
26714: 7.48643e-05
26715: 7.48615e-05
26716: 7.48587e-05
26717: 7.48559e-05
26718: 7.48531e-05
26719: 7.48503e-05
26720: 7.48475e-05
26721: 7.48447e-05
26722: 7.48419e-05
26723: 7.48391e-05
26724: 7.48363e-05
26725: 7.48335e-05
26726: 7.48307e-05
26727: 7.48279e-05
26728: 7.48251e-05
26729: 7.48223e-05
26730: 7.48195e-05
26731: 7.48167e-05
26732: 7.48139e-05
26733: 7.48111e-05
26734: 7.48083e-05
26735: 7.48055e-05
26736: 7.48027e-05
26737: 7.47999e-05
26738: 7.47971e-05
26739: 7.47943e-05
26740: 7.47915e-05
26741: 7.47887e-05
26742: 7.47859e-05
26743: 7.47831e-05
26744: 7.47803e-05
26745: 7.47775e-05
26746: 7.47747e-05
26747: 7.47719e-05
26748: 7.47692e-05
26749: 7.47664e-05
26750: 7.47636e-05
26751: 7.47608e-05
26752: 7.4758e-05
26753: 7.47552e-05
26754: 7.47524e-05
26755: 7.47496e-05
26756: 7.47468e-05
26757: 7.4744e-05
26758: 7.47412e-05
26759: 7.47384e-05
26760: 7.47356e-05
26761: 7.47328e-05
26762: 7.473e-05
26763: 7.47272e-05
26764: 7.47245e-05
26765: 7.47217e-05
26766: 7.47189e-05
26767: 7.47161e-05
26768: 7.47133e-05
26769: 7.47105e-05
26770: 7.47077e-05
26771: 7.47049e-05
26772: 7.47021e-05
26773: 7.46993e-05
26774: 7.46965e-05
26775: 7.46938e-05
26776: 7.4691e-05
26777: 7.46882e-05
26778: 7.46854e-05
26779: 7.46826e-05
26780: 7.46798e-05
26781: 7.4677e-05
26782: 7.46742e-05
26783: 7.46714e-05
26784: 7.46687e-05
26785: 7.46659e-05
26786: 7.46631e-05
26787: 7.46603e-05
26788: 7.46575e-05
26789: 7.46547e-05
26790: 7.46519e-05
26791: 7.46491e-05
26792: 7.46464e-05
26793: 7.46436e-05
26794: 7.46408e-05
26795: 7.4638e-05
26796: 7.46352e-05
26797: 7.46324e-05
26798: 7.46297e-05
26799: 7.46269e-05
26800: 7.46241e-05
26801: 7.46213e-05
26802: 7.46185e-05
26803: 7.46157e-05
26804: 7.46129e-05
26805: 7.46102e-05
26806: 7.46074e-05
26807: 7.46046e-05
26808: 7.46018e-05
26809: 7.4599e-05
26810: 7.45962e-05
26811: 7.45935e-05
26812: 7.45907e-05
26813: 7.45879e-05
26814: 7.45851e-05
26815: 7.45823e-05
26816: 7.45796e-05
26817: 7.45768e-05
26818: 7.4574e-05
26819: 7.45712e-05
26820: 7.45684e-05
26821: 7.45657e-05
26822: 7.45629e-05
26823: 7.45601e-05
26824: 7.45573e-05
26825: 7.45545e-05
26826: 7.45518e-05
26827: 7.4549e-05
26828: 7.45462e-05
26829: 7.45434e-05
26830: 7.45406e-05
26831: 7.45379e-05
26832: 7.45351e-05
26833: 7.45323e-05
26834: 7.45295e-05
26835: 7.45268e-05
26836: 7.4524e-05
26837: 7.45212e-05
26838: 7.45184e-05
26839: 7.45156e-05
26840: 7.45129e-05
26841: 7.45101e-05
26842: 7.45073e-05
26843: 7.45045e-05
26844: 7.45018e-05
26845: 7.4499e-05
26846: 7.44962e-05
26847: 7.44934e-05
26848: 7.44907e-05
26849: 7.44879e-05
26850: 7.44851e-05
26851: 7.44823e-05
26852: 7.44796e-05
26853: 7.44768e-05
26854: 7.4474e-05
26855: 7.44713e-05
26856: 7.44685e-05
26857: 7.44657e-05
26858: 7.44629e-05
26859: 7.44602e-05
26860: 7.44574e-05
26861: 7.44546e-05
26862: 7.44518e-05
26863: 7.44491e-05
26864: 7.44463e-05
26865: 7.44435e-05
26866: 7.44408e-05
26867: 7.4438e-05
26868: 7.44352e-05
26869: 7.44325e-05
26870: 7.44297e-05
26871: 7.44269e-05
26872: 7.44241e-05
26873: 7.44214e-05
26874: 7.44186e-05
26875: 7.44158e-05
26876: 7.44131e-05
26877: 7.44103e-05
26878: 7.44075e-05
26879: 7.44048e-05
26880: 7.4402e-05
26881: 7.43992e-05
26882: 7.43965e-05
26883: 7.43937e-05
26884: 7.43909e-05
26885: 7.43882e-05
26886: 7.43854e-05
26887: 7.43826e-05
26888: 7.43799e-05
26889: 7.43771e-05
26890: 7.43743e-05
26891: 7.43716e-05
26892: 7.43688e-05
26893: 7.4366e-05
26894: 7.43633e-05
26895: 7.43605e-05
26896: 7.43577e-05
26897: 7.4355e-05
26898: 7.43522e-05
26899: 7.43494e-05
26900: 7.43467e-05
26901: 7.43439e-05
26902: 7.43412e-05
26903: 7.43384e-05
26904: 7.43356e-05
26905: 7.43329e-05
26906: 7.43301e-05
26907: 7.43273e-05
26908: 7.43246e-05
26909: 7.43218e-05
26910: 7.43191e-05
26911: 7.43163e-05
26912: 7.43135e-05
26913: 7.43108e-05
26914: 7.4308e-05
26915: 7.43052e-05
26916: 7.43025e-05
26917: 7.42997e-05
26918: 7.4297e-05
26919: 7.42942e-05
26920: 7.42914e-05
26921: 7.42887e-05
26922: 7.42859e-05
26923: 7.42832e-05
26924: 7.42804e-05
26925: 7.42776e-05
26926: 7.42749e-05
26927: 7.42721e-05
26928: 7.42694e-05
26929: 7.42666e-05
26930: 7.42639e-05
26931: 7.42611e-05
26932: 7.42583e-05
26933: 7.42556e-05
26934: 7.42528e-05
26935: 7.42501e-05
26936: 7.42473e-05
26937: 7.42446e-05
26938: 7.42418e-05
26939: 7.4239e-05
26940: 7.42363e-05
26941: 7.42335e-05
26942: 7.42308e-05
26943: 7.4228e-05
26944: 7.42253e-05
26945: 7.42225e-05
26946: 7.42198e-05
26947: 7.4217e-05
26948: 7.42143e-05
26949: 7.42115e-05
26950: 7.42087e-05
26951: 7.4206e-05
26952: 7.42032e-05
26953: 7.42005e-05
26954: 7.41977e-05
26955: 7.4195e-05
26956: 7.41922e-05
26957: 7.41895e-05
26958: 7.41867e-05
26959: 7.4184e-05
26960: 7.41812e-05
26961: 7.41785e-05
26962: 7.41757e-05
26963: 7.4173e-05
26964: 7.41702e-05
26965: 7.41675e-05
26966: 7.41647e-05
26967: 7.4162e-05
26968: 7.41592e-05
26969: 7.41565e-05
26970: 7.41537e-05
26971: 7.4151e-05
26972: 7.41482e-05
26973: 7.41455e-05
26974: 7.41427e-05
26975: 7.414e-05
26976: 7.41372e-05
26977: 7.41345e-05
26978: 7.41317e-05
26979: 7.4129e-05
26980: 7.41262e-05
26981: 7.41235e-05
26982: 7.41207e-05
26983: 7.4118e-05
26984: 7.41152e-05
26985: 7.41125e-05
26986: 7.41098e-05
26987: 7.4107e-05
26988: 7.41043e-05
26989: 7.41015e-05
26990: 7.40988e-05
26991: 7.4096e-05
26992: 7.40933e-05
26993: 7.40905e-05
26994: 7.40878e-05
26995: 7.4085e-05
26996: 7.40823e-05
26997: 7.40796e-05
26998: 7.40768e-05
26999: 7.40741e-05
27000: 7.40713e-05
27001: 7.40686e-05
27002: 7.40658e-05
27003: 7.40631e-05
27004: 7.40604e-05
27005: 7.40576e-05
27006: 7.40549e-05
27007: 7.40521e-05
27008: 7.40494e-05
27009: 7.40466e-05
27010: 7.40439e-05
27011: 7.40412e-05
27012: 7.40384e-05
27013: 7.40357e-05
27014: 7.40329e-05
27015: 7.40302e-05
27016: 7.40275e-05
27017: 7.40247e-05
27018: 7.4022e-05
27019: 7.40192e-05
27020: 7.40165e-05
27021: 7.40138e-05
27022: 7.4011e-05
27023: 7.40083e-05
27024: 7.40056e-05
27025: 7.40028e-05
27026: 7.40001e-05
27027: 7.39973e-05
27028: 7.39946e-05
27029: 7.39919e-05
27030: 7.39891e-05
27031: 7.39864e-05
27032: 7.39836e-05
27033: 7.39809e-05
27034: 7.39782e-05
27035: 7.39754e-05
27036: 7.39727e-05
27037: 7.397e-05
27038: 7.39672e-05
27039: 7.39645e-05
27040: 7.39618e-05
27041: 7.3959e-05
27042: 7.39563e-05
27043: 7.39536e-05
27044: 7.39508e-05
27045: 7.39481e-05
27046: 7.39454e-05
27047: 7.39426e-05
27048: 7.39399e-05
27049: 7.39372e-05
27050: 7.39344e-05
27051: 7.39317e-05
27052: 7.3929e-05
27053: 7.39262e-05
27054: 7.39235e-05
27055: 7.39208e-05
27056: 7.3918e-05
27057: 7.39153e-05
27058: 7.39126e-05
27059: 7.39098e-05
27060: 7.39071e-05
27061: 7.39044e-05
27062: 7.39016e-05
27063: 7.38989e-05
27064: 7.38962e-05
27065: 7.38934e-05
27066: 7.38907e-05
27067: 7.3888e-05
27068: 7.38853e-05
27069: 7.38825e-05
27070: 7.38798e-05
27071: 7.38771e-05
27072: 7.38743e-05
27073: 7.38716e-05
27074: 7.38689e-05
27075: 7.38662e-05
27076: 7.38634e-05
27077: 7.38607e-05
27078: 7.3858e-05
27079: 7.38552e-05
27080: 7.38525e-05
27081: 7.38498e-05
27082: 7.38471e-05
27083: 7.38443e-05
27084: 7.38416e-05
27085: 7.38389e-05
27086: 7.38362e-05
27087: 7.38334e-05
27088: 7.38307e-05
27089: 7.3828e-05
27090: 7.38253e-05
27091: 7.38225e-05
27092: 7.38198e-05
27093: 7.38171e-05
27094: 7.38144e-05
27095: 7.38116e-05
27096: 7.38089e-05
27097: 7.38062e-05
27098: 7.38035e-05
27099: 7.38007e-05
27100: 7.3798e-05
27101: 7.37953e-05
27102: 7.37926e-05
27103: 7.37898e-05
27104: 7.37871e-05
27105: 7.37844e-05
27106: 7.37817e-05
27107: 7.3779e-05
27108: 7.37762e-05
27109: 7.37735e-05
27110: 7.37708e-05
27111: 7.37681e-05
27112: 7.37654e-05
27113: 7.37626e-05
27114: 7.37599e-05
27115: 7.37572e-05
27116: 7.37545e-05
27117: 7.37518e-05
27118: 7.3749e-05
27119: 7.37463e-05
27120: 7.37436e-05
27121: 7.37409e-05
27122: 7.37382e-05
27123: 7.37354e-05
27124: 7.37327e-05
27125: 7.373e-05
27126: 7.37273e-05
27127: 7.37246e-05
27128: 7.37218e-05
27129: 7.37191e-05
27130: 7.37164e-05
27131: 7.37137e-05
27132: 7.3711e-05
27133: 7.37083e-05
27134: 7.37055e-05
27135: 7.37028e-05
27136: 7.37001e-05
27137: 7.36974e-05
27138: 7.36947e-05
27139: 7.3692e-05
27140: 7.36893e-05
27141: 7.36865e-05
27142: 7.36838e-05
27143: 7.36811e-05
27144: 7.36784e-05
27145: 7.36757e-05
27146: 7.3673e-05
27147: 7.36703e-05
27148: 7.36675e-05
27149: 7.36648e-05
27150: 7.36621e-05
27151: 7.36594e-05
27152: 7.36567e-05
27153: 7.3654e-05
27154: 7.36513e-05
27155: 7.36485e-05
27156: 7.36458e-05
27157: 7.36431e-05
27158: 7.36404e-05
27159: 7.36377e-05
27160: 7.3635e-05
27161: 7.36323e-05
27162: 7.36296e-05
27163: 7.36269e-05
27164: 7.36241e-05
27165: 7.36214e-05
27166: 7.36187e-05
27167: 7.3616e-05
27168: 7.36133e-05
27169: 7.36106e-05
27170: 7.36079e-05
27171: 7.36052e-05
27172: 7.36025e-05
27173: 7.35998e-05
27174: 7.35971e-05
27175: 7.35943e-05
27176: 7.35916e-05
27177: 7.35889e-05
27178: 7.35862e-05
27179: 7.35835e-05
27180: 7.35808e-05
27181: 7.35781e-05
27182: 7.35754e-05
27183: 7.35727e-05
27184: 7.357e-05
27185: 7.35673e-05
27186: 7.35646e-05
27187: 7.35619e-05
27188: 7.35592e-05
27189: 7.35565e-05
27190: 7.35537e-05
27191: 7.3551e-05
27192: 7.35483e-05
27193: 7.35456e-05
27194: 7.35429e-05
27195: 7.35402e-05
27196: 7.35375e-05
27197: 7.35348e-05
27198: 7.35321e-05
27199: 7.35294e-05
27200: 7.35267e-05
27201: 7.3524e-05
27202: 7.35213e-05
27203: 7.35186e-05
27204: 7.35159e-05
27205: 7.35132e-05
27206: 7.35105e-05
27207: 7.35078e-05
27208: 7.35051e-05
27209: 7.35024e-05
27210: 7.34997e-05
27211: 7.3497e-05
27212: 7.34943e-05
27213: 7.34916e-05
27214: 7.34889e-05
27215: 7.34862e-05
27216: 7.34835e-05
27217: 7.34808e-05
27218: 7.34781e-05
27219: 7.34754e-05
27220: 7.34727e-05
27221: 7.347e-05
27222: 7.34673e-05
27223: 7.34646e-05
27224: 7.34619e-05
27225: 7.34592e-05
27226: 7.34565e-05
27227: 7.34538e-05
27228: 7.34511e-05
27229: 7.34484e-05
27230: 7.34457e-05
27231: 7.3443e-05
27232: 7.34403e-05
27233: 7.34376e-05
27234: 7.34349e-05
27235: 7.34322e-05
27236: 7.34295e-05
27237: 7.34268e-05
27238: 7.34241e-05
27239: 7.34214e-05
27240: 7.34187e-05
27241: 7.3416e-05
27242: 7.34134e-05
27243: 7.34107e-05
27244: 7.3408e-05
27245: 7.34053e-05
27246: 7.34026e-05
27247: 7.33999e-05
27248: 7.33972e-05
27249: 7.33945e-05
27250: 7.33918e-05
27251: 7.33891e-05
27252: 7.33864e-05
27253: 7.33837e-05
27254: 7.3381e-05
27255: 7.33783e-05
27256: 7.33756e-05
27257: 7.3373e-05
27258: 7.33703e-05
27259: 7.33676e-05
27260: 7.33649e-05
27261: 7.33622e-05
27262: 7.33595e-05
27263: 7.33568e-05
27264: 7.33541e-05
27265: 7.33514e-05
27266: 7.33487e-05
27267: 7.3346e-05
27268: 7.33434e-05
27269: 7.33407e-05
27270: 7.3338e-05
27271: 7.33353e-05
27272: 7.33326e-05
27273: 7.33299e-05
27274: 7.33272e-05
27275: 7.33245e-05
27276: 7.33218e-05
27277: 7.33192e-05
27278: 7.33165e-05
27279: 7.33138e-05
27280: 7.33111e-05
27281: 7.33084e-05
27282: 7.33057e-05
27283: 7.3303e-05
27284: 7.33003e-05
27285: 7.32977e-05
27286: 7.3295e-05
27287: 7.32923e-05
27288: 7.32896e-05
27289: 7.32869e-05
27290: 7.32842e-05
27291: 7.32815e-05
27292: 7.32789e-05
27293: 7.32762e-05
27294: 7.32735e-05
27295: 7.32708e-05
27296: 7.32681e-05
27297: 7.32654e-05
27298: 7.32628e-05
27299: 7.32601e-05
27300: 7.32574e-05
27301: 7.32547e-05
27302: 7.3252e-05
27303: 7.32493e-05
27304: 7.32467e-05
27305: 7.3244e-05
27306: 7.32413e-05
27307: 7.32386e-05
27308: 7.32359e-05
27309: 7.32332e-05
27310: 7.32306e-05
27311: 7.32279e-05
27312: 7.32252e-05
27313: 7.32225e-05
27314: 7.32198e-05
27315: 7.32172e-05
27316: 7.32145e-05
27317: 7.32118e-05
27318: 7.32091e-05
27319: 7.32064e-05
27320: 7.32038e-05
27321: 7.32011e-05
27322: 7.31984e-05
27323: 7.31957e-05
27324: 7.3193e-05
27325: 7.31904e-05
27326: 7.31877e-05
27327: 7.3185e-05
27328: 7.31823e-05
27329: 7.31797e-05
27330: 7.3177e-05
27331: 7.31743e-05
27332: 7.31716e-05
27333: 7.31689e-05
27334: 7.31663e-05
27335: 7.31636e-05
27336: 7.31609e-05
27337: 7.31582e-05
27338: 7.31556e-05
27339: 7.31529e-05
27340: 7.31502e-05
27341: 7.31475e-05
27342: 7.31449e-05
27343: 7.31422e-05
27344: 7.31395e-05
27345: 7.31368e-05
27346: 7.31342e-05
27347: 7.31315e-05
27348: 7.31288e-05
27349: 7.31261e-05
27350: 7.31235e-05
27351: 7.31208e-05
27352: 7.31181e-05
27353: 7.31154e-05
27354: 7.31128e-05
27355: 7.31101e-05
27356: 7.31074e-05
27357: 7.31048e-05
27358: 7.31021e-05
27359: 7.30994e-05
27360: 7.30967e-05
27361: 7.30941e-05
27362: 7.30914e-05
27363: 7.30887e-05
27364: 7.30861e-05
27365: 7.30834e-05
27366: 7.30807e-05
27367: 7.3078e-05
27368: 7.30754e-05
27369: 7.30727e-05
27370: 7.307e-05
27371: 7.30674e-05
27372: 7.30647e-05
27373: 7.3062e-05
27374: 7.30594e-05
27375: 7.30567e-05
27376: 7.3054e-05
27377: 7.30514e-05
27378: 7.30487e-05
27379: 7.3046e-05
27380: 7.30434e-05
27381: 7.30407e-05
27382: 7.3038e-05
27383: 7.30353e-05
27384: 7.30327e-05
27385: 7.303e-05
27386: 7.30273e-05
27387: 7.30247e-05
27388: 7.3022e-05
27389: 7.30194e-05
27390: 7.30167e-05
27391: 7.3014e-05
27392: 7.30114e-05
27393: 7.30087e-05
27394: 7.3006e-05
27395: 7.30034e-05
27396: 7.30007e-05
27397: 7.2998e-05
27398: 7.29954e-05
27399: 7.29927e-05
27400: 7.299e-05
27401: 7.29874e-05
27402: 7.29847e-05
27403: 7.2982e-05
27404: 7.29794e-05
27405: 7.29767e-05
27406: 7.29741e-05
27407: 7.29714e-05
27408: 7.29687e-05
27409: 7.29661e-05
27410: 7.29634e-05
27411: 7.29607e-05
27412: 7.29581e-05
27413: 7.29554e-05
27414: 7.29528e-05
27415: 7.29501e-05
27416: 7.29474e-05
27417: 7.29448e-05
27418: 7.29421e-05
27419: 7.29395e-05
27420: 7.29368e-05
27421: 7.29341e-05
27422: 7.29315e-05
27423: 7.29288e-05
27424: 7.29262e-05
27425: 7.29235e-05
27426: 7.29208e-05
27427: 7.29182e-05
27428: 7.29155e-05
27429: 7.29129e-05
27430: 7.29102e-05
27431: 7.29076e-05
27432: 7.29049e-05
27433: 7.29022e-05
27434: 7.28996e-05
27435: 7.28969e-05
27436: 7.28943e-05
27437: 7.28916e-05
27438: 7.2889e-05
27439: 7.28863e-05
27440: 7.28836e-05
27441: 7.2881e-05
27442: 7.28783e-05
27443: 7.28757e-05
27444: 7.2873e-05
27445: 7.28704e-05
27446: 7.28677e-05
27447: 7.28651e-05
27448: 7.28624e-05
27449: 7.28597e-05
27450: 7.28571e-05
27451: 7.28544e-05
27452: 7.28518e-05
27453: 7.28491e-05
27454: 7.28465e-05
27455: 7.28438e-05
27456: 7.28412e-05
27457: 7.28385e-05
27458: 7.28359e-05
27459: 7.28332e-05
27460: 7.28306e-05
27461: 7.28279e-05
27462: 7.28253e-05
27463: 7.28226e-05
27464: 7.282e-05
27465: 7.28173e-05
27466: 7.28147e-05
27467: 7.2812e-05
27468: 7.28093e-05
27469: 7.28067e-05
27470: 7.2804e-05
27471: 7.28014e-05
27472: 7.27987e-05
27473: 7.27961e-05
27474: 7.27934e-05
27475: 7.27908e-05
27476: 7.27882e-05
27477: 7.27855e-05
27478: 7.27829e-05
27479: 7.27802e-05
27480: 7.27776e-05
27481: 7.27749e-05
27482: 7.27723e-05
27483: 7.27696e-05
27484: 7.2767e-05
27485: 7.27643e-05
27486: 7.27617e-05
27487: 7.2759e-05
27488: 7.27564e-05
27489: 7.27537e-05
27490: 7.27511e-05
27491: 7.27484e-05
27492: 7.27458e-05
27493: 7.27431e-05
27494: 7.27405e-05
27495: 7.27379e-05
27496: 7.27352e-05
27497: 7.27326e-05
27498: 7.27299e-05
27499: 7.27273e-05
27500: 7.27246e-05
27501: 7.2722e-05
27502: 7.27193e-05
27503: 7.27167e-05
27504: 7.27141e-05
27505: 7.27114e-05
27506: 7.27088e-05
27507: 7.27061e-05
27508: 7.27035e-05
27509: 7.27008e-05
27510: 7.26982e-05
27511: 7.26956e-05
27512: 7.26929e-05
27513: 7.26903e-05
27514: 7.26876e-05
27515: 7.2685e-05
27516: 7.26823e-05
27517: 7.26797e-05
27518: 7.26771e-05
27519: 7.26744e-05
27520: 7.26718e-05
27521: 7.26691e-05
27522: 7.26665e-05
27523: 7.26639e-05
27524: 7.26612e-05
27525: 7.26586e-05
27526: 7.26559e-05
27527: 7.26533e-05
27528: 7.26507e-05
27529: 7.2648e-05
27530: 7.26454e-05
27531: 7.26427e-05
27532: 7.26401e-05
27533: 7.26375e-05
27534: 7.26348e-05
27535: 7.26322e-05
27536: 7.26296e-05
27537: 7.26269e-05
27538: 7.26243e-05
27539: 7.26216e-05
27540: 7.2619e-05
27541: 7.26164e-05
27542: 7.26137e-05
27543: 7.26111e-05
27544: 7.26085e-05
27545: 7.26058e-05
27546: 7.26032e-05
27547: 7.26006e-05
27548: 7.25979e-05
27549: 7.25953e-05
27550: 7.25926e-05
27551: 7.259e-05
27552: 7.25874e-05
27553: 7.25847e-05
27554: 7.25821e-05
27555: 7.25795e-05
27556: 7.25768e-05
27557: 7.25742e-05
27558: 7.25716e-05
27559: 7.25689e-05
27560: 7.25663e-05
27561: 7.25637e-05
27562: 7.2561e-05
27563: 7.25584e-05
27564: 7.25558e-05
27565: 7.25531e-05
27566: 7.25505e-05
27567: 7.25479e-05
27568: 7.25453e-05
27569: 7.25426e-05
27570: 7.254e-05
27571: 7.25374e-05
27572: 7.25347e-05
27573: 7.25321e-05
27574: 7.25295e-05
27575: 7.25268e-05
27576: 7.25242e-05
27577: 7.25216e-05
27578: 7.25189e-05
27579: 7.25163e-05
27580: 7.25137e-05
27581: 7.25111e-05
27582: 7.25084e-05
27583: 7.25058e-05
27584: 7.25032e-05
27585: 7.25005e-05
27586: 7.24979e-05
27587: 7.24953e-05
27588: 7.24927e-05
27589: 7.249e-05
27590: 7.24874e-05
27591: 7.24848e-05
27592: 7.24822e-05
27593: 7.24795e-05
27594: 7.24769e-05
27595: 7.24743e-05
27596: 7.24716e-05
27597: 7.2469e-05
27598: 7.24664e-05
27599: 7.24638e-05
27600: 7.24611e-05
27601: 7.24585e-05
27602: 7.24559e-05
27603: 7.24533e-05
27604: 7.24506e-05
27605: 7.2448e-05
27606: 7.24454e-05
27607: 7.24428e-05
27608: 7.24401e-05
27609: 7.24375e-05
27610: 7.24349e-05
27611: 7.24323e-05
27612: 7.24297e-05
27613: 7.2427e-05
27614: 7.24244e-05
27615: 7.24218e-05
27616: 7.24192e-05
27617: 7.24165e-05
27618: 7.24139e-05
27619: 7.24113e-05
27620: 7.24087e-05
27621: 7.24061e-05
27622: 7.24034e-05
27623: 7.24008e-05
27624: 7.23982e-05
27625: 7.23956e-05
27626: 7.23929e-05
27627: 7.23903e-05
27628: 7.23877e-05
27629: 7.23851e-05
27630: 7.23825e-05
27631: 7.23798e-05
27632: 7.23772e-05
27633: 7.23746e-05
27634: 7.2372e-05
27635: 7.23694e-05
27636: 7.23668e-05
27637: 7.23641e-05
27638: 7.23615e-05
27639: 7.23589e-05
27640: 7.23563e-05
27641: 7.23537e-05
27642: 7.2351e-05
27643: 7.23484e-05
27644: 7.23458e-05
27645: 7.23432e-05
27646: 7.23406e-05
27647: 7.2338e-05
27648: 7.23353e-05
27649: 7.23327e-05
27650: 7.23301e-05
27651: 7.23275e-05
27652: 7.23249e-05
27653: 7.23223e-05
27654: 7.23197e-05
27655: 7.2317e-05
27656: 7.23144e-05
27657: 7.23118e-05
27658: 7.23092e-05
27659: 7.23066e-05
27660: 7.2304e-05
27661: 7.23014e-05
27662: 7.22987e-05
27663: 7.22961e-05
27664: 7.22935e-05
27665: 7.22909e-05
27666: 7.22883e-05
27667: 7.22857e-05
27668: 7.22831e-05
27669: 7.22804e-05
27670: 7.22778e-05
27671: 7.22752e-05
27672: 7.22726e-05
27673: 7.227e-05
27674: 7.22674e-05
27675: 7.22648e-05
27676: 7.22622e-05
27677: 7.22596e-05
27678: 7.22569e-05
27679: 7.22543e-05
27680: 7.22517e-05
27681: 7.22491e-05
27682: 7.22465e-05
27683: 7.22439e-05
27684: 7.22413e-05
27685: 7.22387e-05
27686: 7.22361e-05
27687: 7.22335e-05
27688: 7.22308e-05
27689: 7.22282e-05
27690: 7.22256e-05
27691: 7.2223e-05
27692: 7.22204e-05
27693: 7.22178e-05
27694: 7.22152e-05
27695: 7.22126e-05
27696: 7.221e-05
27697: 7.22074e-05
27698: 7.22048e-05
27699: 7.22022e-05
27700: 7.21996e-05
27701: 7.2197e-05
27702: 7.21943e-05
27703: 7.21917e-05
27704: 7.21891e-05
27705: 7.21865e-05
27706: 7.21839e-05
27707: 7.21813e-05
27708: 7.21787e-05
27709: 7.21761e-05
27710: 7.21735e-05
27711: 7.21709e-05
27712: 7.21683e-05
27713: 7.21657e-05
27714: 7.21631e-05
27715: 7.21605e-05
27716: 7.21579e-05
27717: 7.21553e-05
27718: 7.21527e-05
27719: 7.21501e-05
27720: 7.21475e-05
27721: 7.21449e-05
27722: 7.21423e-05
27723: 7.21397e-05
27724: 7.21371e-05
27725: 7.21345e-05
27726: 7.21319e-05
27727: 7.21293e-05
27728: 7.21267e-05
27729: 7.21241e-05
27730: 7.21215e-05
27731: 7.21189e-05
27732: 7.21163e-05
27733: 7.21137e-05
27734: 7.21111e-05
27735: 7.21085e-05
27736: 7.21059e-05
27737: 7.21033e-05
27738: 7.21007e-05
27739: 7.20981e-05
27740: 7.20955e-05
27741: 7.20929e-05
27742: 7.20903e-05
27743: 7.20877e-05
27744: 7.20851e-05
27745: 7.20825e-05
27746: 7.20799e-05
27747: 7.20773e-05
27748: 7.20747e-05
27749: 7.20721e-05
27750: 7.20695e-05
27751: 7.20669e-05
27752: 7.20643e-05
27753: 7.20617e-05
27754: 7.20591e-05
27755: 7.20565e-05
27756: 7.20539e-05
27757: 7.20513e-05
27758: 7.20487e-05
27759: 7.20461e-05
27760: 7.20435e-05
27761: 7.20409e-05
27762: 7.20383e-05
27763: 7.20357e-05
27764: 7.20331e-05
27765: 7.20305e-05
27766: 7.20279e-05
27767: 7.20254e-05
27768: 7.20228e-05
27769: 7.20202e-05
27770: 7.20176e-05
27771: 7.2015e-05
27772: 7.20124e-05
27773: 7.20098e-05
27774: 7.20072e-05
27775: 7.20046e-05
27776: 7.2002e-05
27777: 7.19994e-05
27778: 7.19968e-05
27779: 7.19942e-05
27780: 7.19916e-05
27781: 7.19891e-05
27782: 7.19865e-05
27783: 7.19839e-05
27784: 7.19813e-05
27785: 7.19787e-05
27786: 7.19761e-05
27787: 7.19735e-05
27788: 7.19709e-05
27789: 7.19683e-05
27790: 7.19657e-05
27791: 7.19632e-05
27792: 7.19606e-05
27793: 7.1958e-05
27794: 7.19554e-05
27795: 7.19528e-05
27796: 7.19502e-05
27797: 7.19476e-05
27798: 7.1945e-05
27799: 7.19424e-05
27800: 7.19399e-05
27801: 7.19373e-05
27802: 7.19347e-05
27803: 7.19321e-05
27804: 7.19295e-05
27805: 7.19269e-05
27806: 7.19243e-05
27807: 7.19217e-05
27808: 7.19192e-05
27809: 7.19166e-05
27810: 7.1914e-05
27811: 7.19114e-05
27812: 7.19088e-05
27813: 7.19062e-05
27814: 7.19036e-05
27815: 7.19011e-05
27816: 7.18985e-05
27817: 7.18959e-05
27818: 7.18933e-05
27819: 7.18907e-05
27820: 7.18881e-05
27821: 7.18856e-05
27822: 7.1883e-05
27823: 7.18804e-05
27824: 7.18778e-05
27825: 7.18752e-05
27826: 7.18726e-05
27827: 7.18701e-05
27828: 7.18675e-05
27829: 7.18649e-05
27830: 7.18623e-05
27831: 7.18597e-05
27832: 7.18571e-05
27833: 7.18546e-05
27834: 7.1852e-05
27835: 7.18494e-05
27836: 7.18468e-05
27837: 7.18442e-05
27838: 7.18417e-05
27839: 7.18391e-05
27840: 7.18365e-05
27841: 7.18339e-05
27842: 7.18313e-05
27843: 7.18288e-05
27844: 7.18262e-05
27845: 7.18236e-05
27846: 7.1821e-05
27847: 7.18184e-05
27848: 7.18159e-05
27849: 7.18133e-05
27850: 7.18107e-05
27851: 7.18081e-05
27852: 7.18056e-05
27853: 7.1803e-05
27854: 7.18004e-05
27855: 7.17978e-05
27856: 7.17952e-05
27857: 7.17927e-05
27858: 7.17901e-05
27859: 7.17875e-05
27860: 7.17849e-05
27861: 7.17824e-05
27862: 7.17798e-05
27863: 7.17772e-05
27864: 7.17746e-05
27865: 7.17721e-05
27866: 7.17695e-05
27867: 7.17669e-05
27868: 7.17643e-05
27869: 7.17618e-05
27870: 7.17592e-05
27871: 7.17566e-05
27872: 7.1754e-05
27873: 7.17515e-05
27874: 7.17489e-05
27875: 7.17463e-05
27876: 7.17437e-05
27877: 7.17412e-05
27878: 7.17386e-05
27879: 7.1736e-05
27880: 7.17334e-05
27881: 7.17309e-05
27882: 7.17283e-05
27883: 7.17257e-05
27884: 7.17231e-05
27885: 7.17206e-05
27886: 7.1718e-05
27887: 7.17154e-05
27888: 7.17129e-05
27889: 7.17103e-05
27890: 7.17077e-05
27891: 7.17051e-05
27892: 7.17026e-05
27893: 7.17e-05
27894: 7.16974e-05
27895: 7.16949e-05
27896: 7.16923e-05
27897: 7.16897e-05
27898: 7.16872e-05
27899: 7.16846e-05
27900: 7.1682e-05
27901: 7.16794e-05
27902: 7.16769e-05
27903: 7.16743e-05
27904: 7.16717e-05
27905: 7.16692e-05
27906: 7.16666e-05
27907: 7.1664e-05
27908: 7.16615e-05
27909: 7.16589e-05
27910: 7.16563e-05
27911: 7.16538e-05
27912: 7.16512e-05
27913: 7.16486e-05
27914: 7.16461e-05
27915: 7.16435e-05
27916: 7.16409e-05
27917: 7.16384e-05
27918: 7.16358e-05
27919: 7.16332e-05
27920: 7.16307e-05
27921: 7.16281e-05
27922: 7.16255e-05
27923: 7.1623e-05
27924: 7.16204e-05
27925: 7.16178e-05
27926: 7.16153e-05
27927: 7.16127e-05
27928: 7.16102e-05
27929: 7.16076e-05
27930: 7.1605e-05
27931: 7.16025e-05
27932: 7.15999e-05
27933: 7.15973e-05
27934: 7.15948e-05
27935: 7.15922e-05
27936: 7.15896e-05
27937: 7.15871e-05
27938: 7.15845e-05
27939: 7.1582e-05
27940: 7.15794e-05
27941: 7.15768e-05
27942: 7.15743e-05
27943: 7.15717e-05
27944: 7.15692e-05
27945: 7.15666e-05
27946: 7.1564e-05
27947: 7.15615e-05
27948: 7.15589e-05
27949: 7.15564e-05
27950: 7.15538e-05
27951: 7.15512e-05
27952: 7.15487e-05
27953: 7.15461e-05
27954: 7.15436e-05
27955: 7.1541e-05
27956: 7.15384e-05
27957: 7.15359e-05
27958: 7.15333e-05
27959: 7.15308e-05
27960: 7.15282e-05
27961: 7.15256e-05
27962: 7.15231e-05
27963: 7.15205e-05
27964: 7.1518e-05
27965: 7.15154e-05
27966: 7.15129e-05
27967: 7.15103e-05
27968: 7.15077e-05
27969: 7.15052e-05
27970: 7.15026e-05
27971: 7.15001e-05
27972: 7.14975e-05
27973: 7.1495e-05
27974: 7.14924e-05
27975: 7.14898e-05
27976: 7.14873e-05
27977: 7.14847e-05
27978: 7.14822e-05
27979: 7.14796e-05
27980: 7.14771e-05
27981: 7.14745e-05
27982: 7.1472e-05
27983: 7.14694e-05
27984: 7.14669e-05
27985: 7.14643e-05
27986: 7.14618e-05
27987: 7.14592e-05
27988: 7.14566e-05
27989: 7.14541e-05
27990: 7.14515e-05
27991: 7.1449e-05
27992: 7.14464e-05
27993: 7.14439e-05
27994: 7.14413e-05
27995: 7.14388e-05
27996: 7.14362e-05
27997: 7.14337e-05
27998: 7.14311e-05
27999: 7.14286e-05
28000: 7.1426e-05
28001: 7.14235e-05
28002: 7.14209e-05
28003: 7.14184e-05
28004: 7.14158e-05
28005: 7.14133e-05
28006: 7.14107e-05
28007: 7.14082e-05
28008: 7.14056e-05
28009: 7.14031e-05
28010: 7.14005e-05
28011: 7.1398e-05
28012: 7.13954e-05
28013: 7.13929e-05
28014: 7.13903e-05
28015: 7.13878e-05
28016: 7.13852e-05
28017: 7.13827e-05
28018: 7.13801e-05
28019: 7.13776e-05
28020: 7.1375e-05
28021: 7.13725e-05
28022: 7.13699e-05
28023: 7.13674e-05
28024: 7.13649e-05
28025: 7.13623e-05
28026: 7.13598e-05
28027: 7.13572e-05
28028: 7.13547e-05
28029: 7.13521e-05
28030: 7.13496e-05
28031: 7.1347e-05
28032: 7.13445e-05
28033: 7.13419e-05
28034: 7.13394e-05
28035: 7.13369e-05
28036: 7.13343e-05
28037: 7.13318e-05
28038: 7.13292e-05
28039: 7.13267e-05
28040: 7.13241e-05
28041: 7.13216e-05
28042: 7.1319e-05
28043: 7.13165e-05
28044: 7.1314e-05
28045: 7.13114e-05
28046: 7.13089e-05
28047: 7.13063e-05
28048: 7.13038e-05
28049: 7.13012e-05
28050: 7.12987e-05
28051: 7.12962e-05
28052: 7.12936e-05
28053: 7.12911e-05
28054: 7.12885e-05
28055: 7.1286e-05
28056: 7.12835e-05
28057: 7.12809e-05
28058: 7.12784e-05
28059: 7.12758e-05
28060: 7.12733e-05
28061: 7.12708e-05
28062: 7.12682e-05
28063: 7.12657e-05
28064: 7.12631e-05
28065: 7.12606e-05
28066: 7.12581e-05
28067: 7.12555e-05
28068: 7.1253e-05
28069: 7.12504e-05
28070: 7.12479e-05
28071: 7.12454e-05
28072: 7.12428e-05
28073: 7.12403e-05
28074: 7.12378e-05
28075: 7.12352e-05
28076: 7.12327e-05
28077: 7.12301e-05
28078: 7.12276e-05
28079: 7.12251e-05
28080: 7.12225e-05
28081: 7.122e-05
28082: 7.12175e-05
28083: 7.12149e-05
28084: 7.12124e-05
28085: 7.12099e-05
28086: 7.12073e-05
28087: 7.12048e-05
28088: 7.12022e-05
28089: 7.11997e-05
28090: 7.11972e-05
28091: 7.11946e-05
28092: 7.11921e-05
28093: 7.11896e-05
28094: 7.1187e-05
28095: 7.11845e-05
28096: 7.1182e-05
28097: 7.11794e-05
28098: 7.11769e-05
28099: 7.11744e-05
28100: 7.11718e-05
28101: 7.11693e-05
28102: 7.11668e-05
28103: 7.11642e-05
28104: 7.11617e-05
28105: 7.11592e-05
28106: 7.11567e-05
28107: 7.11541e-05
28108: 7.11516e-05
28109: 7.11491e-05
28110: 7.11465e-05
28111: 7.1144e-05
28112: 7.11415e-05
28113: 7.11389e-05
28114: 7.11364e-05
28115: 7.11339e-05
28116: 7.11313e-05
28117: 7.11288e-05
28118: 7.11263e-05
28119: 7.11238e-05
28120: 7.11212e-05
28121: 7.11187e-05
28122: 7.11162e-05
28123: 7.11136e-05
28124: 7.11111e-05
28125: 7.11086e-05
28126: 7.11061e-05
28127: 7.11035e-05
28128: 7.1101e-05
28129: 7.10985e-05
28130: 7.10959e-05
28131: 7.10934e-05
28132: 7.10909e-05
28133: 7.10884e-05
28134: 7.10858e-05
28135: 7.10833e-05
28136: 7.10808e-05
28137: 7.10783e-05
28138: 7.10757e-05
28139: 7.10732e-05
28140: 7.10707e-05
28141: 7.10682e-05
28142: 7.10656e-05
28143: 7.10631e-05
28144: 7.10606e-05
28145: 7.10581e-05
28146: 7.10555e-05
28147: 7.1053e-05
28148: 7.10505e-05
28149: 7.1048e-05
28150: 7.10454e-05
28151: 7.10429e-05
28152: 7.10404e-05
28153: 7.10379e-05
28154: 7.10353e-05
28155: 7.10328e-05
28156: 7.10303e-05
28157: 7.10278e-05
28158: 7.10252e-05
28159: 7.10227e-05
28160: 7.10202e-05
28161: 7.10177e-05
28162: 7.10152e-05
28163: 7.10126e-05
28164: 7.10101e-05
28165: 7.10076e-05
28166: 7.10051e-05
28167: 7.10026e-05
28168: 7.1e-05
28169: 7.09975e-05
28170: 7.0995e-05
28171: 7.09925e-05
28172: 7.099e-05
28173: 7.09874e-05
28174: 7.09849e-05
28175: 7.09824e-05
28176: 7.09799e-05
28177: 7.09774e-05
28178: 7.09748e-05
28179: 7.09723e-05
28180: 7.09698e-05
28181: 7.09673e-05
28182: 7.09648e-05
28183: 7.09622e-05
28184: 7.09597e-05
28185: 7.09572e-05
28186: 7.09547e-05
28187: 7.09522e-05
28188: 7.09497e-05
28189: 7.09471e-05
28190: 7.09446e-05
28191: 7.09421e-05
28192: 7.09396e-05
28193: 7.09371e-05
28194: 7.09346e-05
28195: 7.0932e-05
28196: 7.09295e-05
28197: 7.0927e-05
28198: 7.09245e-05
28199: 7.0922e-05
28200: 7.09195e-05
28201: 7.0917e-05
28202: 7.09144e-05
28203: 7.09119e-05
28204: 7.09094e-05
28205: 7.09069e-05
28206: 7.09044e-05
28207: 7.09019e-05
28208: 7.08994e-05
28209: 7.08968e-05
28210: 7.08943e-05
28211: 7.08918e-05
28212: 7.08893e-05
28213: 7.08868e-05
28214: 7.08843e-05
28215: 7.08818e-05
28216: 7.08793e-05
28217: 7.08767e-05
28218: 7.08742e-05
28219: 7.08717e-05
28220: 7.08692e-05
28221: 7.08667e-05
28222: 7.08642e-05
28223: 7.08617e-05
28224: 7.08592e-05
28225: 7.08567e-05
28226: 7.08541e-05
28227: 7.08516e-05
28228: 7.08491e-05
28229: 7.08466e-05
28230: 7.08441e-05
28231: 7.08416e-05
28232: 7.08391e-05
28233: 7.08366e-05
28234: 7.08341e-05
28235: 7.08316e-05
28236: 7.08291e-05
28237: 7.08265e-05
28238: 7.0824e-05
28239: 7.08215e-05
28240: 7.0819e-05
28241: 7.08165e-05
28242: 7.0814e-05
28243: 7.08115e-05
28244: 7.0809e-05
28245: 7.08065e-05
28246: 7.0804e-05
28247: 7.08015e-05
28248: 7.0799e-05
28249: 7.07965e-05
28250: 7.0794e-05
28251: 7.07914e-05
28252: 7.07889e-05
28253: 7.07864e-05
28254: 7.07839e-05
28255: 7.07814e-05
28256: 7.07789e-05
28257: 7.07764e-05
28258: 7.07739e-05
28259: 7.07714e-05
28260: 7.07689e-05
28261: 7.07664e-05
28262: 7.07639e-05
28263: 7.07614e-05
28264: 7.07589e-05
28265: 7.07564e-05
28266: 7.07539e-05
28267: 7.07514e-05
28268: 7.07489e-05
28269: 7.07464e-05
28270: 7.07439e-05
28271: 7.07414e-05
28272: 7.07389e-05
28273: 7.07364e-05
28274: 7.07339e-05
28275: 7.07314e-05
28276: 7.07289e-05
28277: 7.07264e-05
28278: 7.07239e-05
28279: 7.07214e-05
28280: 7.07189e-05
28281: 7.07164e-05
28282: 7.07139e-05
28283: 7.07114e-05
28284: 7.07089e-05
28285: 7.07064e-05
28286: 7.07039e-05
28287: 7.07014e-05
28288: 7.06989e-05
28289: 7.06964e-05
28290: 7.06939e-05
28291: 7.06914e-05
28292: 7.06889e-05
28293: 7.06864e-05
28294: 7.06839e-05
28295: 7.06814e-05
28296: 7.06789e-05
28297: 7.06764e-05
28298: 7.06739e-05
28299: 7.06714e-05
28300: 7.06689e-05
28301: 7.06664e-05
28302: 7.06639e-05
28303: 7.06614e-05
28304: 7.06589e-05
28305: 7.06564e-05
28306: 7.06539e-05
28307: 7.06514e-05
28308: 7.06489e-05
28309: 7.06464e-05
28310: 7.06439e-05
28311: 7.06414e-05
28312: 7.06389e-05
28313: 7.06364e-05
28314: 7.06339e-05
28315: 7.06314e-05
28316: 7.0629e-05
28317: 7.06265e-05
28318: 7.0624e-05
28319: 7.06215e-05
28320: 7.0619e-05
28321: 7.06165e-05
28322: 7.0614e-05
28323: 7.06115e-05
28324: 7.0609e-05
28325: 7.06065e-05
28326: 7.0604e-05
28327: 7.06015e-05
28328: 7.0599e-05
28329: 7.05965e-05
28330: 7.0594e-05
28331: 7.05916e-05
28332: 7.05891e-05
28333: 7.05866e-05
28334: 7.05841e-05
28335: 7.05816e-05
28336: 7.05791e-05
28337: 7.05766e-05
28338: 7.05741e-05
28339: 7.05716e-05
28340: 7.05691e-05
28341: 7.05667e-05
28342: 7.05642e-05
28343: 7.05617e-05
28344: 7.05592e-05
28345: 7.05567e-05
28346: 7.05542e-05
28347: 7.05517e-05
28348: 7.05492e-05
28349: 7.05467e-05
28350: 7.05442e-05
28351: 7.05418e-05
28352: 7.05393e-05
28353: 7.05368e-05
28354: 7.05343e-05
28355: 7.05318e-05
28356: 7.05293e-05
28357: 7.05268e-05
28358: 7.05243e-05
28359: 7.05219e-05
28360: 7.05194e-05
28361: 7.05169e-05
28362: 7.05144e-05
28363: 7.05119e-05
28364: 7.05094e-05
28365: 7.05069e-05
28366: 7.05045e-05
28367: 7.0502e-05
28368: 7.04995e-05
28369: 7.0497e-05
28370: 7.04945e-05
28371: 7.0492e-05
28372: 7.04895e-05
28373: 7.04871e-05
28374: 7.04846e-05
28375: 7.04821e-05
28376: 7.04796e-05
28377: 7.04771e-05
28378: 7.04746e-05
28379: 7.04722e-05
28380: 7.04697e-05
28381: 7.04672e-05
28382: 7.04647e-05
28383: 7.04622e-05
28384: 7.04597e-05
28385: 7.04573e-05
28386: 7.04548e-05
28387: 7.04523e-05
28388: 7.04498e-05
28389: 7.04473e-05
28390: 7.04449e-05
28391: 7.04424e-05
28392: 7.04399e-05
28393: 7.04374e-05
28394: 7.04349e-05
28395: 7.04325e-05
28396: 7.043e-05
28397: 7.04275e-05
28398: 7.0425e-05
28399: 7.04225e-05
28400: 7.04201e-05
28401: 7.04176e-05
28402: 7.04151e-05
28403: 7.04126e-05
28404: 7.04101e-05
28405: 7.04077e-05
28406: 7.04052e-05
28407: 7.04027e-05
28408: 7.04002e-05
28409: 7.03977e-05
28410: 7.03953e-05
28411: 7.03928e-05
28412: 7.03903e-05
28413: 7.03878e-05
28414: 7.03854e-05
28415: 7.03829e-05
28416: 7.03804e-05
28417: 7.03779e-05
28418: 7.03755e-05
28419: 7.0373e-05
28420: 7.03705e-05
28421: 7.0368e-05
28422: 7.03655e-05
28423: 7.03631e-05
28424: 7.03606e-05
28425: 7.03581e-05
28426: 7.03556e-05
28427: 7.03532e-05
28428: 7.03507e-05
28429: 7.03482e-05
28430: 7.03457e-05
28431: 7.03433e-05
28432: 7.03408e-05
28433: 7.03383e-05
28434: 7.03359e-05
28435: 7.03334e-05
28436: 7.03309e-05
28437: 7.03284e-05
28438: 7.0326e-05
28439: 7.03235e-05
28440: 7.0321e-05
28441: 7.03185e-05
28442: 7.03161e-05
28443: 7.03136e-05
28444: 7.03111e-05
28445: 7.03087e-05
28446: 7.03062e-05
28447: 7.03037e-05
28448: 7.03012e-05
28449: 7.02988e-05
28450: 7.02963e-05
28451: 7.02938e-05
28452: 7.02914e-05
28453: 7.02889e-05
28454: 7.02864e-05
28455: 7.02839e-05
28456: 7.02815e-05
28457: 7.0279e-05
28458: 7.02765e-05
28459: 7.02741e-05
28460: 7.02716e-05
28461: 7.02691e-05
28462: 7.02667e-05
28463: 7.02642e-05
28464: 7.02617e-05
28465: 7.02593e-05
28466: 7.02568e-05
28467: 7.02543e-05
28468: 7.02519e-05
28469: 7.02494e-05
28470: 7.02469e-05
28471: 7.02445e-05
28472: 7.0242e-05
28473: 7.02395e-05
28474: 7.02371e-05
28475: 7.02346e-05
28476: 7.02321e-05
28477: 7.02297e-05
28478: 7.02272e-05
28479: 7.02247e-05
28480: 7.02223e-05
28481: 7.02198e-05
28482: 7.02173e-05
28483: 7.02149e-05
28484: 7.02124e-05
28485: 7.02099e-05
28486: 7.02075e-05
28487: 7.0205e-05
28488: 7.02025e-05
28489: 7.02001e-05
28490: 7.01976e-05
28491: 7.01951e-05
28492: 7.01927e-05
28493: 7.01902e-05
28494: 7.01878e-05
28495: 7.01853e-05
28496: 7.01828e-05
28497: 7.01804e-05
28498: 7.01779e-05
28499: 7.01754e-05
28500: 7.0173e-05
28501: 7.01705e-05
28502: 7.01681e-05
28503: 7.01656e-05
28504: 7.01631e-05
28505: 7.01607e-05
28506: 7.01582e-05
28507: 7.01557e-05
28508: 7.01533e-05
28509: 7.01508e-05
28510: 7.01484e-05
28511: 7.01459e-05
28512: 7.01434e-05
28513: 7.0141e-05
28514: 7.01385e-05
28515: 7.01361e-05
28516: 7.01336e-05
28517: 7.01311e-05
28518: 7.01287e-05
28519: 7.01262e-05
28520: 7.01238e-05
28521: 7.01213e-05
28522: 7.01189e-05
28523: 7.01164e-05
28524: 7.01139e-05
28525: 7.01115e-05
28526: 7.0109e-05
28527: 7.01066e-05
28528: 7.01041e-05
28529: 7.01016e-05
28530: 7.00992e-05
28531: 7.00967e-05
28532: 7.00943e-05
28533: 7.00918e-05
28534: 7.00894e-05
28535: 7.00869e-05
28536: 7.00845e-05
28537: 7.0082e-05
28538: 7.00795e-05
28539: 7.00771e-05
28540: 7.00746e-05
28541: 7.00722e-05
28542: 7.00697e-05
28543: 7.00673e-05
28544: 7.00648e-05
28545: 7.00624e-05
28546: 7.00599e-05
28547: 7.00574e-05
28548: 7.0055e-05
28549: 7.00525e-05
28550: 7.00501e-05
28551: 7.00476e-05
28552: 7.00452e-05
28553: 7.00427e-05
28554: 7.00403e-05
28555: 7.00378e-05
28556: 7.00354e-05
28557: 7.00329e-05
28558: 7.00305e-05
28559: 7.0028e-05
28560: 7.00256e-05
28561: 7.00231e-05
28562: 7.00207e-05
28563: 7.00182e-05
28564: 7.00158e-05
28565: 7.00133e-05
28566: 7.00109e-05
28567: 7.00084e-05
28568: 7.0006e-05
28569: 7.00035e-05
28570: 7.00011e-05
28571: 6.99986e-05
28572: 6.99962e-05
28573: 6.99937e-05
28574: 6.99913e-05
28575: 6.99888e-05
28576: 6.99864e-05
28577: 6.99839e-05
28578: 6.99815e-05
28579: 6.9979e-05
28580: 6.99766e-05
28581: 6.99741e-05
28582: 6.99717e-05
28583: 6.99692e-05
28584: 6.99668e-05
28585: 6.99643e-05
28586: 6.99619e-05
28587: 6.99594e-05
28588: 6.9957e-05
28589: 6.99545e-05
28590: 6.99521e-05
28591: 6.99496e-05
28592: 6.99472e-05
28593: 6.99447e-05
28594: 6.99423e-05
28595: 6.99399e-05
28596: 6.99374e-05
28597: 6.9935e-05
28598: 6.99325e-05
28599: 6.99301e-05
28600: 6.99276e-05
28601: 6.99252e-05
28602: 6.99227e-05
28603: 6.99203e-05
28604: 6.99178e-05
28605: 6.99154e-05
28606: 6.9913e-05
28607: 6.99105e-05
28608: 6.99081e-05
28609: 6.99056e-05
28610: 6.99032e-05
28611: 6.99007e-05
28612: 6.98983e-05
28613: 6.98959e-05
28614: 6.98934e-05
28615: 6.9891e-05
28616: 6.98885e-05
28617: 6.98861e-05
28618: 6.98836e-05
28619: 6.98812e-05
28620: 6.98788e-05
28621: 6.98763e-05
28622: 6.98739e-05
28623: 6.98714e-05
28624: 6.9869e-05
28625: 6.98666e-05
28626: 6.98641e-05
28627: 6.98617e-05
28628: 6.98592e-05
28629: 6.98568e-05
28630: 6.98544e-05
28631: 6.98519e-05
28632: 6.98495e-05
28633: 6.9847e-05
28634: 6.98446e-05
28635: 6.98422e-05
28636: 6.98397e-05
28637: 6.98373e-05
28638: 6.98348e-05
28639: 6.98324e-05
28640: 6.983e-05
28641: 6.98275e-05
28642: 6.98251e-05
28643: 6.98227e-05
28644: 6.98202e-05
28645: 6.98178e-05
28646: 6.98153e-05
28647: 6.98129e-05
28648: 6.98105e-05
28649: 6.9808e-05
28650: 6.98056e-05
28651: 6.98032e-05
28652: 6.98007e-05
28653: 6.97983e-05
28654: 6.97958e-05
28655: 6.97934e-05
28656: 6.9791e-05
28657: 6.97885e-05
28658: 6.97861e-05
28659: 6.97837e-05
28660: 6.97812e-05
28661: 6.97788e-05
28662: 6.97764e-05
28663: 6.97739e-05
28664: 6.97715e-05
28665: 6.97691e-05
28666: 6.97666e-05
28667: 6.97642e-05
28668: 6.97618e-05
28669: 6.97593e-05
28670: 6.97569e-05
28671: 6.97545e-05
28672: 6.9752e-05
28673: 6.97496e-05
28674: 6.97472e-05
28675: 6.97447e-05
28676: 6.97423e-05
28677: 6.97399e-05
28678: 6.97374e-05
28679: 6.9735e-05
28680: 6.97326e-05
28681: 6.97301e-05
28682: 6.97277e-05
28683: 6.97253e-05
28684: 6.97229e-05
28685: 6.97204e-05
28686: 6.9718e-05
28687: 6.97156e-05
28688: 6.97131e-05
28689: 6.97107e-05
28690: 6.97083e-05
28691: 6.97058e-05
28692: 6.97034e-05
28693: 6.9701e-05
28694: 6.96986e-05
28695: 6.96961e-05
28696: 6.96937e-05
28697: 6.96913e-05
28698: 6.96888e-05
28699: 6.96864e-05
28700: 6.9684e-05
28701: 6.96816e-05
28702: 6.96791e-05
28703: 6.96767e-05
28704: 6.96743e-05
28705: 6.96718e-05
28706: 6.96694e-05
28707: 6.9667e-05
28708: 6.96646e-05
28709: 6.96621e-05
28710: 6.96597e-05
28711: 6.96573e-05
28712: 6.96549e-05
28713: 6.96524e-05
28714: 6.965e-05
28715: 6.96476e-05
28716: 6.96452e-05
28717: 6.96427e-05
28718: 6.96403e-05
28719: 6.96379e-05
28720: 6.96355e-05
28721: 6.9633e-05
28722: 6.96306e-05
28723: 6.96282e-05
28724: 6.96258e-05
28725: 6.96233e-05
28726: 6.96209e-05
28727: 6.96185e-05
28728: 6.96161e-05
28729: 6.96136e-05
28730: 6.96112e-05
28731: 6.96088e-05
28732: 6.96064e-05
28733: 6.9604e-05
28734: 6.96015e-05
28735: 6.95991e-05
28736: 6.95967e-05
28737: 6.95943e-05
28738: 6.95918e-05
28739: 6.95894e-05
28740: 6.9587e-05
28741: 6.95846e-05
28742: 6.95822e-05
28743: 6.95797e-05
28744: 6.95773e-05
28745: 6.95749e-05
28746: 6.95725e-05
28747: 6.95701e-05
28748: 6.95676e-05
28749: 6.95652e-05
28750: 6.95628e-05
28751: 6.95604e-05
28752: 6.9558e-05
28753: 6.95555e-05
28754: 6.95531e-05
28755: 6.95507e-05
28756: 6.95483e-05
28757: 6.95459e-05
28758: 6.95434e-05
28759: 6.9541e-05
28760: 6.95386e-05
28761: 6.95362e-05
28762: 6.95338e-05
28763: 6.95314e-05
28764: 6.95289e-05
28765: 6.95265e-05
28766: 6.95241e-05
28767: 6.95217e-05
28768: 6.95193e-05
28769: 6.95169e-05
28770: 6.95144e-05
28771: 6.9512e-05
28772: 6.95096e-05
28773: 6.95072e-05
28774: 6.95048e-05
28775: 6.95024e-05
28776: 6.94999e-05
28777: 6.94975e-05
28778: 6.94951e-05
28779: 6.94927e-05
28780: 6.94903e-05
28781: 6.94879e-05
28782: 6.94855e-05
28783: 6.9483e-05
28784: 6.94806e-05
28785: 6.94782e-05
28786: 6.94758e-05
28787: 6.94734e-05
28788: 6.9471e-05
28789: 6.94686e-05
28790: 6.94662e-05
28791: 6.94637e-05
28792: 6.94613e-05
28793: 6.94589e-05
28794: 6.94565e-05
28795: 6.94541e-05
28796: 6.94517e-05
28797: 6.94493e-05
28798: 6.94469e-05
28799: 6.94444e-05
28800: 6.9442e-05
28801: 6.94396e-05
28802: 6.94372e-05
28803: 6.94348e-05
28804: 6.94324e-05
28805: 6.943e-05
28806: 6.94276e-05
28807: 6.94252e-05
28808: 6.94227e-05
28809: 6.94203e-05
28810: 6.94179e-05
28811: 6.94155e-05
28812: 6.94131e-05
28813: 6.94107e-05
28814: 6.94083e-05
28815: 6.94059e-05
28816: 6.94035e-05
28817: 6.94011e-05
28818: 6.93987e-05
28819: 6.93963e-05
28820: 6.93938e-05
28821: 6.93914e-05
28822: 6.9389e-05
28823: 6.93866e-05
28824: 6.93842e-05
28825: 6.93818e-05
28826: 6.93794e-05
28827: 6.9377e-05
28828: 6.93746e-05
28829: 6.93722e-05
28830: 6.93698e-05
28831: 6.93674e-05
28832: 6.9365e-05
28833: 6.93626e-05
28834: 6.93602e-05
28835: 6.93577e-05
28836: 6.93553e-05
28837: 6.93529e-05
28838: 6.93505e-05
28839: 6.93481e-05
28840: 6.93457e-05
28841: 6.93433e-05
28842: 6.93409e-05
28843: 6.93385e-05
28844: 6.93361e-05
28845: 6.93337e-05
28846: 6.93313e-05
28847: 6.93289e-05
28848: 6.93265e-05
28849: 6.93241e-05
28850: 6.93217e-05
28851: 6.93193e-05
28852: 6.93169e-05
28853: 6.93145e-05
28854: 6.93121e-05
28855: 6.93097e-05
28856: 6.93073e-05
28857: 6.93049e-05
28858: 6.93025e-05
28859: 6.93001e-05
28860: 6.92977e-05
28861: 6.92953e-05
28862: 6.92929e-05
28863: 6.92905e-05
28864: 6.92881e-05
28865: 6.92857e-05
28866: 6.92833e-05
28867: 6.92809e-05
28868: 6.92785e-05
28869: 6.92761e-05
28870: 6.92737e-05
28871: 6.92713e-05
28872: 6.92689e-05
28873: 6.92665e-05
28874: 6.92641e-05
28875: 6.92617e-05
28876: 6.92593e-05
28877: 6.92569e-05
28878: 6.92545e-05
28879: 6.92521e-05
28880: 6.92497e-05
28881: 6.92473e-05
28882: 6.92449e-05
28883: 6.92425e-05
28884: 6.92401e-05
28885: 6.92377e-05
28886: 6.92353e-05
28887: 6.92329e-05
28888: 6.92305e-05
28889: 6.92281e-05
28890: 6.92257e-05
28891: 6.92233e-05
28892: 6.92209e-05
28893: 6.92185e-05
28894: 6.92161e-05
28895: 6.92137e-05
28896: 6.92113e-05
28897: 6.92089e-05
28898: 6.92065e-05
28899: 6.92042e-05
28900: 6.92018e-05
28901: 6.91994e-05
28902: 6.9197e-05
28903: 6.91946e-05
28904: 6.91922e-05
28905: 6.91898e-05
28906: 6.91874e-05
28907: 6.9185e-05
28908: 6.91826e-05
28909: 6.91802e-05
28910: 6.91778e-05
28911: 6.91754e-05
28912: 6.9173e-05
28913: 6.91706e-05
28914: 6.91683e-05
28915: 6.91659e-05
28916: 6.91635e-05
28917: 6.91611e-05
28918: 6.91587e-05
28919: 6.91563e-05
28920: 6.91539e-05
28921: 6.91515e-05
28922: 6.91491e-05
28923: 6.91467e-05
28924: 6.91443e-05
28925: 6.91419e-05
28926: 6.91396e-05
28927: 6.91372e-05
28928: 6.91348e-05
28929: 6.91324e-05
28930: 6.913e-05
28931: 6.91276e-05
28932: 6.91252e-05
28933: 6.91228e-05
28934: 6.91204e-05
28935: 6.91181e-05
28936: 6.91157e-05
28937: 6.91133e-05
28938: 6.91109e-05
28939: 6.91085e-05
28940: 6.91061e-05
28941: 6.91037e-05
28942: 6.91013e-05
28943: 6.90989e-05
28944: 6.90966e-05
28945: 6.90942e-05
28946: 6.90918e-05
28947: 6.90894e-05
28948: 6.9087e-05
28949: 6.90846e-05
28950: 6.90822e-05
28951: 6.90799e-05
28952: 6.90775e-05
28953: 6.90751e-05
28954: 6.90727e-05
28955: 6.90703e-05
28956: 6.90679e-05
28957: 6.90655e-05
28958: 6.90632e-05
28959: 6.90608e-05
28960: 6.90584e-05
28961: 6.9056e-05
28962: 6.90536e-05
28963: 6.90512e-05
28964: 6.90489e-05
28965: 6.90465e-05
28966: 6.90441e-05
28967: 6.90417e-05
28968: 6.90393e-05
28969: 6.90369e-05
28970: 6.90346e-05
28971: 6.90322e-05
28972: 6.90298e-05
28973: 6.90274e-05
28974: 6.9025e-05
28975: 6.90226e-05
28976: 6.90203e-05
28977: 6.90179e-05
28978: 6.90155e-05
28979: 6.90131e-05
28980: 6.90107e-05
28981: 6.90084e-05
28982: 6.9006e-05
28983: 6.90036e-05
28984: 6.90012e-05
28985: 6.89988e-05
28986: 6.89964e-05
28987: 6.89941e-05
28988: 6.89917e-05
28989: 6.89893e-05
28990: 6.89869e-05
28991: 6.89845e-05
28992: 6.89822e-05
28993: 6.89798e-05
28994: 6.89774e-05
28995: 6.8975e-05
28996: 6.89727e-05
28997: 6.89703e-05
28998: 6.89679e-05
28999: 6.89655e-05
29000: 6.89631e-05
29001: 6.89608e-05
29002: 6.89584e-05
29003: 6.8956e-05
29004: 6.89536e-05
29005: 6.89513e-05
29006: 6.89489e-05
29007: 6.89465e-05
29008: 6.89441e-05
29009: 6.89417e-05
29010: 6.89394e-05
29011: 6.8937e-05
29012: 6.89346e-05
29013: 6.89322e-05
29014: 6.89299e-05
29015: 6.89275e-05
29016: 6.89251e-05
29017: 6.89227e-05
29018: 6.89204e-05
29019: 6.8918e-05
29020: 6.89156e-05
29021: 6.89132e-05
29022: 6.89109e-05
29023: 6.89085e-05
29024: 6.89061e-05
29025: 6.89037e-05
29026: 6.89014e-05
29027: 6.8899e-05
29028: 6.88966e-05
29029: 6.88942e-05
29030: 6.88919e-05
29031: 6.88895e-05
29032: 6.88871e-05
29033: 6.88848e-05
29034: 6.88824e-05
29035: 6.888e-05
29036: 6.88776e-05
29037: 6.88753e-05
29038: 6.88729e-05
29039: 6.88705e-05
29040: 6.88682e-05
29041: 6.88658e-05
29042: 6.88634e-05
29043: 6.8861e-05
29044: 6.88587e-05
29045: 6.88563e-05
29046: 6.88539e-05
29047: 6.88516e-05
29048: 6.88492e-05
29049: 6.88468e-05
29050: 6.88444e-05
29051: 6.88421e-05
29052: 6.88397e-05
29053: 6.88373e-05
29054: 6.8835e-05
29055: 6.88326e-05
29056: 6.88302e-05
29057: 6.88279e-05
29058: 6.88255e-05
29059: 6.88231e-05
29060: 6.88208e-05
29061: 6.88184e-05
29062: 6.8816e-05
29063: 6.88137e-05
29064: 6.88113e-05
29065: 6.88089e-05
29066: 6.88066e-05
29067: 6.88042e-05
29068: 6.88018e-05
29069: 6.87994e-05
29070: 6.87971e-05
29071: 6.87947e-05
29072: 6.87924e-05
29073: 6.879e-05
29074: 6.87876e-05
29075: 6.87853e-05
29076: 6.87829e-05
29077: 6.87805e-05
29078: 6.87782e-05
29079: 6.87758e-05
29080: 6.87734e-05
29081: 6.87711e-05
29082: 6.87687e-05
29083: 6.87663e-05
29084: 6.8764e-05
29085: 6.87616e-05
29086: 6.87592e-05
29087: 6.87569e-05
29088: 6.87545e-05
29089: 6.87521e-05
29090: 6.87498e-05
29091: 6.87474e-05
29092: 6.87451e-05
29093: 6.87427e-05
29094: 6.87403e-05
29095: 6.8738e-05
29096: 6.87356e-05
29097: 6.87332e-05
29098: 6.87309e-05
29099: 6.87285e-05
29100: 6.87262e-05
29101: 6.87238e-05
29102: 6.87214e-05
29103: 6.87191e-05
29104: 6.87167e-05
29105: 6.87144e-05
29106: 6.8712e-05
29107: 6.87096e-05
29108: 6.87073e-05
29109: 6.87049e-05
29110: 6.87026e-05
29111: 6.87002e-05
29112: 6.86978e-05
29113: 6.86955e-05
29114: 6.86931e-05
29115: 6.86908e-05
29116: 6.86884e-05
29117: 6.8686e-05
29118: 6.86837e-05
29119: 6.86813e-05
29120: 6.8679e-05
29121: 6.86766e-05
29122: 6.86742e-05
29123: 6.86719e-05
29124: 6.86695e-05
29125: 6.86672e-05
29126: 6.86648e-05
29127: 6.86625e-05
29128: 6.86601e-05
29129: 6.86577e-05
29130: 6.86554e-05
29131: 6.8653e-05
29132: 6.86507e-05
29133: 6.86483e-05
29134: 6.8646e-05
29135: 6.86436e-05
29136: 6.86412e-05
29137: 6.86389e-05
29138: 6.86365e-05
29139: 6.86342e-05
29140: 6.86318e-05
29141: 6.86295e-05
29142: 6.86271e-05
29143: 6.86248e-05
29144: 6.86224e-05
29145: 6.86201e-05
29146: 6.86177e-05
29147: 6.86153e-05
29148: 6.8613e-05
29149: 6.86106e-05
29150: 6.86083e-05
29151: 6.86059e-05
29152: 6.86036e-05
29153: 6.86012e-05
29154: 6.85989e-05
29155: 6.85965e-05
29156: 6.85942e-05
29157: 6.85918e-05
29158: 6.85895e-05
29159: 6.85871e-05
29160: 6.85848e-05
29161: 6.85824e-05
29162: 6.85801e-05
29163: 6.85777e-05
29164: 6.85753e-05
29165: 6.8573e-05
29166: 6.85706e-05
29167: 6.85683e-05
29168: 6.85659e-05
29169: 6.85636e-05
29170: 6.85612e-05
29171: 6.85589e-05
29172: 6.85565e-05
29173: 6.85542e-05
29174: 6.85518e-05
29175: 6.85495e-05
29176: 6.85471e-05
29177: 6.85448e-05
29178: 6.85424e-05
29179: 6.85401e-05
29180: 6.85377e-05
29181: 6.85354e-05
29182: 6.85331e-05
29183: 6.85307e-05
29184: 6.85284e-05
29185: 6.8526e-05
29186: 6.85237e-05
29187: 6.85213e-05
29188: 6.8519e-05
29189: 6.85166e-05
29190: 6.85143e-05
29191: 6.85119e-05
29192: 6.85096e-05
29193: 6.85072e-05
29194: 6.85049e-05
29195: 6.85025e-05
29196: 6.85002e-05
29197: 6.84978e-05
29198: 6.84955e-05
29199: 6.84932e-05
29200: 6.84908e-05
29201: 6.84885e-05
29202: 6.84861e-05
29203: 6.84838e-05
29204: 6.84814e-05
29205: 6.84791e-05
29206: 6.84767e-05
29207: 6.84744e-05
29208: 6.8472e-05
29209: 6.84697e-05
29210: 6.84674e-05
29211: 6.8465e-05
29212: 6.84627e-05
29213: 6.84603e-05
29214: 6.8458e-05
29215: 6.84556e-05
29216: 6.84533e-05
29217: 6.8451e-05
29218: 6.84486e-05
29219: 6.84463e-05
29220: 6.84439e-05
29221: 6.84416e-05
29222: 6.84392e-05
29223: 6.84369e-05
29224: 6.84346e-05
29225: 6.84322e-05
29226: 6.84299e-05
29227: 6.84275e-05
29228: 6.84252e-05
29229: 6.84229e-05
29230: 6.84205e-05
29231: 6.84182e-05
29232: 6.84158e-05
29233: 6.84135e-05
29234: 6.84112e-05
29235: 6.84088e-05
29236: 6.84065e-05
29237: 6.84041e-05
29238: 6.84018e-05
29239: 6.83995e-05
29240: 6.83971e-05
29241: 6.83948e-05
29242: 6.83924e-05
29243: 6.83901e-05
29244: 6.83878e-05
29245: 6.83854e-05
29246: 6.83831e-05
29247: 6.83807e-05
29248: 6.83784e-05
29249: 6.83761e-05
29250: 6.83737e-05
29251: 6.83714e-05
29252: 6.83691e-05
29253: 6.83667e-05
29254: 6.83644e-05
29255: 6.8362e-05
29256: 6.83597e-05
29257: 6.83574e-05
29258: 6.8355e-05
29259: 6.83527e-05
29260: 6.83504e-05
29261: 6.8348e-05
29262: 6.83457e-05
29263: 6.83434e-05
29264: 6.8341e-05
29265: 6.83387e-05
29266: 6.83364e-05
29267: 6.8334e-05
29268: 6.83317e-05
29269: 6.83293e-05
29270: 6.8327e-05
29271: 6.83247e-05
29272: 6.83223e-05
29273: 6.832e-05
29274: 6.83177e-05
29275: 6.83153e-05
29276: 6.8313e-05
29277: 6.83107e-05
29278: 6.83083e-05
29279: 6.8306e-05
29280: 6.83037e-05
29281: 6.83013e-05
29282: 6.8299e-05
29283: 6.82967e-05
29284: 6.82943e-05
29285: 6.8292e-05
29286: 6.82897e-05
29287: 6.82874e-05
29288: 6.8285e-05
29289: 6.82827e-05
29290: 6.82804e-05
29291: 6.8278e-05
29292: 6.82757e-05
29293: 6.82734e-05
29294: 6.8271e-05
29295: 6.82687e-05
29296: 6.82664e-05
29297: 6.8264e-05
29298: 6.82617e-05
29299: 6.82594e-05
29300: 6.82571e-05
29301: 6.82547e-05
29302: 6.82524e-05
29303: 6.82501e-05
29304: 6.82477e-05
29305: 6.82454e-05
29306: 6.82431e-05
29307: 6.82408e-05
29308: 6.82384e-05
29309: 6.82361e-05
29310: 6.82338e-05
29311: 6.82314e-05
29312: 6.82291e-05
29313: 6.82268e-05
29314: 6.82245e-05
29315: 6.82221e-05
29316: 6.82198e-05
29317: 6.82175e-05
29318: 6.82152e-05
29319: 6.82128e-05
29320: 6.82105e-05
29321: 6.82082e-05
29322: 6.82058e-05
29323: 6.82035e-05
29324: 6.82012e-05
29325: 6.81989e-05
29326: 6.81965e-05
29327: 6.81942e-05
29328: 6.81919e-05
29329: 6.81896e-05
29330: 6.81872e-05
29331: 6.81849e-05
29332: 6.81826e-05
29333: 6.81803e-05
29334: 6.81779e-05
29335: 6.81756e-05
29336: 6.81733e-05
29337: 6.8171e-05
29338: 6.81686e-05
29339: 6.81663e-05
29340: 6.8164e-05
29341: 6.81617e-05
29342: 6.81594e-05
29343: 6.8157e-05
29344: 6.81547e-05
29345: 6.81524e-05
29346: 6.81501e-05
29347: 6.81477e-05
29348: 6.81454e-05
29349: 6.81431e-05
29350: 6.81408e-05
29351: 6.81385e-05
29352: 6.81361e-05
29353: 6.81338e-05
29354: 6.81315e-05
29355: 6.81292e-05
29356: 6.81269e-05
29357: 6.81245e-05
29358: 6.81222e-05
29359: 6.81199e-05
29360: 6.81176e-05
29361: 6.81153e-05
29362: 6.81129e-05
29363: 6.81106e-05
29364: 6.81083e-05
29365: 6.8106e-05
29366: 6.81037e-05
29367: 6.81013e-05
29368: 6.8099e-05
29369: 6.80967e-05
29370: 6.80944e-05
29371: 6.80921e-05
29372: 6.80897e-05
29373: 6.80874e-05
29374: 6.80851e-05
29375: 6.80828e-05
29376: 6.80805e-05
29377: 6.80782e-05
29378: 6.80758e-05
29379: 6.80735e-05
29380: 6.80712e-05
29381: 6.80689e-05
29382: 6.80666e-05
29383: 6.80643e-05
29384: 6.80619e-05
29385: 6.80596e-05
29386: 6.80573e-05
29387: 6.8055e-05
29388: 6.80527e-05
29389: 6.80504e-05
29390: 6.8048e-05
29391: 6.80457e-05
29392: 6.80434e-05
29393: 6.80411e-05
29394: 6.80388e-05
29395: 6.80365e-05
29396: 6.80342e-05
29397: 6.80318e-05
29398: 6.80295e-05
29399: 6.80272e-05
29400: 6.80249e-05
29401: 6.80226e-05
29402: 6.80203e-05
29403: 6.8018e-05
29404: 6.80156e-05
29405: 6.80133e-05
29406: 6.8011e-05
29407: 6.80087e-05
29408: 6.80064e-05
29409: 6.80041e-05
29410: 6.80018e-05
29411: 6.79995e-05
29412: 6.79971e-05
29413: 6.79948e-05
29414: 6.79925e-05
29415: 6.79902e-05
29416: 6.79879e-05
29417: 6.79856e-05
29418: 6.79833e-05
29419: 6.7981e-05
29420: 6.79787e-05
29421: 6.79763e-05
29422: 6.7974e-05
29423: 6.79717e-05
29424: 6.79694e-05
29425: 6.79671e-05
29426: 6.79648e-05
29427: 6.79625e-05
29428: 6.79602e-05
29429: 6.79579e-05
29430: 6.79556e-05
29431: 6.79532e-05
29432: 6.79509e-05
29433: 6.79486e-05
29434: 6.79463e-05
29435: 6.7944e-05
29436: 6.79417e-05
29437: 6.79394e-05
29438: 6.79371e-05
29439: 6.79348e-05
29440: 6.79325e-05
29441: 6.79302e-05
29442: 6.79279e-05
29443: 6.79256e-05
29444: 6.79232e-05
29445: 6.79209e-05
29446: 6.79186e-05
29447: 6.79163e-05
29448: 6.7914e-05
29449: 6.79117e-05
29450: 6.79094e-05
29451: 6.79071e-05
29452: 6.79048e-05
29453: 6.79025e-05
29454: 6.79002e-05
29455: 6.78979e-05
29456: 6.78956e-05
29457: 6.78933e-05
29458: 6.7891e-05
29459: 6.78887e-05
29460: 6.78864e-05
29461: 6.78841e-05
29462: 6.78817e-05
29463: 6.78794e-05
29464: 6.78771e-05
29465: 6.78748e-05
29466: 6.78725e-05
29467: 6.78702e-05
29468: 6.78679e-05
29469: 6.78656e-05
29470: 6.78633e-05
29471: 6.7861e-05
29472: 6.78587e-05
29473: 6.78564e-05
29474: 6.78541e-05
29475: 6.78518e-05
29476: 6.78495e-05
29477: 6.78472e-05
29478: 6.78449e-05
29479: 6.78426e-05
29480: 6.78403e-05
29481: 6.7838e-05
29482: 6.78357e-05
29483: 6.78334e-05
29484: 6.78311e-05
29485: 6.78288e-05
29486: 6.78265e-05
29487: 6.78242e-05
29488: 6.78219e-05
29489: 6.78196e-05
29490: 6.78173e-05
29491: 6.7815e-05
29492: 6.78127e-05
29493: 6.78104e-05
29494: 6.78081e-05
29495: 6.78058e-05
29496: 6.78035e-05
29497: 6.78012e-05
29498: 6.77989e-05
29499: 6.77966e-05
29500: 6.77943e-05
29501: 6.7792e-05
29502: 6.77897e-05
29503: 6.77874e-05
29504: 6.77851e-05
29505: 6.77828e-05
29506: 6.77805e-05
29507: 6.77782e-05
29508: 6.77759e-05
29509: 6.77736e-05
29510: 6.77713e-05
29511: 6.7769e-05
29512: 6.77667e-05
29513: 6.77645e-05
29514: 6.77622e-05
29515: 6.77599e-05
29516: 6.77576e-05
29517: 6.77553e-05
29518: 6.7753e-05
29519: 6.77507e-05
29520: 6.77484e-05
29521: 6.77461e-05
29522: 6.77438e-05
29523: 6.77415e-05
29524: 6.77392e-05
29525: 6.77369e-05
29526: 6.77346e-05
29527: 6.77323e-05
29528: 6.773e-05
29529: 6.77277e-05
29530: 6.77254e-05
29531: 6.77231e-05
29532: 6.77209e-05
29533: 6.77186e-05
29534: 6.77163e-05
29535: 6.7714e-05
29536: 6.77117e-05
29537: 6.77094e-05
29538: 6.77071e-05
29539: 6.77048e-05
29540: 6.77025e-05
29541: 6.77002e-05
29542: 6.76979e-05
29543: 6.76956e-05
29544: 6.76933e-05
29545: 6.76911e-05
29546: 6.76888e-05
29547: 6.76865e-05
29548: 6.76842e-05
29549: 6.76819e-05
29550: 6.76796e-05
29551: 6.76773e-05
29552: 6.7675e-05
29553: 6.76727e-05
29554: 6.76704e-05
29555: 6.76682e-05
29556: 6.76659e-05
29557: 6.76636e-05
29558: 6.76613e-05
29559: 6.7659e-05
29560: 6.76567e-05
29561: 6.76544e-05
29562: 6.76521e-05
29563: 6.76498e-05
29564: 6.76476e-05
29565: 6.76453e-05
29566: 6.7643e-05
29567: 6.76407e-05
29568: 6.76384e-05
29569: 6.76361e-05
29570: 6.76338e-05
29571: 6.76315e-05
29572: 6.76293e-05
29573: 6.7627e-05
29574: 6.76247e-05
29575: 6.76224e-05
29576: 6.76201e-05
29577: 6.76178e-05
29578: 6.76155e-05
29579: 6.76133e-05
29580: 6.7611e-05
29581: 6.76087e-05
29582: 6.76064e-05
29583: 6.76041e-05
29584: 6.76018e-05
29585: 6.75995e-05
29586: 6.75973e-05
29587: 6.7595e-05
29588: 6.75927e-05
29589: 6.75904e-05
29590: 6.75881e-05
29591: 6.75858e-05
29592: 6.75836e-05
29593: 6.75813e-05
29594: 6.7579e-05
29595: 6.75767e-05
29596: 6.75744e-05
29597: 6.75721e-05
29598: 6.75699e-05
29599: 6.75676e-05
29600: 6.75653e-05
29601: 6.7563e-05
29602: 6.75607e-05
29603: 6.75584e-05
29604: 6.75562e-05
29605: 6.75539e-05
29606: 6.75516e-05
29607: 6.75493e-05
29608: 6.7547e-05
29609: 6.75447e-05
29610: 6.75425e-05
29611: 6.75402e-05
29612: 6.75379e-05
29613: 6.75356e-05
29614: 6.75333e-05
29615: 6.75311e-05
29616: 6.75288e-05
29617: 6.75265e-05
29618: 6.75242e-05
29619: 6.75219e-05
29620: 6.75197e-05
29621: 6.75174e-05
29622: 6.75151e-05
29623: 6.75128e-05
29624: 6.75105e-05
29625: 6.75083e-05
29626: 6.7506e-05
29627: 6.75037e-05
29628: 6.75014e-05
29629: 6.74992e-05
29630: 6.74969e-05
29631: 6.74946e-05
29632: 6.74923e-05
29633: 6.749e-05
29634: 6.74878e-05
29635: 6.74855e-05
29636: 6.74832e-05
29637: 6.74809e-05
29638: 6.74787e-05
29639: 6.74764e-05
29640: 6.74741e-05
29641: 6.74718e-05
29642: 6.74696e-05
29643: 6.74673e-05
29644: 6.7465e-05
29645: 6.74627e-05
29646: 6.74605e-05
29647: 6.74582e-05
29648: 6.74559e-05
29649: 6.74536e-05
29650: 6.74514e-05
29651: 6.74491e-05
29652: 6.74468e-05
29653: 6.74445e-05
29654: 6.74423e-05
29655: 6.744e-05
29656: 6.74377e-05
29657: 6.74354e-05
29658: 6.74332e-05
29659: 6.74309e-05
29660: 6.74286e-05
29661: 6.74263e-05
29662: 6.74241e-05
29663: 6.74218e-05
29664: 6.74195e-05
29665: 6.74172e-05
29666: 6.7415e-05
29667: 6.74127e-05
29668: 6.74104e-05
29669: 6.74082e-05
29670: 6.74059e-05
29671: 6.74036e-05
29672: 6.74013e-05
29673: 6.73991e-05
29674: 6.73968e-05
29675: 6.73945e-05
29676: 6.73923e-05
29677: 6.739e-05
29678: 6.73877e-05
29679: 6.73854e-05
29680: 6.73832e-05
29681: 6.73809e-05
29682: 6.73786e-05
29683: 6.73764e-05
29684: 6.73741e-05
29685: 6.73718e-05
29686: 6.73696e-05
29687: 6.73673e-05
29688: 6.7365e-05
29689: 6.73627e-05
29690: 6.73605e-05
29691: 6.73582e-05
29692: 6.73559e-05
29693: 6.73537e-05
29694: 6.73514e-05
29695: 6.73491e-05
29696: 6.73469e-05
29697: 6.73446e-05
29698: 6.73423e-05
29699: 6.73401e-05
29700: 6.73378e-05
29701: 6.73355e-05
29702: 6.73333e-05
29703: 6.7331e-05
29704: 6.73287e-05
29705: 6.73265e-05
29706: 6.73242e-05
29707: 6.73219e-05
29708: 6.73197e-05
29709: 6.73174e-05
29710: 6.73151e-05
29711: 6.73129e-05
29712: 6.73106e-05
29713: 6.73083e-05
29714: 6.73061e-05
29715: 6.73038e-05
29716: 6.73015e-05
29717: 6.72993e-05
29718: 6.7297e-05
29719: 6.72948e-05
29720: 6.72925e-05
29721: 6.72902e-05
29722: 6.7288e-05
29723: 6.72857e-05
29724: 6.72834e-05
29725: 6.72812e-05
29726: 6.72789e-05
29727: 6.72766e-05
29728: 6.72744e-05
29729: 6.72721e-05
29730: 6.72699e-05
29731: 6.72676e-05
29732: 6.72653e-05
29733: 6.72631e-05
29734: 6.72608e-05
29735: 6.72585e-05
29736: 6.72563e-05
29737: 6.7254e-05
29738: 6.72518e-05
29739: 6.72495e-05
29740: 6.72472e-05
29741: 6.7245e-05
29742: 6.72427e-05
29743: 6.72405e-05
29744: 6.72382e-05
29745: 6.72359e-05
29746: 6.72337e-05
29747: 6.72314e-05
29748: 6.72292e-05
29749: 6.72269e-05
29750: 6.72246e-05
29751: 6.72224e-05
29752: 6.72201e-05
29753: 6.72179e-05
29754: 6.72156e-05
29755: 6.72133e-05
29756: 6.72111e-05
29757: 6.72088e-05
29758: 6.72066e-05
29759: 6.72043e-05
29760: 6.7202e-05
29761: 6.71998e-05
29762: 6.71975e-05
29763: 6.71953e-05
29764: 6.7193e-05
29765: 6.71908e-05
29766: 6.71885e-05
29767: 6.71862e-05
29768: 6.7184e-05
29769: 6.71817e-05
29770: 6.71795e-05
29771: 6.71772e-05
29772: 6.7175e-05
29773: 6.71727e-05
29774: 6.71704e-05
29775: 6.71682e-05
29776: 6.71659e-05
29777: 6.71637e-05
29778: 6.71614e-05
29779: 6.71592e-05
29780: 6.71569e-05
29781: 6.71547e-05
29782: 6.71524e-05
29783: 6.71501e-05
29784: 6.71479e-05
29785: 6.71456e-05
29786: 6.71434e-05
29787: 6.71411e-05
29788: 6.71389e-05
29789: 6.71366e-05
29790: 6.71344e-05
29791: 6.71321e-05
29792: 6.71299e-05
29793: 6.71276e-05
29794: 6.71254e-05
29795: 6.71231e-05
29796: 6.71209e-05
29797: 6.71186e-05
29798: 6.71163e-05
29799: 6.71141e-05
29800: 6.71118e-05
29801: 6.71096e-05
29802: 6.71073e-05
29803: 6.71051e-05
29804: 6.71028e-05
29805: 6.71006e-05
29806: 6.70983e-05
29807: 6.70961e-05
29808: 6.70938e-05
29809: 6.70916e-05
29810: 6.70893e-05
29811: 6.70871e-05
29812: 6.70848e-05
29813: 6.70826e-05
29814: 6.70803e-05
29815: 6.70781e-05
29816: 6.70758e-05
29817: 6.70736e-05
29818: 6.70713e-05
29819: 6.70691e-05
29820: 6.70668e-05
29821: 6.70646e-05
29822: 6.70623e-05
29823: 6.70601e-05
29824: 6.70578e-05
29825: 6.70556e-05
29826: 6.70533e-05
29827: 6.70511e-05
29828: 6.70488e-05
29829: 6.70466e-05
29830: 6.70443e-05
29831: 6.70421e-05
29832: 6.70399e-05
29833: 6.70376e-05
29834: 6.70354e-05
29835: 6.70331e-05
29836: 6.70309e-05
29837: 6.70286e-05
29838: 6.70264e-05
29839: 6.70241e-05
29840: 6.70219e-05
29841: 6.70196e-05
29842: 6.70174e-05
29843: 6.70151e-05
29844: 6.70129e-05
29845: 6.70107e-05
29846: 6.70084e-05
29847: 6.70062e-05
29848: 6.70039e-05
29849: 6.70017e-05
29850: 6.69994e-05
29851: 6.69972e-05
29852: 6.69949e-05
29853: 6.69927e-05
29854: 6.69905e-05
29855: 6.69882e-05
29856: 6.6986e-05
29857: 6.69837e-05
29858: 6.69815e-05
29859: 6.69792e-05
29860: 6.6977e-05
29861: 6.69748e-05
29862: 6.69725e-05
29863: 6.69703e-05
29864: 6.6968e-05
29865: 6.69658e-05
29866: 6.69635e-05
29867: 6.69613e-05
29868: 6.69591e-05
29869: 6.69568e-05
29870: 6.69546e-05
29871: 6.69523e-05
29872: 6.69501e-05
29873: 6.69478e-05
29874: 6.69456e-05
29875: 6.69434e-05
29876: 6.69411e-05
29877: 6.69389e-05
29878: 6.69366e-05
29879: 6.69344e-05
29880: 6.69322e-05
29881: 6.69299e-05
29882: 6.69277e-05
29883: 6.69254e-05
29884: 6.69232e-05
29885: 6.6921e-05
29886: 6.69187e-05
29887: 6.69165e-05
29888: 6.69142e-05
29889: 6.6912e-05
29890: 6.69098e-05
29891: 6.69075e-05
29892: 6.69053e-05
29893: 6.69031e-05
29894: 6.69008e-05
29895: 6.68986e-05
29896: 6.68963e-05
29897: 6.68941e-05
29898: 6.68919e-05
29899: 6.68896e-05
29900: 6.68874e-05
29901: 6.68852e-05
29902: 6.68829e-05
29903: 6.68807e-05
29904: 6.68784e-05
29905: 6.68762e-05
29906: 6.6874e-05
29907: 6.68717e-05
29908: 6.68695e-05
29909: 6.68673e-05
29910: 6.6865e-05
29911: 6.68628e-05
29912: 6.68606e-05
29913: 6.68583e-05
29914: 6.68561e-05
29915: 6.68539e-05
29916: 6.68516e-05
29917: 6.68494e-05
29918: 6.68472e-05
29919: 6.68449e-05
29920: 6.68427e-05
29921: 6.68405e-05
29922: 6.68382e-05
29923: 6.6836e-05
29924: 6.68338e-05
29925: 6.68315e-05
29926: 6.68293e-05
29927: 6.68271e-05
29928: 6.68248e-05
29929: 6.68226e-05
29930: 6.68204e-05
29931: 6.68181e-05
29932: 6.68159e-05
29933: 6.68137e-05
29934: 6.68114e-05
29935: 6.68092e-05
29936: 6.6807e-05
29937: 6.68047e-05
29938: 6.68025e-05
29939: 6.68003e-05
29940: 6.6798e-05
29941: 6.67958e-05
29942: 6.67936e-05
29943: 6.67913e-05
29944: 6.67891e-05
29945: 6.67869e-05
29946: 6.67847e-05
29947: 6.67824e-05
29948: 6.67802e-05
29949: 6.6778e-05
29950: 6.67757e-05
29951: 6.67735e-05
29952: 6.67713e-05
29953: 6.6769e-05
29954: 6.67668e-05
29955: 6.67646e-05
29956: 6.67624e-05
29957: 6.67601e-05
29958: 6.67579e-05
29959: 6.67557e-05
29960: 6.67534e-05
29961: 6.67512e-05
29962: 6.6749e-05
29963: 6.67468e-05
29964: 6.67445e-05
29965: 6.67423e-05
29966: 6.67401e-05
29967: 6.67379e-05
29968: 6.67356e-05
29969: 6.67334e-05
29970: 6.67312e-05
29971: 6.67289e-05
29972: 6.67267e-05
29973: 6.67245e-05
29974: 6.67223e-05
29975: 6.672e-05
29976: 6.67178e-05
29977: 6.67156e-05
29978: 6.67134e-05
29979: 6.67111e-05
29980: 6.67089e-05
29981: 6.67067e-05
29982: 6.67045e-05
29983: 6.67022e-05
29984: 6.67e-05
29985: 6.66978e-05
29986: 6.66956e-05
29987: 6.66933e-05
29988: 6.66911e-05
29989: 6.66889e-05
29990: 6.66867e-05
29991: 6.66844e-05
29992: 6.66822e-05
29993: 6.668e-05
29994: 6.66778e-05
29995: 6.66756e-05
29996: 6.66733e-05
29997: 6.66711e-05
29998: 6.66689e-05
29999: 6.66667e-05
30000: 6.66644e-05
30001: 6.66622e-05
30002: 6.666e-05
30003: 6.66578e-05
30004: 6.66556e-05
30005: 6.66533e-05
30006: 6.66511e-05
30007: 6.66489e-05
30008: 6.66467e-05
30009: 6.66445e-05
30010: 6.66422e-05
30011: 6.664e-05
30012: 6.66378e-05
30013: 6.66356e-05
30014: 6.66333e-05
30015: 6.66311e-05
30016: 6.66289e-05
30017: 6.66267e-05
30018: 6.66245e-05
30019: 6.66223e-05
30020: 6.662e-05
30021: 6.66178e-05
30022: 6.66156e-05
30023: 6.66134e-05
30024: 6.66112e-05
30025: 6.66089e-05
30026: 6.66067e-05
30027: 6.66045e-05
30028: 6.66023e-05
30029: 6.66001e-05
30030: 6.65978e-05
30031: 6.65956e-05
30032: 6.65934e-05
30033: 6.65912e-05
30034: 6.6589e-05
30035: 6.65868e-05
30036: 6.65845e-05
30037: 6.65823e-05
30038: 6.65801e-05
30039: 6.65779e-05
30040: 6.65757e-05
30041: 6.65735e-05
30042: 6.65712e-05
30043: 6.6569e-05
30044: 6.65668e-05
30045: 6.65646e-05
30046: 6.65624e-05
30047: 6.65602e-05
30048: 6.6558e-05
30049: 6.65557e-05
30050: 6.65535e-05
30051: 6.65513e-05
30052: 6.65491e-05
30053: 6.65469e-05
30054: 6.65447e-05
30055: 6.65425e-05
30056: 6.65402e-05
30057: 6.6538e-05
30058: 6.65358e-05
30059: 6.65336e-05
30060: 6.65314e-05
30061: 6.65292e-05
30062: 6.6527e-05
30063: 6.65247e-05
30064: 6.65225e-05
30065: 6.65203e-05
30066: 6.65181e-05
30067: 6.65159e-05
30068: 6.65137e-05
30069: 6.65115e-05
30070: 6.65093e-05
30071: 6.6507e-05
30072: 6.65048e-05
30073: 6.65026e-05
30074: 6.65004e-05
30075: 6.64982e-05
30076: 6.6496e-05
30077: 6.64938e-05
30078: 6.64916e-05
30079: 6.64894e-05
30080: 6.64872e-05
30081: 6.64849e-05
30082: 6.64827e-05
30083: 6.64805e-05
30084: 6.64783e-05
30085: 6.64761e-05
30086: 6.64739e-05
30087: 6.64717e-05
30088: 6.64695e-05
30089: 6.64673e-05
30090: 6.64651e-05
30091: 6.64628e-05
30092: 6.64606e-05
30093: 6.64584e-05
30094: 6.64562e-05
30095: 6.6454e-05
30096: 6.64518e-05
30097: 6.64496e-05
30098: 6.64474e-05
30099: 6.64452e-05
30100: 6.6443e-05
30101: 6.64408e-05
30102: 6.64386e-05
30103: 6.64364e-05
30104: 6.64341e-05
30105: 6.64319e-05
30106: 6.64297e-05
30107: 6.64275e-05
30108: 6.64253e-05
30109: 6.64231e-05
30110: 6.64209e-05
30111: 6.64187e-05
30112: 6.64165e-05
30113: 6.64143e-05
30114: 6.64121e-05
30115: 6.64099e-05
30116: 6.64077e-05
30117: 6.64055e-05
30118: 6.64033e-05
30119: 6.64011e-05
30120: 6.63989e-05
30121: 6.63967e-05
30122: 6.63944e-05
30123: 6.63922e-05
30124: 6.639e-05
30125: 6.63878e-05
30126: 6.63856e-05
30127: 6.63834e-05
30128: 6.63812e-05
30129: 6.6379e-05
30130: 6.63768e-05
30131: 6.63746e-05
30132: 6.63724e-05
30133: 6.63702e-05
30134: 6.6368e-05
30135: 6.63658e-05
30136: 6.63636e-05
30137: 6.63614e-05
30138: 6.63592e-05
30139: 6.6357e-05
30140: 6.63548e-05
30141: 6.63526e-05
30142: 6.63504e-05
30143: 6.63482e-05
30144: 6.6346e-05
30145: 6.63438e-05
30146: 6.63416e-05
30147: 6.63394e-05
30148: 6.63372e-05
30149: 6.6335e-05
30150: 6.63328e-05
30151: 6.63306e-05
30152: 6.63284e-05
30153: 6.63262e-05
30154: 6.6324e-05
30155: 6.63218e-05
30156: 6.63196e-05
30157: 6.63174e-05
30158: 6.63152e-05
30159: 6.6313e-05
30160: 6.63108e-05
30161: 6.63086e-05
30162: 6.63064e-05
30163: 6.63042e-05
30164: 6.6302e-05
30165: 6.62998e-05
30166: 6.62976e-05
30167: 6.62954e-05
30168: 6.62932e-05
30169: 6.6291e-05
30170: 6.62888e-05
30171: 6.62866e-05
30172: 6.62844e-05
30173: 6.62822e-05
30174: 6.628e-05
30175: 6.62778e-05
30176: 6.62756e-05
30177: 6.62734e-05
30178: 6.62712e-05
30179: 6.62691e-05
30180: 6.62669e-05
30181: 6.62647e-05
30182: 6.62625e-05
30183: 6.62603e-05
30184: 6.62581e-05
30185: 6.62559e-05
30186: 6.62537e-05
30187: 6.62515e-05
30188: 6.62493e-05
30189: 6.62471e-05
30190: 6.62449e-05
30191: 6.62427e-05
30192: 6.62405e-05
30193: 6.62383e-05
30194: 6.62361e-05
30195: 6.62339e-05
30196: 6.62317e-05
30197: 6.62296e-05
30198: 6.62274e-05
30199: 6.62252e-05
30200: 6.6223e-05
30201: 6.62208e-05
30202: 6.62186e-05
30203: 6.62164e-05
30204: 6.62142e-05
30205: 6.6212e-05
30206: 6.62098e-05
30207: 6.62076e-05
30208: 6.62054e-05
30209: 6.62032e-05
30210: 6.62011e-05
30211: 6.61989e-05
30212: 6.61967e-05
30213: 6.61945e-05
30214: 6.61923e-05
30215: 6.61901e-05
30216: 6.61879e-05
30217: 6.61857e-05
30218: 6.61835e-05
30219: 6.61813e-05
30220: 6.61791e-05
30221: 6.6177e-05
30222: 6.61748e-05
30223: 6.61726e-05
30224: 6.61704e-05
30225: 6.61682e-05
30226: 6.6166e-05
30227: 6.61638e-05
30228: 6.61616e-05
30229: 6.61594e-05
30230: 6.61573e-05
30231: 6.61551e-05
30232: 6.61529e-05
30233: 6.61507e-05
30234: 6.61485e-05
30235: 6.61463e-05
30236: 6.61441e-05
30237: 6.61419e-05
30238: 6.61398e-05
30239: 6.61376e-05
30240: 6.61354e-05
30241: 6.61332e-05
30242: 6.6131e-05
30243: 6.61288e-05
30244: 6.61266e-05
30245: 6.61244e-05
30246: 6.61223e-05
30247: 6.61201e-05
30248: 6.61179e-05
30249: 6.61157e-05
30250: 6.61135e-05
30251: 6.61113e-05
30252: 6.61091e-05
30253: 6.6107e-05
30254: 6.61048e-05
30255: 6.61026e-05
30256: 6.61004e-05
30257: 6.60982e-05
30258: 6.6096e-05
30259: 6.60939e-05
30260: 6.60917e-05
30261: 6.60895e-05
30262: 6.60873e-05
30263: 6.60851e-05
30264: 6.60829e-05
30265: 6.60808e-05
30266: 6.60786e-05
30267: 6.60764e-05
30268: 6.60742e-05
30269: 6.6072e-05
30270: 6.60698e-05
30271: 6.60677e-05
30272: 6.60655e-05
30273: 6.60633e-05
30274: 6.60611e-05
30275: 6.60589e-05
30276: 6.60567e-05
30277: 6.60546e-05
30278: 6.60524e-05
30279: 6.60502e-05
30280: 6.6048e-05
30281: 6.60458e-05
30282: 6.60437e-05
30283: 6.60415e-05
30284: 6.60393e-05
30285: 6.60371e-05
30286: 6.60349e-05
30287: 6.60328e-05
30288: 6.60306e-05
30289: 6.60284e-05
30290: 6.60262e-05
30291: 6.6024e-05
30292: 6.60219e-05
30293: 6.60197e-05
30294: 6.60175e-05
30295: 6.60153e-05
30296: 6.60131e-05
30297: 6.6011e-05
30298: 6.60088e-05
30299: 6.60066e-05
30300: 6.60044e-05
30301: 6.60022e-05
30302: 6.60001e-05
30303: 6.59979e-05
30304: 6.59957e-05
30305: 6.59935e-05
30306: 6.59914e-05
30307: 6.59892e-05
30308: 6.5987e-05
30309: 6.59848e-05
30310: 6.59826e-05
30311: 6.59805e-05
30312: 6.59783e-05
30313: 6.59761e-05
30314: 6.59739e-05
30315: 6.59718e-05
30316: 6.59696e-05
30317: 6.59674e-05
30318: 6.59652e-05
30319: 6.59631e-05
30320: 6.59609e-05
30321: 6.59587e-05
30322: 6.59565e-05
30323: 6.59544e-05
30324: 6.59522e-05
30325: 6.595e-05
30326: 6.59478e-05
30327: 6.59457e-05
30328: 6.59435e-05
30329: 6.59413e-05
30330: 6.59391e-05
30331: 6.5937e-05
30332: 6.59348e-05
30333: 6.59326e-05
30334: 6.59304e-05
30335: 6.59283e-05
30336: 6.59261e-05
30337: 6.59239e-05
30338: 6.59218e-05
30339: 6.59196e-05
30340: 6.59174e-05
30341: 6.59152e-05
30342: 6.59131e-05
30343: 6.59109e-05
30344: 6.59087e-05
30345: 6.59065e-05
30346: 6.59044e-05
30347: 6.59022e-05
30348: 6.59e-05
30349: 6.58979e-05
30350: 6.58957e-05
30351: 6.58935e-05
30352: 6.58913e-05
30353: 6.58892e-05
30354: 6.5887e-05
30355: 6.58848e-05
30356: 6.58827e-05
30357: 6.58805e-05
30358: 6.58783e-05
30359: 6.58762e-05
30360: 6.5874e-05
30361: 6.58718e-05
30362: 6.58696e-05
30363: 6.58675e-05
30364: 6.58653e-05
30365: 6.58631e-05
30366: 6.5861e-05
30367: 6.58588e-05
30368: 6.58566e-05
30369: 6.58545e-05
30370: 6.58523e-05
30371: 6.58501e-05
30372: 6.5848e-05
30373: 6.58458e-05
30374: 6.58436e-05
30375: 6.58415e-05
30376: 6.58393e-05
30377: 6.58371e-05
30378: 6.5835e-05
30379: 6.58328e-05
30380: 6.58306e-05
30381: 6.58285e-05
30382: 6.58263e-05
30383: 6.58241e-05
30384: 6.5822e-05
30385: 6.58198e-05
30386: 6.58176e-05
30387: 6.58155e-05
30388: 6.58133e-05
30389: 6.58111e-05
30390: 6.5809e-05
30391: 6.58068e-05
30392: 6.58046e-05
30393: 6.58025e-05
30394: 6.58003e-05
30395: 6.57981e-05
30396: 6.5796e-05
30397: 6.57938e-05
30398: 6.57916e-05
30399: 6.57895e-05
30400: 6.57873e-05
30401: 6.57851e-05
30402: 6.5783e-05
30403: 6.57808e-05
30404: 6.57787e-05
30405: 6.57765e-05
30406: 6.57743e-05
30407: 6.57722e-05
30408: 6.577e-05
30409: 6.57678e-05
30410: 6.57657e-05
30411: 6.57635e-05
30412: 6.57614e-05
30413: 6.57592e-05
30414: 6.5757e-05
30415: 6.57549e-05
30416: 6.57527e-05
30417: 6.57505e-05
30418: 6.57484e-05
30419: 6.57462e-05
30420: 6.57441e-05
30421: 6.57419e-05
30422: 6.57397e-05
30423: 6.57376e-05
30424: 6.57354e-05
30425: 6.57333e-05
30426: 6.57311e-05
30427: 6.57289e-05
30428: 6.57268e-05
30429: 6.57246e-05
30430: 6.57225e-05
30431: 6.57203e-05
30432: 6.57181e-05
30433: 6.5716e-05
30434: 6.57138e-05
30435: 6.57117e-05
30436: 6.57095e-05
30437: 6.57073e-05
30438: 6.57052e-05
30439: 6.5703e-05
30440: 6.57009e-05
30441: 6.56987e-05
30442: 6.56965e-05
30443: 6.56944e-05
30444: 6.56922e-05
30445: 6.56901e-05
30446: 6.56879e-05
30447: 6.56858e-05
30448: 6.56836e-05
30449: 6.56814e-05
30450: 6.56793e-05
30451: 6.56771e-05
30452: 6.5675e-05
30453: 6.56728e-05
30454: 6.56707e-05
30455: 6.56685e-05
30456: 6.56663e-05
30457: 6.56642e-05
30458: 6.5662e-05
30459: 6.56599e-05
30460: 6.56577e-05
30461: 6.56556e-05
30462: 6.56534e-05
30463: 6.56513e-05
30464: 6.56491e-05
30465: 6.5647e-05
30466: 6.56448e-05
30467: 6.56426e-05
30468: 6.56405e-05
30469: 6.56383e-05
30470: 6.56362e-05
30471: 6.5634e-05
30472: 6.56319e-05
30473: 6.56297e-05
30474: 6.56276e-05
30475: 6.56254e-05
30476: 6.56233e-05
30477: 6.56211e-05
30478: 6.5619e-05
30479: 6.56168e-05
30480: 6.56146e-05
30481: 6.56125e-05
30482: 6.56103e-05
30483: 6.56082e-05
30484: 6.5606e-05
30485: 6.56039e-05
30486: 6.56017e-05
30487: 6.55996e-05
30488: 6.55974e-05
30489: 6.55953e-05
30490: 6.55931e-05
30491: 6.5591e-05
30492: 6.55888e-05
30493: 6.55867e-05
30494: 6.55845e-05
30495: 6.55824e-05
30496: 6.55802e-05
30497: 6.55781e-05
30498: 6.55759e-05
30499: 6.55738e-05
30500: 6.55716e-05
30501: 6.55695e-05
30502: 6.55673e-05
30503: 6.55652e-05
30504: 6.5563e-05
30505: 6.55609e-05
30506: 6.55587e-05
30507: 6.55566e-05
30508: 6.55544e-05
30509: 6.55523e-05
30510: 6.55501e-05
30511: 6.5548e-05
30512: 6.55458e-05
30513: 6.55437e-05
30514: 6.55415e-05
30515: 6.55394e-05
30516: 6.55372e-05
30517: 6.55351e-05
30518: 6.55329e-05
30519: 6.55308e-05
30520: 6.55287e-05
30521: 6.55265e-05
30522: 6.55244e-05
30523: 6.55222e-05
30524: 6.55201e-05
30525: 6.55179e-05
30526: 6.55158e-05
30527: 6.55136e-05
30528: 6.55115e-05
30529: 6.55093e-05
30530: 6.55072e-05
30531: 6.5505e-05
30532: 6.55029e-05
30533: 6.55008e-05
30534: 6.54986e-05
30535: 6.54965e-05
30536: 6.54943e-05
30537: 6.54922e-05
30538: 6.549e-05
30539: 6.54879e-05
30540: 6.54857e-05
30541: 6.54836e-05
30542: 6.54815e-05
30543: 6.54793e-05
30544: 6.54772e-05
30545: 6.5475e-05
30546: 6.54729e-05
30547: 6.54707e-05
30548: 6.54686e-05
30549: 6.54664e-05
30550: 6.54643e-05
30551: 6.54622e-05
30552: 6.546e-05
30553: 6.54579e-05
30554: 6.54557e-05
30555: 6.54536e-05
30556: 6.54515e-05
30557: 6.54493e-05
30558: 6.54472e-05
30559: 6.5445e-05
30560: 6.54429e-05
30561: 6.54407e-05
30562: 6.54386e-05
30563: 6.54365e-05
30564: 6.54343e-05
30565: 6.54322e-05
30566: 6.543e-05
30567: 6.54279e-05
30568: 6.54258e-05
30569: 6.54236e-05
30570: 6.54215e-05
30571: 6.54193e-05
30572: 6.54172e-05
30573: 6.54151e-05
30574: 6.54129e-05
30575: 6.54108e-05
30576: 6.54086e-05
30577: 6.54065e-05
30578: 6.54044e-05
30579: 6.54022e-05
30580: 6.54001e-05
30581: 6.53979e-05
30582: 6.53958e-05
30583: 6.53937e-05
30584: 6.53915e-05
30585: 6.53894e-05
30586: 6.53873e-05
30587: 6.53851e-05
30588: 6.5383e-05
30589: 6.53808e-05
30590: 6.53787e-05
30591: 6.53766e-05
30592: 6.53744e-05
30593: 6.53723e-05
30594: 6.53702e-05
30595: 6.5368e-05
30596: 6.53659e-05
30597: 6.53637e-05
30598: 6.53616e-05
30599: 6.53595e-05
30600: 6.53573e-05
30601: 6.53552e-05
30602: 6.53531e-05
30603: 6.53509e-05
30604: 6.53488e-05
30605: 6.53467e-05
30606: 6.53445e-05
30607: 6.53424e-05
30608: 6.53403e-05
30609: 6.53381e-05
30610: 6.5336e-05
30611: 6.53339e-05
30612: 6.53317e-05
30613: 6.53296e-05
30614: 6.53275e-05
30615: 6.53253e-05
30616: 6.53232e-05
30617: 6.53211e-05
30618: 6.53189e-05
30619: 6.53168e-05
30620: 6.53147e-05
30621: 6.53125e-05
30622: 6.53104e-05
30623: 6.53083e-05
30624: 6.53061e-05
30625: 6.5304e-05
30626: 6.53019e-05
30627: 6.52997e-05
30628: 6.52976e-05
30629: 6.52955e-05
30630: 6.52933e-05
30631: 6.52912e-05
30632: 6.52891e-05
30633: 6.52869e-05
30634: 6.52848e-05
30635: 6.52827e-05
30636: 6.52805e-05
30637: 6.52784e-05
30638: 6.52763e-05
30639: 6.52742e-05
30640: 6.5272e-05
30641: 6.52699e-05
30642: 6.52678e-05
30643: 6.52656e-05
30644: 6.52635e-05
30645: 6.52614e-05
30646: 6.52592e-05
30647: 6.52571e-05
30648: 6.5255e-05
30649: 6.52529e-05
30650: 6.52507e-05
30651: 6.52486e-05
30652: 6.52465e-05
30653: 6.52443e-05
30654: 6.52422e-05
30655: 6.52401e-05
30656: 6.5238e-05
30657: 6.52358e-05
30658: 6.52337e-05
30659: 6.52316e-05
30660: 6.52294e-05
30661: 6.52273e-05
30662: 6.52252e-05
30663: 6.52231e-05
30664: 6.52209e-05
30665: 6.52188e-05
30666: 6.52167e-05
30667: 6.52146e-05
30668: 6.52124e-05
30669: 6.52103e-05
30670: 6.52082e-05
30671: 6.52061e-05
30672: 6.52039e-05
30673: 6.52018e-05
30674: 6.51997e-05
30675: 6.51975e-05
30676: 6.51954e-05
30677: 6.51933e-05
30678: 6.51912e-05
30679: 6.5189e-05
30680: 6.51869e-05
30681: 6.51848e-05
30682: 6.51827e-05
30683: 6.51806e-05
30684: 6.51784e-05
30685: 6.51763e-05
30686: 6.51742e-05
30687: 6.51721e-05
30688: 6.51699e-05
30689: 6.51678e-05
30690: 6.51657e-05
30691: 6.51636e-05
30692: 6.51614e-05
30693: 6.51593e-05
30694: 6.51572e-05
30695: 6.51551e-05
30696: 6.51529e-05
30697: 6.51508e-05
30698: 6.51487e-05
30699: 6.51466e-05
30700: 6.51445e-05
30701: 6.51423e-05
30702: 6.51402e-05
30703: 6.51381e-05
30704: 6.5136e-05
30705: 6.51339e-05
30706: 6.51317e-05
30707: 6.51296e-05
30708: 6.51275e-05
30709: 6.51254e-05
30710: 6.51232e-05
30711: 6.51211e-05
30712: 6.5119e-05
30713: 6.51169e-05
30714: 6.51148e-05
30715: 6.51126e-05
30716: 6.51105e-05
30717: 6.51084e-05
30718: 6.51063e-05
30719: 6.51042e-05
30720: 6.5102e-05
30721: 6.50999e-05
30722: 6.50978e-05
30723: 6.50957e-05
30724: 6.50936e-05
30725: 6.50915e-05
30726: 6.50893e-05
30727: 6.50872e-05
30728: 6.50851e-05
30729: 6.5083e-05
30730: 6.50809e-05
30731: 6.50787e-05
30732: 6.50766e-05
30733: 6.50745e-05
30734: 6.50724e-05
30735: 6.50703e-05
30736: 6.50682e-05
30737: 6.5066e-05
30738: 6.50639e-05
30739: 6.50618e-05
30740: 6.50597e-05
30741: 6.50576e-05
30742: 6.50555e-05
30743: 6.50533e-05
30744: 6.50512e-05
30745: 6.50491e-05
30746: 6.5047e-05
30747: 6.50449e-05
30748: 6.50428e-05
30749: 6.50407e-05
30750: 6.50385e-05
30751: 6.50364e-05
30752: 6.50343e-05
30753: 6.50322e-05
30754: 6.50301e-05
30755: 6.5028e-05
30756: 6.50258e-05
30757: 6.50237e-05
30758: 6.50216e-05
30759: 6.50195e-05
30760: 6.50174e-05
30761: 6.50153e-05
30762: 6.50132e-05
30763: 6.50111e-05
30764: 6.50089e-05
30765: 6.50068e-05
30766: 6.50047e-05
30767: 6.50026e-05
30768: 6.50005e-05
30769: 6.49984e-05
30770: 6.49963e-05
30771: 6.49942e-05
30772: 6.4992e-05
30773: 6.49899e-05
30774: 6.49878e-05
30775: 6.49857e-05
30776: 6.49836e-05
30777: 6.49815e-05
30778: 6.49794e-05
30779: 6.49773e-05
30780: 6.49751e-05
30781: 6.4973e-05
30782: 6.49709e-05
30783: 6.49688e-05
30784: 6.49667e-05
30785: 6.49646e-05
30786: 6.49625e-05
30787: 6.49604e-05
30788: 6.49583e-05
30789: 6.49562e-05
30790: 6.4954e-05
30791: 6.49519e-05
30792: 6.49498e-05
30793: 6.49477e-05
30794: 6.49456e-05
30795: 6.49435e-05
30796: 6.49414e-05
30797: 6.49393e-05
30798: 6.49372e-05
30799: 6.49351e-05
30800: 6.4933e-05
30801: 6.49308e-05
30802: 6.49287e-05
30803: 6.49266e-05
30804: 6.49245e-05
30805: 6.49224e-05
30806: 6.49203e-05
30807: 6.49182e-05
30808: 6.49161e-05
30809: 6.4914e-05
30810: 6.49119e-05
30811: 6.49098e-05
30812: 6.49077e-05
30813: 6.49056e-05
30814: 6.49035e-05
30815: 6.49013e-05
30816: 6.48992e-05
30817: 6.48971e-05
30818: 6.4895e-05
30819: 6.48929e-05
30820: 6.48908e-05
30821: 6.48887e-05
30822: 6.48866e-05
30823: 6.48845e-05
30824: 6.48824e-05
30825: 6.48803e-05
30826: 6.48782e-05
30827: 6.48761e-05
30828: 6.4874e-05
30829: 6.48719e-05
30830: 6.48698e-05
30831: 6.48677e-05
30832: 6.48656e-05
30833: 6.48635e-05
30834: 6.48614e-05
30835: 6.48593e-05
30836: 6.48572e-05
30837: 6.4855e-05
30838: 6.48529e-05
30839: 6.48508e-05
30840: 6.48487e-05
30841: 6.48466e-05
30842: 6.48445e-05
30843: 6.48424e-05
30844: 6.48403e-05
30845: 6.48382e-05
30846: 6.48361e-05
30847: 6.4834e-05
30848: 6.48319e-05
30849: 6.48298e-05
30850: 6.48277e-05
30851: 6.48256e-05
30852: 6.48235e-05
30853: 6.48214e-05
30854: 6.48193e-05
30855: 6.48172e-05
30856: 6.48151e-05
30857: 6.4813e-05
30858: 6.48109e-05
30859: 6.48088e-05
30860: 6.48067e-05
30861: 6.48046e-05
30862: 6.48025e-05
30863: 6.48004e-05
30864: 6.47983e-05
30865: 6.47962e-05
30866: 6.47941e-05
30867: 6.4792e-05
30868: 6.47899e-05
30869: 6.47878e-05
30870: 6.47857e-05
30871: 6.47836e-05
30872: 6.47815e-05
30873: 6.47794e-05
30874: 6.47773e-05
30875: 6.47752e-05
30876: 6.47731e-05
30877: 6.4771e-05
30878: 6.47689e-05
30879: 6.47668e-05
30880: 6.47647e-05
30881: 6.47626e-05
30882: 6.47605e-05
30883: 6.47585e-05
30884: 6.47564e-05
30885: 6.47543e-05
30886: 6.47522e-05
30887: 6.47501e-05
30888: 6.4748e-05
30889: 6.47459e-05
30890: 6.47438e-05
30891: 6.47417e-05
30892: 6.47396e-05
30893: 6.47375e-05
30894: 6.47354e-05
30895: 6.47333e-05
30896: 6.47312e-05
30897: 6.47291e-05
30898: 6.4727e-05
30899: 6.47249e-05
30900: 6.47228e-05
30901: 6.47207e-05
30902: 6.47186e-05
30903: 6.47165e-05
30904: 6.47144e-05
30905: 6.47124e-05
30906: 6.47103e-05
30907: 6.47082e-05
30908: 6.47061e-05
30909: 6.4704e-05
30910: 6.47019e-05
30911: 6.46998e-05
30912: 6.46977e-05
30913: 6.46956e-05
30914: 6.46935e-05
30915: 6.46914e-05
30916: 6.46893e-05
30917: 6.46872e-05
30918: 6.46851e-05
30919: 6.46831e-05
30920: 6.4681e-05
30921: 6.46789e-05
30922: 6.46768e-05
30923: 6.46747e-05
30924: 6.46726e-05
30925: 6.46705e-05
30926: 6.46684e-05
30927: 6.46663e-05
30928: 6.46642e-05
30929: 6.46621e-05
30930: 6.466e-05
30931: 6.4658e-05
30932: 6.46559e-05
30933: 6.46538e-05
30934: 6.46517e-05
30935: 6.46496e-05
30936: 6.46475e-05
30937: 6.46454e-05
30938: 6.46433e-05
30939: 6.46412e-05
30940: 6.46392e-05
30941: 6.46371e-05
30942: 6.4635e-05
30943: 6.46329e-05
30944: 6.46308e-05
30945: 6.46287e-05
30946: 6.46266e-05
30947: 6.46245e-05
30948: 6.46224e-05
30949: 6.46204e-05
30950: 6.46183e-05
30951: 6.46162e-05
30952: 6.46141e-05
30953: 6.4612e-05
30954: 6.46099e-05
30955: 6.46078e-05
30956: 6.46057e-05
30957: 6.46037e-05
30958: 6.46016e-05
30959: 6.45995e-05
30960: 6.45974e-05
30961: 6.45953e-05
30962: 6.45932e-05
30963: 6.45911e-05
30964: 6.45891e-05
30965: 6.4587e-05
30966: 6.45849e-05
30967: 6.45828e-05
30968: 6.45807e-05
30969: 6.45786e-05
30970: 6.45765e-05
30971: 6.45745e-05
30972: 6.45724e-05
30973: 6.45703e-05
30974: 6.45682e-05
30975: 6.45661e-05
30976: 6.4564e-05
30977: 6.45619e-05
30978: 6.45599e-05
30979: 6.45578e-05
30980: 6.45557e-05
30981: 6.45536e-05
30982: 6.45515e-05
30983: 6.45494e-05
30984: 6.45474e-05
30985: 6.45453e-05
30986: 6.45432e-05
30987: 6.45411e-05
30988: 6.4539e-05
30989: 6.45369e-05
30990: 6.45349e-05
30991: 6.45328e-05
30992: 6.45307e-05
30993: 6.45286e-05
30994: 6.45265e-05
30995: 6.45245e-05
30996: 6.45224e-05
30997: 6.45203e-05
30998: 6.45182e-05
30999: 6.45161e-05
31000: 6.4514e-05
31001: 6.4512e-05
31002: 6.45099e-05
31003: 6.45078e-05
31004: 6.45057e-05
31005: 6.45036e-05
31006: 6.45016e-05
31007: 6.44995e-05
31008: 6.44974e-05
31009: 6.44953e-05
31010: 6.44932e-05
31011: 6.44912e-05
31012: 6.44891e-05
31013: 6.4487e-05
31014: 6.44849e-05
31015: 6.44828e-05
31016: 6.44808e-05
31017: 6.44787e-05
31018: 6.44766e-05
31019: 6.44745e-05
31020: 6.44725e-05
31021: 6.44704e-05
31022: 6.44683e-05
31023: 6.44662e-05
31024: 6.44641e-05
31025: 6.44621e-05
31026: 6.446e-05
31027: 6.44579e-05
31028: 6.44558e-05
31029: 6.44538e-05
31030: 6.44517e-05
31031: 6.44496e-05
31032: 6.44475e-05
31033: 6.44454e-05
31034: 6.44434e-05
31035: 6.44413e-05
31036: 6.44392e-05
31037: 6.44371e-05
31038: 6.44351e-05
31039: 6.4433e-05
31040: 6.44309e-05
31041: 6.44288e-05
31042: 6.44268e-05
31043: 6.44247e-05
31044: 6.44226e-05
31045: 6.44205e-05
31046: 6.44185e-05
31047: 6.44164e-05
31048: 6.44143e-05
31049: 6.44122e-05
31050: 6.44102e-05
31051: 6.44081e-05
31052: 6.4406e-05
31053: 6.44039e-05
31054: 6.44019e-05
31055: 6.43998e-05
31056: 6.43977e-05
31057: 6.43956e-05
31058: 6.43936e-05
31059: 6.43915e-05
31060: 6.43894e-05
31061: 6.43874e-05
31062: 6.43853e-05
31063: 6.43832e-05
31064: 6.43811e-05
31065: 6.43791e-05
31066: 6.4377e-05
31067: 6.43749e-05
31068: 6.43728e-05
31069: 6.43708e-05
31070: 6.43687e-05
31071: 6.43666e-05
31072: 6.43646e-05
31073: 6.43625e-05
31074: 6.43604e-05
31075: 6.43583e-05
31076: 6.43563e-05
31077: 6.43542e-05
31078: 6.43521e-05
31079: 6.43501e-05
31080: 6.4348e-05
31081: 6.43459e-05
31082: 6.43439e-05
31083: 6.43418e-05
31084: 6.43397e-05
31085: 6.43376e-05
31086: 6.43356e-05
31087: 6.43335e-05
31088: 6.43314e-05
31089: 6.43294e-05
31090: 6.43273e-05
31091: 6.43252e-05
31092: 6.43232e-05
31093: 6.43211e-05
31094: 6.4319e-05
31095: 6.4317e-05
31096: 6.43149e-05
31097: 6.43128e-05
31098: 6.43107e-05
31099: 6.43087e-05
31100: 6.43066e-05
31101: 6.43045e-05
31102: 6.43025e-05
31103: 6.43004e-05
31104: 6.42983e-05
31105: 6.42963e-05
31106: 6.42942e-05
31107: 6.42921e-05
31108: 6.42901e-05
31109: 6.4288e-05
31110: 6.42859e-05
31111: 6.42839e-05
31112: 6.42818e-05
31113: 6.42797e-05
31114: 6.42777e-05
31115: 6.42756e-05
31116: 6.42735e-05
31117: 6.42715e-05
31118: 6.42694e-05
31119: 6.42674e-05
31120: 6.42653e-05
31121: 6.42632e-05
31122: 6.42612e-05
31123: 6.42591e-05
31124: 6.4257e-05
31125: 6.4255e-05
31126: 6.42529e-05
31127: 6.42508e-05
31128: 6.42488e-05
31129: 6.42467e-05
31130: 6.42446e-05
31131: 6.42426e-05
31132: 6.42405e-05
31133: 6.42385e-05
31134: 6.42364e-05
31135: 6.42343e-05
31136: 6.42323e-05
31137: 6.42302e-05
31138: 6.42281e-05
31139: 6.42261e-05
31140: 6.4224e-05
31141: 6.4222e-05
31142: 6.42199e-05
31143: 6.42178e-05
31144: 6.42158e-05
31145: 6.42137e-05
31146: 6.42116e-05
31147: 6.42096e-05
31148: 6.42075e-05
31149: 6.42055e-05
31150: 6.42034e-05
31151: 6.42013e-05
31152: 6.41993e-05
31153: 6.41972e-05
31154: 6.41952e-05
31155: 6.41931e-05
31156: 6.4191e-05
31157: 6.4189e-05
31158: 6.41869e-05
31159: 6.41849e-05
31160: 6.41828e-05
31161: 6.41807e-05
31162: 6.41787e-05
31163: 6.41766e-05
31164: 6.41746e-05
31165: 6.41725e-05
31166: 6.41704e-05
31167: 6.41684e-05
31168: 6.41663e-05
31169: 6.41643e-05
31170: 6.41622e-05
31171: 6.41601e-05
31172: 6.41581e-05
31173: 6.4156e-05
31174: 6.4154e-05
31175: 6.41519e-05
31176: 6.41499e-05
31177: 6.41478e-05
31178: 6.41457e-05
31179: 6.41437e-05
31180: 6.41416e-05
31181: 6.41396e-05
31182: 6.41375e-05
31183: 6.41355e-05
31184: 6.41334e-05
31185: 6.41313e-05
31186: 6.41293e-05
31187: 6.41272e-05
31188: 6.41252e-05
31189: 6.41231e-05
31190: 6.41211e-05
31191: 6.4119e-05
31192: 6.41169e-05
31193: 6.41149e-05
31194: 6.41128e-05
31195: 6.41108e-05
31196: 6.41087e-05
31197: 6.41067e-05
31198: 6.41046e-05
31199: 6.41026e-05
31200: 6.41005e-05
31201: 6.40985e-05
31202: 6.40964e-05
31203: 6.40943e-05
31204: 6.40923e-05
31205: 6.40902e-05
31206: 6.40882e-05
31207: 6.40861e-05
31208: 6.40841e-05
31209: 6.4082e-05
31210: 6.408e-05
31211: 6.40779e-05
31212: 6.40759e-05
31213: 6.40738e-05
31214: 6.40718e-05
31215: 6.40697e-05
31216: 6.40677e-05
31217: 6.40656e-05
31218: 6.40636e-05
31219: 6.40615e-05
31220: 6.40594e-05
31221: 6.40574e-05
31222: 6.40553e-05
31223: 6.40533e-05
31224: 6.40512e-05
31225: 6.40492e-05
31226: 6.40471e-05
31227: 6.40451e-05
31228: 6.4043e-05
31229: 6.4041e-05
31230: 6.40389e-05
31231: 6.40369e-05
31232: 6.40348e-05
31233: 6.40328e-05
31234: 6.40307e-05
31235: 6.40287e-05
31236: 6.40266e-05
31237: 6.40246e-05
31238: 6.40225e-05
31239: 6.40205e-05
31240: 6.40184e-05
31241: 6.40164e-05
31242: 6.40143e-05
31243: 6.40123e-05
31244: 6.40102e-05
31245: 6.40082e-05
31246: 6.40061e-05
31247: 6.40041e-05
31248: 6.4002e-05
31249: 6.4e-05
31250: 6.3998e-05
31251: 6.39959e-05
31252: 6.39939e-05
31253: 6.39918e-05
31254: 6.39898e-05
31255: 6.39877e-05
31256: 6.39857e-05
31257: 6.39836e-05
31258: 6.39816e-05
31259: 6.39795e-05
31260: 6.39775e-05
31261: 6.39754e-05
31262: 6.39734e-05
31263: 6.39713e-05
31264: 6.39693e-05
31265: 6.39672e-05
31266: 6.39652e-05
31267: 6.39632e-05
31268: 6.39611e-05
31269: 6.39591e-05
31270: 6.3957e-05
31271: 6.3955e-05
31272: 6.39529e-05
31273: 6.39509e-05
31274: 6.39488e-05
31275: 6.39468e-05
31276: 6.39448e-05
31277: 6.39427e-05
31278: 6.39407e-05
31279: 6.39386e-05
31280: 6.39366e-05
31281: 6.39345e-05
31282: 6.39325e-05
31283: 6.39304e-05
31284: 6.39284e-05
31285: 6.39264e-05
31286: 6.39243e-05
31287: 6.39223e-05
31288: 6.39202e-05
31289: 6.39182e-05
31290: 6.39161e-05
31291: 6.39141e-05
31292: 6.39121e-05
31293: 6.391e-05
31294: 6.3908e-05
31295: 6.39059e-05
31296: 6.39039e-05
31297: 6.39018e-05
31298: 6.38998e-05
31299: 6.38978e-05
31300: 6.38957e-05
31301: 6.38937e-05
31302: 6.38916e-05
31303: 6.38896e-05
31304: 6.38876e-05
31305: 6.38855e-05
31306: 6.38835e-05
31307: 6.38814e-05
31308: 6.38794e-05
31309: 6.38774e-05
31310: 6.38753e-05
31311: 6.38733e-05
31312: 6.38712e-05
31313: 6.38692e-05
31314: 6.38672e-05
31315: 6.38651e-05
31316: 6.38631e-05
31317: 6.3861e-05
31318: 6.3859e-05
31319: 6.3857e-05
31320: 6.38549e-05
31321: 6.38529e-05
31322: 6.38508e-05
31323: 6.38488e-05
31324: 6.38468e-05
31325: 6.38447e-05
31326: 6.38427e-05
31327: 6.38407e-05
31328: 6.38386e-05
31329: 6.38366e-05
31330: 6.38345e-05
31331: 6.38325e-05
31332: 6.38305e-05
31333: 6.38284e-05
31334: 6.38264e-05
31335: 6.38244e-05
31336: 6.38223e-05
31337: 6.38203e-05
31338: 6.38182e-05
31339: 6.38162e-05
31340: 6.38142e-05
31341: 6.38121e-05
31342: 6.38101e-05
31343: 6.38081e-05
31344: 6.3806e-05
31345: 6.3804e-05
31346: 6.3802e-05
31347: 6.37999e-05
31348: 6.37979e-05
31349: 6.37959e-05
31350: 6.37938e-05
31351: 6.37918e-05
31352: 6.37897e-05
31353: 6.37877e-05
31354: 6.37857e-05
31355: 6.37836e-05
31356: 6.37816e-05
31357: 6.37796e-05
31358: 6.37775e-05
31359: 6.37755e-05
31360: 6.37735e-05
31361: 6.37714e-05
31362: 6.37694e-05
31363: 6.37674e-05
31364: 6.37653e-05
31365: 6.37633e-05
31366: 6.37613e-05
31367: 6.37592e-05
31368: 6.37572e-05
31369: 6.37552e-05
31370: 6.37531e-05
31371: 6.37511e-05
31372: 6.37491e-05
31373: 6.37471e-05
31374: 6.3745e-05
31375: 6.3743e-05
31376: 6.3741e-05
31377: 6.37389e-05
31378: 6.37369e-05
31379: 6.37349e-05
31380: 6.37328e-05
31381: 6.37308e-05
31382: 6.37288e-05
31383: 6.37267e-05
31384: 6.37247e-05
31385: 6.37227e-05
31386: 6.37206e-05
31387: 6.37186e-05
31388: 6.37166e-05
31389: 6.37146e-05
31390: 6.37125e-05
31391: 6.37105e-05
31392: 6.37085e-05
31393: 6.37064e-05
31394: 6.37044e-05
31395: 6.37024e-05
31396: 6.37004e-05
31397: 6.36983e-05
31398: 6.36963e-05
31399: 6.36943e-05
31400: 6.36922e-05
31401: 6.36902e-05
31402: 6.36882e-05
31403: 6.36862e-05
31404: 6.36841e-05
31405: 6.36821e-05
31406: 6.36801e-05
31407: 6.3678e-05
31408: 6.3676e-05
31409: 6.3674e-05
31410: 6.3672e-05
31411: 6.36699e-05
31412: 6.36679e-05
31413: 6.36659e-05
31414: 6.36639e-05
31415: 6.36618e-05
31416: 6.36598e-05
31417: 6.36578e-05
31418: 6.36557e-05
31419: 6.36537e-05
31420: 6.36517e-05
31421: 6.36497e-05
31422: 6.36476e-05
31423: 6.36456e-05
31424: 6.36436e-05
31425: 6.36416e-05
31426: 6.36395e-05
31427: 6.36375e-05
31428: 6.36355e-05
31429: 6.36335e-05
31430: 6.36314e-05
31431: 6.36294e-05
31432: 6.36274e-05
31433: 6.36254e-05
31434: 6.36233e-05
31435: 6.36213e-05
31436: 6.36193e-05
31437: 6.36173e-05
31438: 6.36153e-05
31439: 6.36132e-05
31440: 6.36112e-05
31441: 6.36092e-05
31442: 6.36072e-05
31443: 6.36051e-05
31444: 6.36031e-05
31445: 6.36011e-05
31446: 6.35991e-05
31447: 6.3597e-05
31448: 6.3595e-05
31449: 6.3593e-05
31450: 6.3591e-05
31451: 6.3589e-05
31452: 6.35869e-05
31453: 6.35849e-05
31454: 6.35829e-05
31455: 6.35809e-05
31456: 6.35789e-05
31457: 6.35768e-05
31458: 6.35748e-05
31459: 6.35728e-05
31460: 6.35708e-05
31461: 6.35687e-05
31462: 6.35667e-05
31463: 6.35647e-05
31464: 6.35627e-05
31465: 6.35607e-05
31466: 6.35586e-05
31467: 6.35566e-05
31468: 6.35546e-05
31469: 6.35526e-05
31470: 6.35506e-05
31471: 6.35486e-05
31472: 6.35465e-05
31473: 6.35445e-05
31474: 6.35425e-05
31475: 6.35405e-05
31476: 6.35385e-05
31477: 6.35364e-05
31478: 6.35344e-05
31479: 6.35324e-05
31480: 6.35304e-05
31481: 6.35284e-05
31482: 6.35263e-05
31483: 6.35243e-05
31484: 6.35223e-05
31485: 6.35203e-05
31486: 6.35183e-05
31487: 6.35163e-05
31488: 6.35142e-05
31489: 6.35122e-05
31490: 6.35102e-05
31491: 6.35082e-05
31492: 6.35062e-05
31493: 6.35042e-05
31494: 6.35021e-05
31495: 6.35001e-05
31496: 6.34981e-05
31497: 6.34961e-05
31498: 6.34941e-05
31499: 6.34921e-05
31500: 6.349e-05
31501: 6.3488e-05
31502: 6.3486e-05
31503: 6.3484e-05
31504: 6.3482e-05
31505: 6.348e-05
31506: 6.3478e-05
31507: 6.34759e-05
31508: 6.34739e-05
31509: 6.34719e-05
31510: 6.34699e-05
31511: 6.34679e-05
31512: 6.34659e-05
31513: 6.34639e-05
31514: 6.34618e-05
31515: 6.34598e-05
31516: 6.34578e-05
31517: 6.34558e-05
31518: 6.34538e-05
31519: 6.34518e-05
31520: 6.34498e-05
31521: 6.34478e-05
31522: 6.34457e-05
31523: 6.34437e-05
31524: 6.34417e-05
31525: 6.34397e-05
31526: 6.34377e-05
31527: 6.34357e-05
31528: 6.34337e-05
31529: 6.34317e-05
31530: 6.34296e-05
31531: 6.34276e-05
31532: 6.34256e-05
31533: 6.34236e-05
31534: 6.34216e-05
31535: 6.34196e-05
31536: 6.34176e-05
31537: 6.34156e-05
31538: 6.34136e-05
31539: 6.34115e-05
31540: 6.34095e-05
31541: 6.34075e-05
31542: 6.34055e-05
31543: 6.34035e-05
31544: 6.34015e-05
31545: 6.33995e-05
31546: 6.33975e-05
31547: 6.33955e-05
31548: 6.33935e-05
31549: 6.33914e-05
31550: 6.33894e-05
31551: 6.33874e-05
31552: 6.33854e-05
31553: 6.33834e-05
31554: 6.33814e-05
31555: 6.33794e-05
31556: 6.33774e-05
31557: 6.33754e-05
31558: 6.33734e-05
31559: 6.33714e-05
31560: 6.33693e-05
31561: 6.33673e-05
31562: 6.33653e-05
31563: 6.33633e-05
31564: 6.33613e-05
31565: 6.33593e-05
31566: 6.33573e-05
31567: 6.33553e-05
31568: 6.33533e-05
31569: 6.33513e-05
31570: 6.33493e-05
31571: 6.33473e-05
31572: 6.33453e-05
31573: 6.33433e-05
31574: 6.33413e-05
31575: 6.33392e-05
31576: 6.33372e-05
31577: 6.33352e-05
31578: 6.33332e-05
31579: 6.33312e-05
31580: 6.33292e-05
31581: 6.33272e-05
31582: 6.33252e-05
31583: 6.33232e-05
31584: 6.33212e-05
31585: 6.33192e-05
31586: 6.33172e-05
31587: 6.33152e-05
31588: 6.33132e-05
31589: 6.33112e-05
31590: 6.33092e-05
31591: 6.33072e-05
31592: 6.33052e-05
31593: 6.33032e-05
31594: 6.33012e-05
31595: 6.32992e-05
31596: 6.32971e-05
31597: 6.32951e-05
31598: 6.32931e-05
31599: 6.32911e-05
31600: 6.32891e-05
31601: 6.32871e-05
31602: 6.32851e-05
31603: 6.32831e-05
31604: 6.32811e-05
31605: 6.32791e-05
31606: 6.32771e-05
31607: 6.32751e-05
31608: 6.32731e-05
31609: 6.32711e-05
31610: 6.32691e-05
31611: 6.32671e-05
31612: 6.32651e-05
31613: 6.32631e-05
31614: 6.32611e-05
31615: 6.32591e-05
31616: 6.32571e-05
31617: 6.32551e-05
31618: 6.32531e-05
31619: 6.32511e-05
31620: 6.32491e-05
31621: 6.32471e-05
31622: 6.32451e-05
31623: 6.32431e-05
31624: 6.32411e-05
31625: 6.32391e-05
31626: 6.32371e-05
31627: 6.32351e-05
31628: 6.32331e-05
31629: 6.32311e-05
31630: 6.32291e-05
31631: 6.32271e-05
31632: 6.32251e-05
31633: 6.32231e-05
31634: 6.32211e-05
31635: 6.32191e-05
31636: 6.32171e-05
31637: 6.32151e-05
31638: 6.32131e-05
31639: 6.32111e-05
31640: 6.32091e-05
31641: 6.32071e-05
31642: 6.32051e-05
31643: 6.32031e-05
31644: 6.32011e-05
31645: 6.31991e-05
31646: 6.31971e-05
31647: 6.31951e-05
31648: 6.31931e-05
31649: 6.31912e-05
31650: 6.31892e-05
31651: 6.31872e-05
31652: 6.31852e-05
31653: 6.31832e-05
31654: 6.31812e-05
31655: 6.31792e-05
31656: 6.31772e-05
31657: 6.31752e-05
31658: 6.31732e-05
31659: 6.31712e-05
31660: 6.31692e-05
31661: 6.31672e-05
31662: 6.31652e-05
31663: 6.31632e-05
31664: 6.31612e-05
31665: 6.31592e-05
31666: 6.31572e-05
31667: 6.31552e-05
31668: 6.31532e-05
31669: 6.31512e-05
31670: 6.31493e-05
31671: 6.31473e-05
31672: 6.31453e-05
31673: 6.31433e-05
31674: 6.31413e-05
31675: 6.31393e-05
31676: 6.31373e-05
31677: 6.31353e-05
31678: 6.31333e-05
31679: 6.31313e-05
31680: 6.31293e-05
31681: 6.31273e-05
31682: 6.31253e-05
31683: 6.31233e-05
31684: 6.31214e-05
31685: 6.31194e-05
31686: 6.31174e-05
31687: 6.31154e-05
31688: 6.31134e-05
31689: 6.31114e-05
31690: 6.31094e-05
31691: 6.31074e-05
31692: 6.31054e-05
31693: 6.31034e-05
31694: 6.31014e-05
31695: 6.30994e-05
31696: 6.30975e-05
31697: 6.30955e-05
31698: 6.30935e-05
31699: 6.30915e-05
31700: 6.30895e-05
31701: 6.30875e-05
31702: 6.30855e-05
31703: 6.30835e-05
31704: 6.30815e-05
31705: 6.30795e-05
31706: 6.30776e-05
31707: 6.30756e-05
31708: 6.30736e-05
31709: 6.30716e-05
31710: 6.30696e-05
31711: 6.30676e-05
31712: 6.30656e-05
31713: 6.30636e-05
31714: 6.30616e-05
31715: 6.30597e-05
31716: 6.30577e-05
31717: 6.30557e-05
31718: 6.30537e-05
31719: 6.30517e-05
31720: 6.30497e-05
31721: 6.30477e-05
31722: 6.30457e-05
31723: 6.30438e-05
31724: 6.30418e-05
31725: 6.30398e-05
31726: 6.30378e-05
31727: 6.30358e-05
31728: 6.30338e-05
31729: 6.30318e-05
31730: 6.30298e-05
31731: 6.30279e-05
31732: 6.30259e-05
31733: 6.30239e-05
31734: 6.30219e-05
31735: 6.30199e-05
31736: 6.30179e-05
31737: 6.30159e-05
31738: 6.3014e-05
31739: 6.3012e-05
31740: 6.301e-05
31741: 6.3008e-05
31742: 6.3006e-05
31743: 6.3004e-05
31744: 6.3002e-05
31745: 6.30001e-05
31746: 6.29981e-05
31747: 6.29961e-05
31748: 6.29941e-05
31749: 6.29921e-05
31750: 6.29901e-05
31751: 6.29882e-05
31752: 6.29862e-05
31753: 6.29842e-05
31754: 6.29822e-05
31755: 6.29802e-05
31756: 6.29782e-05
31757: 6.29763e-05
31758: 6.29743e-05
31759: 6.29723e-05
31760: 6.29703e-05
31761: 6.29683e-05
31762: 6.29663e-05
31763: 6.29644e-05
31764: 6.29624e-05
31765: 6.29604e-05
31766: 6.29584e-05
31767: 6.29564e-05
31768: 6.29545e-05
31769: 6.29525e-05
31770: 6.29505e-05
31771: 6.29485e-05
31772: 6.29465e-05
31773: 6.29445e-05
31774: 6.29426e-05
31775: 6.29406e-05
31776: 6.29386e-05
31777: 6.29366e-05
31778: 6.29346e-05
31779: 6.29327e-05
31780: 6.29307e-05
31781: 6.29287e-05
31782: 6.29267e-05
31783: 6.29247e-05
31784: 6.29228e-05
31785: 6.29208e-05
31786: 6.29188e-05
31787: 6.29168e-05
31788: 6.29148e-05
31789: 6.29129e-05
31790: 6.29109e-05
31791: 6.29089e-05
31792: 6.29069e-05
31793: 6.2905e-05
31794: 6.2903e-05
31795: 6.2901e-05
31796: 6.2899e-05
31797: 6.2897e-05
31798: 6.28951e-05
31799: 6.28931e-05
31800: 6.28911e-05
31801: 6.28891e-05
31802: 6.28871e-05
31803: 6.28852e-05
31804: 6.28832e-05
31805: 6.28812e-05
31806: 6.28792e-05
31807: 6.28773e-05
31808: 6.28753e-05
31809: 6.28733e-05
31810: 6.28713e-05
31811: 6.28694e-05
31812: 6.28674e-05
31813: 6.28654e-05
31814: 6.28634e-05
31815: 6.28615e-05
31816: 6.28595e-05
31817: 6.28575e-05
31818: 6.28555e-05
31819: 6.28536e-05
31820: 6.28516e-05
31821: 6.28496e-05
31822: 6.28476e-05
31823: 6.28457e-05
31824: 6.28437e-05
31825: 6.28417e-05
31826: 6.28397e-05
31827: 6.28378e-05
31828: 6.28358e-05
31829: 6.28338e-05
31830: 6.28318e-05
31831: 6.28299e-05
31832: 6.28279e-05
31833: 6.28259e-05
31834: 6.28239e-05
31835: 6.2822e-05
31836: 6.282e-05
31837: 6.2818e-05
31838: 6.2816e-05
31839: 6.28141e-05
31840: 6.28121e-05
31841: 6.28101e-05
31842: 6.28082e-05
31843: 6.28062e-05
31844: 6.28042e-05
31845: 6.28022e-05
31846: 6.28003e-05
31847: 6.27983e-05
31848: 6.27963e-05
31849: 6.27943e-05
31850: 6.27924e-05
31851: 6.27904e-05
31852: 6.27884e-05
31853: 6.27865e-05
31854: 6.27845e-05
31855: 6.27825e-05
31856: 6.27806e-05
31857: 6.27786e-05
31858: 6.27766e-05
31859: 6.27746e-05
31860: 6.27727e-05
31861: 6.27707e-05
31862: 6.27687e-05
31863: 6.27668e-05
31864: 6.27648e-05
31865: 6.27628e-05
31866: 6.27608e-05
31867: 6.27589e-05
31868: 6.27569e-05
31869: 6.27549e-05
31870: 6.2753e-05
31871: 6.2751e-05
31872: 6.2749e-05
31873: 6.27471e-05
31874: 6.27451e-05
31875: 6.27431e-05
31876: 6.27412e-05
31877: 6.27392e-05
31878: 6.27372e-05
31879: 6.27353e-05
31880: 6.27333e-05
31881: 6.27313e-05
31882: 6.27294e-05
31883: 6.27274e-05
31884: 6.27254e-05
31885: 6.27235e-05
31886: 6.27215e-05
31887: 6.27195e-05
31888: 6.27176e-05
31889: 6.27156e-05
31890: 6.27136e-05
31891: 6.27117e-05
31892: 6.27097e-05
31893: 6.27077e-05
31894: 6.27058e-05
31895: 6.27038e-05
31896: 6.27018e-05
31897: 6.26999e-05
31898: 6.26979e-05
31899: 6.26959e-05
31900: 6.2694e-05
31901: 6.2692e-05
31902: 6.269e-05
31903: 6.26881e-05
31904: 6.26861e-05
31905: 6.26841e-05
31906: 6.26822e-05
31907: 6.26802e-05
31908: 6.26782e-05
31909: 6.26763e-05
31910: 6.26743e-05
31911: 6.26723e-05
31912: 6.26704e-05
31913: 6.26684e-05
31914: 6.26665e-05
31915: 6.26645e-05
31916: 6.26625e-05
31917: 6.26606e-05
31918: 6.26586e-05
31919: 6.26566e-05
31920: 6.26547e-05
31921: 6.26527e-05
31922: 6.26508e-05
31923: 6.26488e-05
31924: 6.26468e-05
31925: 6.26449e-05
31926: 6.26429e-05
31927: 6.26409e-05
31928: 6.2639e-05
31929: 6.2637e-05
31930: 6.26351e-05
31931: 6.26331e-05
31932: 6.26311e-05
31933: 6.26292e-05
31934: 6.26272e-05
31935: 6.26253e-05
31936: 6.26233e-05
31937: 6.26213e-05
31938: 6.26194e-05
31939: 6.26174e-05
31940: 6.26154e-05
31941: 6.26135e-05
31942: 6.26115e-05
31943: 6.26096e-05
31944: 6.26076e-05
31945: 6.26056e-05
31946: 6.26037e-05
31947: 6.26017e-05
31948: 6.25998e-05
31949: 6.25978e-05
31950: 6.25958e-05
31951: 6.25939e-05
31952: 6.25919e-05
31953: 6.259e-05
31954: 6.2588e-05
31955: 6.25861e-05
31956: 6.25841e-05
31957: 6.25821e-05
31958: 6.25802e-05
31959: 6.25782e-05
31960: 6.25763e-05
31961: 6.25743e-05
31962: 6.25723e-05
31963: 6.25704e-05
31964: 6.25684e-05
31965: 6.25665e-05
31966: 6.25645e-05
31967: 6.25626e-05
31968: 6.25606e-05
31969: 6.25586e-05
31970: 6.25567e-05
31971: 6.25547e-05
31972: 6.25528e-05
31973: 6.25508e-05
31974: 6.25489e-05
31975: 6.25469e-05
31976: 6.2545e-05
31977: 6.2543e-05
31978: 6.2541e-05
31979: 6.25391e-05
31980: 6.25371e-05
31981: 6.25352e-05
31982: 6.25332e-05
31983: 6.25313e-05
31984: 6.25293e-05
31985: 6.25274e-05
31986: 6.25254e-05
31987: 6.25234e-05
31988: 6.25215e-05
31989: 6.25195e-05
31990: 6.25176e-05
31991: 6.25156e-05
31992: 6.25137e-05
31993: 6.25117e-05
31994: 6.25098e-05
31995: 6.25078e-05
31996: 6.25059e-05
31997: 6.25039e-05
31998: 6.2502e-05
31999: 6.25e-05
32000: 6.2498e-05
32001: 6.24961e-05
32002: 6.24941e-05
32003: 6.24922e-05
32004: 6.24902e-05
32005: 6.24883e-05
32006: 6.24863e-05
32007: 6.24844e-05
32008: 6.24824e-05
32009: 6.24805e-05
32010: 6.24785e-05
32011: 6.24766e-05
32012: 6.24746e-05
32013: 6.24727e-05
32014: 6.24707e-05
32015: 6.24688e-05
32016: 6.24668e-05
32017: 6.24649e-05
32018: 6.24629e-05
32019: 6.2461e-05
32020: 6.2459e-05
32021: 6.24571e-05
32022: 6.24551e-05
32023: 6.24532e-05
32024: 6.24512e-05
32025: 6.24493e-05
32026: 6.24473e-05
32027: 6.24454e-05
32028: 6.24434e-05
32029: 6.24415e-05
32030: 6.24395e-05
32031: 6.24376e-05
32032: 6.24356e-05
32033: 6.24337e-05
32034: 6.24317e-05
32035: 6.24298e-05
32036: 6.24278e-05
32037: 6.24259e-05
32038: 6.24239e-05
32039: 6.2422e-05
32040: 6.242e-05
32041: 6.24181e-05
32042: 6.24161e-05
32043: 6.24142e-05
32044: 6.24122e-05
32045: 6.24103e-05
32046: 6.24083e-05
32047: 6.24064e-05
32048: 6.24044e-05
32049: 6.24025e-05
32050: 6.24005e-05
32051: 6.23986e-05
32052: 6.23967e-05
32053: 6.23947e-05
32054: 6.23928e-05
32055: 6.23908e-05
32056: 6.23889e-05
32057: 6.23869e-05
32058: 6.2385e-05
32059: 6.2383e-05
32060: 6.23811e-05
32061: 6.23791e-05
32062: 6.23772e-05
32063: 6.23752e-05
32064: 6.23733e-05
32065: 6.23714e-05
32066: 6.23694e-05
32067: 6.23675e-05
32068: 6.23655e-05
32069: 6.23636e-05
32070: 6.23616e-05
32071: 6.23597e-05
32072: 6.23577e-05
32073: 6.23558e-05
32074: 6.23539e-05
32075: 6.23519e-05
32076: 6.235e-05
32077: 6.2348e-05
32078: 6.23461e-05
32079: 6.23441e-05
32080: 6.23422e-05
32081: 6.23403e-05
32082: 6.23383e-05
32083: 6.23364e-05
32084: 6.23344e-05
32085: 6.23325e-05
32086: 6.23305e-05
32087: 6.23286e-05
32088: 6.23267e-05
32089: 6.23247e-05
32090: 6.23228e-05
32091: 6.23208e-05
32092: 6.23189e-05
32093: 6.23169e-05
32094: 6.2315e-05
32095: 6.23131e-05
32096: 6.23111e-05
32097: 6.23092e-05
32098: 6.23072e-05
32099: 6.23053e-05
32100: 6.23034e-05
32101: 6.23014e-05
32102: 6.22995e-05
32103: 6.22975e-05
32104: 6.22956e-05
32105: 6.22937e-05
32106: 6.22917e-05
32107: 6.22898e-05
32108: 6.22878e-05
32109: 6.22859e-05
32110: 6.2284e-05
32111: 6.2282e-05
32112: 6.22801e-05
32113: 6.22781e-05
32114: 6.22762e-05
32115: 6.22743e-05
32116: 6.22723e-05
32117: 6.22704e-05
32118: 6.22684e-05
32119: 6.22665e-05
32120: 6.22646e-05
32121: 6.22626e-05
32122: 6.22607e-05
32123: 6.22587e-05
32124: 6.22568e-05
32125: 6.22549e-05
32126: 6.22529e-05
32127: 6.2251e-05
32128: 6.22491e-05
32129: 6.22471e-05
32130: 6.22452e-05
32131: 6.22432e-05
32132: 6.22413e-05
32133: 6.22394e-05
32134: 6.22374e-05
32135: 6.22355e-05
32136: 6.22336e-05
32137: 6.22316e-05
32138: 6.22297e-05
32139: 6.22278e-05
32140: 6.22258e-05
32141: 6.22239e-05
32142: 6.22219e-05
32143: 6.222e-05
32144: 6.22181e-05
32145: 6.22161e-05
32146: 6.22142e-05
32147: 6.22123e-05
32148: 6.22103e-05
32149: 6.22084e-05
32150: 6.22065e-05
32151: 6.22045e-05
32152: 6.22026e-05
32153: 6.22007e-05
32154: 6.21987e-05
32155: 6.21968e-05
32156: 6.21949e-05
32157: 6.21929e-05
32158: 6.2191e-05
32159: 6.21891e-05
32160: 6.21871e-05
32161: 6.21852e-05
32162: 6.21833e-05
32163: 6.21813e-05
32164: 6.21794e-05
32165: 6.21775e-05
32166: 6.21755e-05
32167: 6.21736e-05
32168: 6.21717e-05
32169: 6.21697e-05
32170: 6.21678e-05
32171: 6.21659e-05
32172: 6.21639e-05
32173: 6.2162e-05
32174: 6.21601e-05
32175: 6.21581e-05
32176: 6.21562e-05
32177: 6.21543e-05
32178: 6.21523e-05
32179: 6.21504e-05
32180: 6.21485e-05
32181: 6.21465e-05
32182: 6.21446e-05
32183: 6.21427e-05
32184: 6.21407e-05
32185: 6.21388e-05
32186: 6.21369e-05
32187: 6.2135e-05
32188: 6.2133e-05
32189: 6.21311e-05
32190: 6.21292e-05
32191: 6.21272e-05
32192: 6.21253e-05
32193: 6.21234e-05
32194: 6.21214e-05
32195: 6.21195e-05
32196: 6.21176e-05
32197: 6.21157e-05
32198: 6.21137e-05
32199: 6.21118e-05
32200: 6.21099e-05
32201: 6.21079e-05
32202: 6.2106e-05
32203: 6.21041e-05
32204: 6.21022e-05
32205: 6.21002e-05
32206: 6.20983e-05
32207: 6.20964e-05
32208: 6.20944e-05
32209: 6.20925e-05
32210: 6.20906e-05
32211: 6.20887e-05
32212: 6.20867e-05
32213: 6.20848e-05
32214: 6.20829e-05
32215: 6.2081e-05
32216: 6.2079e-05
32217: 6.20771e-05
32218: 6.20752e-05
32219: 6.20732e-05
32220: 6.20713e-05
32221: 6.20694e-05
32222: 6.20675e-05
32223: 6.20655e-05
32224: 6.20636e-05
32225: 6.20617e-05
32226: 6.20598e-05
32227: 6.20578e-05
32228: 6.20559e-05
32229: 6.2054e-05
32230: 6.20521e-05
32231: 6.20501e-05
32232: 6.20482e-05
32233: 6.20463e-05
32234: 6.20444e-05
32235: 6.20424e-05
32236: 6.20405e-05
32237: 6.20386e-05
32238: 6.20367e-05
32239: 6.20347e-05
32240: 6.20328e-05
32241: 6.20309e-05
32242: 6.2029e-05
32243: 6.2027e-05
32244: 6.20251e-05
32245: 6.20232e-05
32246: 6.20213e-05
32247: 6.20194e-05
32248: 6.20174e-05
32249: 6.20155e-05
32250: 6.20136e-05
32251: 6.20117e-05
32252: 6.20097e-05
32253: 6.20078e-05
32254: 6.20059e-05
32255: 6.2004e-05
32256: 6.2002e-05
32257: 6.20001e-05
32258: 6.19982e-05
32259: 6.19963e-05
32260: 6.19944e-05
32261: 6.19924e-05
32262: 6.19905e-05
32263: 6.19886e-05
32264: 6.19867e-05
32265: 6.19848e-05
32266: 6.19828e-05
32267: 6.19809e-05
32268: 6.1979e-05
32269: 6.19771e-05
32270: 6.19751e-05
32271: 6.19732e-05
32272: 6.19713e-05
32273: 6.19694e-05
32274: 6.19675e-05
32275: 6.19655e-05
32276: 6.19636e-05
32277: 6.19617e-05
32278: 6.19598e-05
32279: 6.19579e-05
32280: 6.19559e-05
32281: 6.1954e-05
32282: 6.19521e-05
32283: 6.19502e-05
32284: 6.19483e-05
32285: 6.19464e-05
32286: 6.19444e-05
32287: 6.19425e-05
32288: 6.19406e-05
32289: 6.19387e-05
32290: 6.19368e-05
32291: 6.19348e-05
32292: 6.19329e-05
32293: 6.1931e-05
32294: 6.19291e-05
32295: 6.19272e-05
32296: 6.19253e-05
32297: 6.19233e-05
32298: 6.19214e-05
32299: 6.19195e-05
32300: 6.19176e-05
32301: 6.19157e-05
32302: 6.19138e-05
32303: 6.19118e-05
32304: 6.19099e-05
32305: 6.1908e-05
32306: 6.19061e-05
32307: 6.19042e-05
32308: 6.19023e-05
32309: 6.19003e-05
32310: 6.18984e-05
32311: 6.18965e-05
32312: 6.18946e-05
32313: 6.18927e-05
32314: 6.18908e-05
32315: 6.18888e-05
32316: 6.18869e-05
32317: 6.1885e-05
32318: 6.18831e-05
32319: 6.18812e-05
32320: 6.18793e-05
32321: 6.18774e-05
32322: 6.18754e-05
32323: 6.18735e-05
32324: 6.18716e-05
32325: 6.18697e-05
32326: 6.18678e-05
32327: 6.18659e-05
32328: 6.1864e-05
32329: 6.1862e-05
32330: 6.18601e-05
32331: 6.18582e-05
32332: 6.18563e-05
32333: 6.18544e-05
32334: 6.18525e-05
32335: 6.18506e-05
32336: 6.18487e-05
32337: 6.18467e-05
32338: 6.18448e-05
32339: 6.18429e-05
32340: 6.1841e-05
32341: 6.18391e-05
32342: 6.18372e-05
32343: 6.18353e-05
32344: 6.18334e-05
32345: 6.18314e-05
32346: 6.18295e-05
32347: 6.18276e-05
32348: 6.18257e-05
32349: 6.18238e-05
32350: 6.18219e-05
32351: 6.182e-05
32352: 6.18181e-05
32353: 6.18162e-05
32354: 6.18142e-05
32355: 6.18123e-05
32356: 6.18104e-05
32357: 6.18085e-05
32358: 6.18066e-05
32359: 6.18047e-05
32360: 6.18028e-05
32361: 6.18009e-05
32362: 6.1799e-05
32363: 6.17971e-05
32364: 6.17951e-05
32365: 6.17932e-05
32366: 6.17913e-05
32367: 6.17894e-05
32368: 6.17875e-05
32369: 6.17856e-05
32370: 6.17837e-05
32371: 6.17818e-05
32372: 6.17799e-05
32373: 6.1778e-05
32374: 6.17761e-05
32375: 6.17742e-05
32376: 6.17722e-05
32377: 6.17703e-05
32378: 6.17684e-05
32379: 6.17665e-05
32380: 6.17646e-05
32381: 6.17627e-05
32382: 6.17608e-05
32383: 6.17589e-05
32384: 6.1757e-05
32385: 6.17551e-05
32386: 6.17532e-05
32387: 6.17513e-05
32388: 6.17494e-05
32389: 6.17475e-05
32390: 6.17455e-05
32391: 6.17436e-05
32392: 6.17417e-05
32393: 6.17398e-05
32394: 6.17379e-05
32395: 6.1736e-05
32396: 6.17341e-05
32397: 6.17322e-05
32398: 6.17303e-05
32399: 6.17284e-05
32400: 6.17265e-05
32401: 6.17246e-05
32402: 6.17227e-05
32403: 6.17208e-05
32404: 6.17189e-05
32405: 6.1717e-05
32406: 6.17151e-05
32407: 6.17132e-05
32408: 6.17113e-05
32409: 6.17093e-05
32410: 6.17074e-05
32411: 6.17055e-05
32412: 6.17036e-05
32413: 6.17017e-05
32414: 6.16998e-05
32415: 6.16979e-05
32416: 6.1696e-05
32417: 6.16941e-05
32418: 6.16922e-05
32419: 6.16903e-05
32420: 6.16884e-05
32421: 6.16865e-05
32422: 6.16846e-05
32423: 6.16827e-05
32424: 6.16808e-05
32425: 6.16789e-05
32426: 6.1677e-05
32427: 6.16751e-05
32428: 6.16732e-05
32429: 6.16713e-05
32430: 6.16694e-05
32431: 6.16675e-05
32432: 6.16656e-05
32433: 6.16637e-05
32434: 6.16618e-05
32435: 6.16599e-05
32436: 6.1658e-05
32437: 6.16561e-05
32438: 6.16542e-05
32439: 6.16523e-05
32440: 6.16504e-05
32441: 6.16485e-05
32442: 6.16466e-05
32443: 6.16447e-05
32444: 6.16428e-05
32445: 6.16409e-05
32446: 6.1639e-05
32447: 6.16371e-05
32448: 6.16352e-05
32449: 6.16333e-05
32450: 6.16314e-05
32451: 6.16295e-05
32452: 6.16276e-05
32453: 6.16257e-05
32454: 6.16238e-05
32455: 6.16219e-05
32456: 6.162e-05
32457: 6.16181e-05
32458: 6.16162e-05
32459: 6.16143e-05
32460: 6.16124e-05
32461: 6.16105e-05
32462: 6.16086e-05
32463: 6.16067e-05
32464: 6.16048e-05
32465: 6.16029e-05
32466: 6.1601e-05
32467: 6.15991e-05
32468: 6.15972e-05
32469: 6.15953e-05
32470: 6.15934e-05
32471: 6.15915e-05
32472: 6.15896e-05
32473: 6.15877e-05
32474: 6.15858e-05
32475: 6.15839e-05
32476: 6.1582e-05
32477: 6.15801e-05
32478: 6.15783e-05
32479: 6.15764e-05
32480: 6.15745e-05
32481: 6.15726e-05
32482: 6.15707e-05
32483: 6.15688e-05
32484: 6.15669e-05
32485: 6.1565e-05
32486: 6.15631e-05
32487: 6.15612e-05
32488: 6.15593e-05
32489: 6.15574e-05
32490: 6.15555e-05
32491: 6.15536e-05
32492: 6.15517e-05
32493: 6.15498e-05
32494: 6.15479e-05
32495: 6.1546e-05
32496: 6.15441e-05
32497: 6.15422e-05
32498: 6.15404e-05
32499: 6.15385e-05
32500: 6.15366e-05
32501: 6.15347e-05
32502: 6.15328e-05
32503: 6.15309e-05
32504: 6.1529e-05
32505: 6.15271e-05
32506: 6.15252e-05
32507: 6.15233e-05
32508: 6.15214e-05
32509: 6.15195e-05
32510: 6.15176e-05
32511: 6.15157e-05
32512: 6.15139e-05
32513: 6.1512e-05
32514: 6.15101e-05
32515: 6.15082e-05
32516: 6.15063e-05
32517: 6.15044e-05
32518: 6.15025e-05
32519: 6.15006e-05
32520: 6.14987e-05
32521: 6.14968e-05
32522: 6.14949e-05
32523: 6.14931e-05
32524: 6.14912e-05
32525: 6.14893e-05
32526: 6.14874e-05
32527: 6.14855e-05
32528: 6.14836e-05
32529: 6.14817e-05
32530: 6.14798e-05
32531: 6.14779e-05
32532: 6.1476e-05
32533: 6.14742e-05
32534: 6.14723e-05
32535: 6.14704e-05
32536: 6.14685e-05
32537: 6.14666e-05
32538: 6.14647e-05
32539: 6.14628e-05
32540: 6.14609e-05
32541: 6.1459e-05
32542: 6.14571e-05
32543: 6.14553e-05
32544: 6.14534e-05
32545: 6.14515e-05
32546: 6.14496e-05
32547: 6.14477e-05
32548: 6.14458e-05
32549: 6.14439e-05
32550: 6.1442e-05
32551: 6.14402e-05
32552: 6.14383e-05
32553: 6.14364e-05
32554: 6.14345e-05
32555: 6.14326e-05
32556: 6.14307e-05
32557: 6.14288e-05
32558: 6.14269e-05
32559: 6.14251e-05
32560: 6.14232e-05
32561: 6.14213e-05
32562: 6.14194e-05
32563: 6.14175e-05
32564: 6.14156e-05
32565: 6.14137e-05
32566: 6.14119e-05
32567: 6.141e-05
32568: 6.14081e-05
32569: 6.14062e-05
32570: 6.14043e-05
32571: 6.14024e-05
32572: 6.14005e-05
32573: 6.13987e-05
32574: 6.13968e-05
32575: 6.13949e-05
32576: 6.1393e-05
32577: 6.13911e-05
32578: 6.13892e-05
32579: 6.13874e-05
32580: 6.13855e-05
32581: 6.13836e-05
32582: 6.13817e-05
32583: 6.13798e-05
32584: 6.13779e-05
32585: 6.13761e-05
32586: 6.13742e-05
32587: 6.13723e-05
32588: 6.13704e-05
32589: 6.13685e-05
32590: 6.13666e-05
32591: 6.13648e-05
32592: 6.13629e-05
32593: 6.1361e-05
32594: 6.13591e-05
32595: 6.13572e-05
32596: 6.13553e-05
32597: 6.13535e-05
32598: 6.13516e-05
32599: 6.13497e-05
32600: 6.13478e-05
32601: 6.13459e-05
32602: 6.1344e-05
32603: 6.13422e-05
32604: 6.13403e-05
32605: 6.13384e-05
32606: 6.13365e-05
32607: 6.13346e-05
32608: 6.13328e-05
32609: 6.13309e-05
32610: 6.1329e-05
32611: 6.13271e-05
32612: 6.13252e-05
32613: 6.13234e-05
32614: 6.13215e-05
32615: 6.13196e-05
32616: 6.13177e-05
32617: 6.13158e-05
32618: 6.1314e-05
32619: 6.13121e-05
32620: 6.13102e-05
32621: 6.13083e-05
32622: 6.13064e-05
32623: 6.13046e-05
32624: 6.13027e-05
32625: 6.13008e-05
32626: 6.12989e-05
32627: 6.1297e-05
32628: 6.12952e-05
32629: 6.12933e-05
32630: 6.12914e-05
32631: 6.12895e-05
32632: 6.12877e-05
32633: 6.12858e-05
32634: 6.12839e-05
32635: 6.1282e-05
32636: 6.12801e-05
32637: 6.12783e-05
32638: 6.12764e-05
32639: 6.12745e-05
32640: 6.12726e-05
32641: 6.12708e-05
32642: 6.12689e-05
32643: 6.1267e-05
32644: 6.12651e-05
32645: 6.12632e-05
32646: 6.12614e-05
32647: 6.12595e-05
32648: 6.12576e-05
32649: 6.12557e-05
32650: 6.12539e-05
32651: 6.1252e-05
32652: 6.12501e-05
32653: 6.12482e-05
32654: 6.12464e-05
32655: 6.12445e-05
32656: 6.12426e-05
32657: 6.12407e-05
32658: 6.12389e-05
32659: 6.1237e-05
32660: 6.12351e-05
32661: 6.12332e-05
32662: 6.12314e-05
32663: 6.12295e-05
32664: 6.12276e-05
32665: 6.12257e-05
32666: 6.12239e-05
32667: 6.1222e-05
32668: 6.12201e-05
32669: 6.12182e-05
32670: 6.12164e-05
32671: 6.12145e-05
32672: 6.12126e-05
32673: 6.12107e-05
32674: 6.12089e-05
32675: 6.1207e-05
32676: 6.12051e-05
32677: 6.12033e-05
32678: 6.12014e-05
32679: 6.11995e-05
32680: 6.11976e-05
32681: 6.11958e-05
32682: 6.11939e-05
32683: 6.1192e-05
32684: 6.11901e-05
32685: 6.11883e-05
32686: 6.11864e-05
32687: 6.11845e-05
32688: 6.11827e-05
32689: 6.11808e-05
32690: 6.11789e-05
32691: 6.1177e-05
32692: 6.11752e-05
32693: 6.11733e-05
32694: 6.11714e-05
32695: 6.11696e-05
32696: 6.11677e-05
32697: 6.11658e-05
32698: 6.11639e-05
32699: 6.11621e-05
32700: 6.11602e-05
32701: 6.11583e-05
32702: 6.11565e-05
32703: 6.11546e-05
32704: 6.11527e-05
32705: 6.11509e-05
32706: 6.1149e-05
32707: 6.11471e-05
32708: 6.11453e-05
32709: 6.11434e-05
32710: 6.11415e-05
32711: 6.11396e-05
32712: 6.11378e-05
32713: 6.11359e-05
32714: 6.1134e-05
32715: 6.11322e-05
32716: 6.11303e-05
32717: 6.11284e-05
32718: 6.11266e-05
32719: 6.11247e-05
32720: 6.11228e-05
32721: 6.1121e-05
32722: 6.11191e-05
32723: 6.11172e-05
32724: 6.11154e-05
32725: 6.11135e-05
32726: 6.11116e-05
32727: 6.11098e-05
32728: 6.11079e-05
32729: 6.1106e-05
32730: 6.11042e-05
32731: 6.11023e-05
32732: 6.11004e-05
32733: 6.10986e-05
32734: 6.10967e-05
32735: 6.10948e-05
32736: 6.1093e-05
32737: 6.10911e-05
32738: 6.10892e-05
32739: 6.10874e-05
32740: 6.10855e-05
32741: 6.10836e-05
32742: 6.10818e-05
32743: 6.10799e-05
32744: 6.1078e-05
32745: 6.10762e-05
32746: 6.10743e-05
32747: 6.10724e-05
32748: 6.10706e-05
32749: 6.10687e-05
32750: 6.10668e-05
32751: 6.1065e-05
32752: 6.10631e-05
32753: 6.10612e-05
32754: 6.10594e-05
32755: 6.10575e-05
32756: 6.10557e-05
32757: 6.10538e-05
32758: 6.10519e-05
32759: 6.10501e-05
32760: 6.10482e-05
32761: 6.10463e-05
32762: 6.10445e-05
32763: 6.10426e-05
32764: 6.10407e-05
32765: 6.10389e-05
32766: 6.1037e-05
32767: 6.10352e-05
32768: 6.10333e-05
32769: 6.10314e-05
32770: 6.10296e-05
32771: 6.10277e-05
32772: 6.10258e-05
32773: 6.1024e-05
32774: 6.10221e-05
32775: 6.10203e-05
32776: 6.10184e-05
32777: 6.10165e-05
32778: 6.10147e-05
32779: 6.10128e-05
32780: 6.1011e-05
32781: 6.10091e-05
32782: 6.10072e-05
32783: 6.10054e-05
32784: 6.10035e-05
32785: 6.10016e-05
32786: 6.09998e-05
32787: 6.09979e-05
32788: 6.09961e-05
32789: 6.09942e-05
32790: 6.09923e-05
32791: 6.09905e-05
32792: 6.09886e-05
32793: 6.09868e-05
32794: 6.09849e-05
32795: 6.0983e-05
32796: 6.09812e-05
32797: 6.09793e-05
32798: 6.09775e-05
32799: 6.09756e-05
32800: 6.09738e-05
32801: 6.09719e-05
32802: 6.097e-05
32803: 6.09682e-05
32804: 6.09663e-05
32805: 6.09645e-05
32806: 6.09626e-05
32807: 6.09607e-05
32808: 6.09589e-05
32809: 6.0957e-05
32810: 6.09552e-05
32811: 6.09533e-05
32812: 6.09515e-05
32813: 6.09496e-05
32814: 6.09477e-05
32815: 6.09459e-05
32816: 6.0944e-05
32817: 6.09422e-05
32818: 6.09403e-05
32819: 6.09385e-05
32820: 6.09366e-05
32821: 6.09347e-05
32822: 6.09329e-05
32823: 6.0931e-05
32824: 6.09292e-05
32825: 6.09273e-05
32826: 6.09255e-05
32827: 6.09236e-05
32828: 6.09217e-05
32829: 6.09199e-05
32830: 6.0918e-05
32831: 6.09162e-05
32832: 6.09143e-05
32833: 6.09125e-05
32834: 6.09106e-05
32835: 6.09088e-05
32836: 6.09069e-05
32837: 6.0905e-05
32838: 6.09032e-05
32839: 6.09013e-05
32840: 6.08995e-05
32841: 6.08976e-05
32842: 6.08958e-05
32843: 6.08939e-05
32844: 6.08921e-05
32845: 6.08902e-05
32846: 6.08884e-05
32847: 6.08865e-05
32848: 6.08847e-05
32849: 6.08828e-05
32850: 6.08809e-05
32851: 6.08791e-05
32852: 6.08772e-05
32853: 6.08754e-05
32854: 6.08735e-05
32855: 6.08717e-05
32856: 6.08698e-05
32857: 6.0868e-05
32858: 6.08661e-05
32859: 6.08643e-05
32860: 6.08624e-05
32861: 6.08606e-05
32862: 6.08587e-05
32863: 6.08569e-05
32864: 6.0855e-05
32865: 6.08532e-05
32866: 6.08513e-05
32867: 6.08495e-05
32868: 6.08476e-05
32869: 6.08458e-05
32870: 6.08439e-05
32871: 6.08421e-05
32872: 6.08402e-05
32873: 6.08384e-05
32874: 6.08365e-05
32875: 6.08347e-05
32876: 6.08328e-05
32877: 6.0831e-05
32878: 6.08291e-05
32879: 6.08273e-05
32880: 6.08254e-05
32881: 6.08236e-05
32882: 6.08217e-05
32883: 6.08199e-05
32884: 6.0818e-05
32885: 6.08162e-05
32886: 6.08143e-05
32887: 6.08125e-05
32888: 6.08106e-05
32889: 6.08088e-05
32890: 6.08069e-05
32891: 6.08051e-05
32892: 6.08032e-05
32893: 6.08014e-05
32894: 6.07995e-05
32895: 6.07977e-05
32896: 6.07958e-05
32897: 6.0794e-05
32898: 6.07921e-05
32899: 6.07903e-05
32900: 6.07884e-05
32901: 6.07866e-05
32902: 6.07847e-05
32903: 6.07829e-05
32904: 6.0781e-05
32905: 6.07792e-05
32906: 6.07773e-05
32907: 6.07755e-05
32908: 6.07736e-05
32909: 6.07718e-05
32910: 6.077e-05
32911: 6.07681e-05
32912: 6.07663e-05
32913: 6.07644e-05
32914: 6.07626e-05
32915: 6.07607e-05
32916: 6.07589e-05
32917: 6.0757e-05
32918: 6.07552e-05
32919: 6.07533e-05
32920: 6.07515e-05
32921: 6.07497e-05
32922: 6.07478e-05
32923: 6.0746e-05
32924: 6.07441e-05
32925: 6.07423e-05
32926: 6.07404e-05
32927: 6.07386e-05
32928: 6.07367e-05
32929: 6.07349e-05
32930: 6.0733e-05
32931: 6.07312e-05
32932: 6.07294e-05
32933: 6.07275e-05
32934: 6.07257e-05
32935: 6.07238e-05
32936: 6.0722e-05
32937: 6.07201e-05
32938: 6.07183e-05
32939: 6.07165e-05
32940: 6.07146e-05
32941: 6.07128e-05
32942: 6.07109e-05
32943: 6.07091e-05
32944: 6.07072e-05
32945: 6.07054e-05
32946: 6.07036e-05
32947: 6.07017e-05
32948: 6.06999e-05
32949: 6.0698e-05
32950: 6.06962e-05
32951: 6.06943e-05
32952: 6.06925e-05
32953: 6.06907e-05
32954: 6.06888e-05
32955: 6.0687e-05
32956: 6.06851e-05
32957: 6.06833e-05
32958: 6.06815e-05
32959: 6.06796e-05
32960: 6.06778e-05
32961: 6.06759e-05
32962: 6.06741e-05
32963: 6.06722e-05
32964: 6.06704e-05
32965: 6.06686e-05
32966: 6.06667e-05
32967: 6.06649e-05
32968: 6.0663e-05
32969: 6.06612e-05
32970: 6.06594e-05
32971: 6.06575e-05
32972: 6.06557e-05
32973: 6.06538e-05
32974: 6.0652e-05
32975: 6.06502e-05
32976: 6.06483e-05
32977: 6.06465e-05
32978: 6.06447e-05
32979: 6.06428e-05
32980: 6.0641e-05
32981: 6.06391e-05
32982: 6.06373e-05
32983: 6.06355e-05
32984: 6.06336e-05
32985: 6.06318e-05
32986: 6.06299e-05
32987: 6.06281e-05
32988: 6.06263e-05
32989: 6.06244e-05
32990: 6.06226e-05
32991: 6.06208e-05
32992: 6.06189e-05
32993: 6.06171e-05
32994: 6.06152e-05
32995: 6.06134e-05
32996: 6.06116e-05
32997: 6.06097e-05
32998: 6.06079e-05
32999: 6.06061e-05
33000: 6.06042e-05
33001: 6.06024e-05
33002: 6.06006e-05
33003: 6.05987e-05
33004: 6.05969e-05
33005: 6.0595e-05
33006: 6.05932e-05
33007: 6.05914e-05
33008: 6.05895e-05
33009: 6.05877e-05
33010: 6.05859e-05
33011: 6.0584e-05
33012: 6.05822e-05
33013: 6.05804e-05
33014: 6.05785e-05
33015: 6.05767e-05
33016: 6.05749e-05
33017: 6.0573e-05
33018: 6.05712e-05
33019: 6.05694e-05
33020: 6.05675e-05
33021: 6.05657e-05
33022: 6.05638e-05
33023: 6.0562e-05
33024: 6.05602e-05
33025: 6.05583e-05
33026: 6.05565e-05
33027: 6.05547e-05
33028: 6.05528e-05
33029: 6.0551e-05
33030: 6.05492e-05
33031: 6.05473e-05
33032: 6.05455e-05
33033: 6.05437e-05
33034: 6.05418e-05
33035: 6.054e-05
33036: 6.05382e-05
33037: 6.05364e-05
33038: 6.05345e-05
33039: 6.05327e-05
33040: 9.07963e-05
33041: 9.07935e-05
33042: 9.07908e-05
33043: 9.0788e-05
33044: 9.07853e-05
33045: 9.07825e-05
33046: 9.07798e-05
33047: 9.07771e-05
33048: 9.07743e-05
33049: 9.07716e-05
33050: 9.07688e-05
33051: 9.07661e-05
33052: 9.07633e-05
33053: 9.07606e-05
33054: 9.07578e-05
33055: 9.07551e-05
33056: 9.07523e-05
33057: 9.07496e-05
33058: 9.07468e-05
33059: 9.07441e-05
33060: 9.07414e-05
33061: 9.07386e-05
33062: 9.07359e-05
33063: 9.07331e-05
33064: 9.07304e-05
33065: 9.07276e-05
33066: 9.07249e-05
33067: 9.07221e-05
33068: 9.07194e-05
33069: 9.07167e-05
33070: 9.07139e-05
33071: 9.07112e-05
33072: 9.07084e-05
33073: 9.07057e-05
33074: 9.07029e-05
33075: 9.07002e-05
33076: 9.06975e-05
33077: 9.06947e-05
33078: 9.0692e-05
33079: 9.06892e-05
33080: 9.06865e-05
33081: 9.06838e-05
33082: 9.0681e-05
33083: 9.06783e-05
33084: 9.06755e-05
33085: 9.06728e-05
33086: 9.06701e-05
33087: 9.06673e-05
33088: 9.06646e-05
33089: 9.06618e-05
33090: 9.06591e-05
33091: 9.06564e-05
33092: 9.06536e-05
33093: 9.06509e-05
33094: 9.06481e-05
33095: 9.06454e-05
33096: 9.06427e-05
33097: 9.06399e-05
33098: 9.06372e-05
33099: 9.06344e-05
33100: 9.06317e-05
33101: 9.0629e-05
33102: 9.06262e-05
33103: 9.06235e-05
33104: 9.06208e-05
33105: 9.0618e-05
33106: 9.06153e-05
33107: 9.06125e-05
33108: 9.06098e-05
33109: 9.06071e-05
33110: 9.06043e-05
33111: 9.06016e-05
33112: 9.05989e-05
33113: 9.05961e-05
33114: 9.05934e-05
33115: 9.05907e-05
33116: 9.05879e-05
33117: 9.05852e-05
33118: 9.05824e-05
33119: 9.05797e-05
33120: 9.0577e-05
33121: 9.05742e-05
33122: 9.05715e-05
33123: 9.05688e-05
33124: 9.0566e-05
33125: 9.05633e-05
33126: 9.05606e-05
33127: 9.05578e-05
33128: 9.05551e-05
33129: 9.05524e-05
33130: 9.05496e-05
33131: 9.05469e-05
33132: 9.05442e-05
33133: 9.05414e-05
33134: 9.05387e-05
33135: 9.0536e-05
33136: 9.05332e-05
33137: 9.05305e-05
33138: 9.05278e-05
33139: 9.0525e-05
33140: 9.05223e-05
33141: 9.05196e-05
33142: 9.05169e-05
33143: 9.05141e-05
33144: 9.05114e-05
33145: 9.05087e-05
33146: 9.05059e-05
33147: 9.05032e-05
33148: 9.05005e-05
33149: 9.04977e-05
33150: 9.0495e-05
33151: 9.04923e-05
33152: 9.04895e-05
33153: 9.04868e-05
33154: 9.04841e-05
33155: 9.04814e-05
33156: 9.04786e-05
33157: 9.04759e-05
33158: 9.04732e-05
33159: 9.04704e-05
33160: 9.04677e-05
33161: 9.0465e-05
33162: 9.04623e-05
33163: 9.04595e-05
33164: 9.04568e-05
33165: 9.04541e-05
33166: 9.04514e-05
33167: 9.04486e-05
33168: 9.04459e-05
33169: 9.04432e-05
33170: 9.04404e-05
33171: 9.04377e-05
33172: 9.0435e-05
33173: 9.04323e-05
33174: 9.04295e-05
33175: 9.04268e-05
33176: 9.04241e-05
33177: 9.04214e-05
33178: 9.04186e-05
33179: 9.04159e-05
33180: 9.04132e-05
33181: 9.04105e-05
33182: 9.04077e-05
33183: 9.0405e-05
33184: 9.04023e-05
33185: 9.03996e-05
33186: 9.03968e-05
33187: 9.03941e-05
33188: 9.03914e-05
33189: 9.03887e-05
33190: 9.03859e-05
33191: 9.03832e-05
33192: 9.03805e-05
33193: 9.03778e-05
33194: 9.03751e-05
33195: 9.03723e-05
33196: 9.03696e-05
33197: 9.03669e-05
33198: 9.03642e-05
33199: 9.03614e-05
33200: 9.03587e-05
33201: 9.0356e-05
33202: 9.03533e-05
33203: 9.03506e-05
33204: 9.03478e-05
33205: 9.03451e-05
33206: 9.03424e-05
33207: 9.03397e-05
33208: 9.0337e-05
33209: 9.03342e-05
33210: 9.03315e-05
33211: 9.03288e-05
33212: 9.03261e-05
33213: 9.03234e-05
33214: 9.03206e-05
33215: 9.03179e-05
33216: 9.03152e-05
33217: 9.03125e-05
33218: 9.03098e-05
33219: 9.0307e-05
33220: 9.03043e-05
33221: 9.03016e-05
33222: 9.02989e-05
33223: 9.02962e-05
33224: 9.02935e-05
33225: 9.02907e-05
33226: 9.0288e-05
33227: 9.02853e-05
33228: 9.02826e-05
33229: 9.02799e-05
33230: 9.02772e-05
33231: 9.02744e-05
33232: 9.02717e-05
33233: 9.0269e-05
33234: 9.02663e-05
33235: 9.02636e-05
33236: 9.02609e-05
33237: 9.02581e-05
33238: 9.02554e-05
33239: 9.02527e-05
33240: 9.025e-05
33241: 9.02473e-05
33242: 9.02446e-05
33243: 9.02418e-05
33244: 9.02391e-05
33245: 9.02364e-05
33246: 9.02337e-05
33247: 9.0231e-05
33248: 9.02283e-05
33249: 9.02256e-05
33250: 9.02229e-05
33251: 9.02201e-05
33252: 9.02174e-05
33253: 9.02147e-05
33254: 9.0212e-05
33255: 9.02093e-05
33256: 9.02066e-05
33257: 9.02039e-05
33258: 9.02011e-05
33259: 9.01984e-05
33260: 9.01957e-05
33261: 9.0193e-05
33262: 9.01903e-05
33263: 9.01876e-05
33264: 9.01849e-05
33265: 9.01822e-05
33266: 9.01795e-05
33267: 9.01767e-05
33268: 9.0174e-05
33269: 9.01713e-05
33270: 9.01686e-05
33271: 9.01659e-05
33272: 9.01632e-05
33273: 9.01605e-05
33274: 9.01578e-05
33275: 9.01551e-05
33276: 9.01524e-05
33277: 9.01496e-05
33278: 9.01469e-05
33279: 9.01442e-05
33280: 9.01415e-05
33281: 9.01388e-05
33282: 9.01361e-05
33283: 9.01334e-05
33284: 9.01307e-05
33285: 9.0128e-05
33286: 9.01253e-05
33287: 9.01226e-05
33288: 9.01199e-05
33289: 9.01172e-05
33290: 9.01144e-05
33291: 9.01117e-05
33292: 9.0109e-05
33293: 9.01063e-05
33294: 9.01036e-05
33295: 9.01009e-05
33296: 9.00982e-05
33297: 9.00955e-05
33298: 9.00928e-05
33299: 9.00901e-05
33300: 9.00874e-05
33301: 9.00847e-05
33302: 9.0082e-05
33303: 9.00793e-05
33304: 9.00766e-05
33305: 9.00739e-05
33306: 9.00712e-05
33307: 9.00685e-05
33308: 9.00657e-05
33309: 9.0063e-05
33310: 9.00603e-05
33311: 9.00576e-05
33312: 9.00549e-05
33313: 9.00522e-05
33314: 9.00495e-05
33315: 9.00468e-05
33316: 9.00441e-05
33317: 9.00414e-05
33318: 9.00387e-05
33319: 9.0036e-05
33320: 9.00333e-05
33321: 9.00306e-05
33322: 9.00279e-05
33323: 9.00252e-05
33324: 9.00225e-05
33325: 9.00198e-05
33326: 9.00171e-05
33327: 9.00144e-05
33328: 9.00117e-05
33329: 9.0009e-05
33330: 9.00063e-05
33331: 9.00036e-05
33332: 9.00009e-05
33333: 8.99982e-05
33334: 8.99955e-05
33335: 8.99928e-05
33336: 8.99901e-05
33337: 8.99874e-05
33338: 8.99847e-05
33339: 8.9982e-05
33340: 8.99793e-05
33341: 8.99766e-05
33342: 8.99739e-05
33343: 8.99712e-05
33344: 8.99685e-05
33345: 8.99658e-05
33346: 8.99631e-05
33347: 8.99604e-05
33348: 8.99577e-05
33349: 8.9955e-05
33350: 8.99523e-05
33351: 8.99496e-05
33352: 8.99469e-05
33353: 8.99442e-05
33354: 8.99415e-05
33355: 8.99388e-05
33356: 8.99361e-05
33357: 8.99334e-05
33358: 8.99308e-05
33359: 8.99281e-05
33360: 8.99254e-05
33361: 8.99227e-05
33362: 8.992e-05
33363: 8.99173e-05
33364: 8.99146e-05
33365: 8.99119e-05
33366: 8.99092e-05
33367: 8.99065e-05
33368: 8.99038e-05
33369: 8.99011e-05
33370: 8.98984e-05
33371: 8.98957e-05
33372: 8.9893e-05
33373: 8.98903e-05
33374: 8.98876e-05
33375: 8.98849e-05
33376: 8.98823e-05
33377: 8.98796e-05
33378: 8.98769e-05
33379: 8.98742e-05
33380: 8.98715e-05
33381: 8.98688e-05
33382: 8.98661e-05
33383: 8.98634e-05
33384: 8.98607e-05
33385: 8.9858e-05
33386: 8.98553e-05
33387: 8.98526e-05
33388: 8.985e-05
33389: 8.98473e-05
33390: 8.98446e-05
33391: 8.98419e-05
33392: 8.98392e-05
33393: 8.98365e-05
33394: 8.98338e-05
33395: 8.98311e-05
33396: 8.98284e-05
33397: 8.98257e-05
33398: 8.9823e-05
33399: 8.98204e-05
33400: 8.98177e-05
33401: 8.9815e-05
33402: 8.98123e-05
33403: 8.98096e-05
33404: 8.98069e-05
33405: 8.98042e-05
33406: 8.98015e-05
33407: 8.97989e-05
33408: 8.97962e-05
33409: 8.97935e-05
33410: 8.97908e-05
33411: 8.97881e-05
33412: 8.97854e-05
33413: 8.97827e-05
33414: 8.978e-05
33415: 8.97774e-05
33416: 8.97747e-05
33417: 8.9772e-05
33418: 8.97693e-05
33419: 8.97666e-05
33420: 8.97639e-05
33421: 8.97612e-05
33422: 8.97585e-05
33423: 8.97559e-05
33424: 8.97532e-05
33425: 8.97505e-05
33426: 8.97478e-05
33427: 8.97451e-05
33428: 8.97424e-05
33429: 8.97398e-05
33430: 8.97371e-05
33431: 8.97344e-05
33432: 8.97317e-05
33433: 8.9729e-05
33434: 8.97263e-05
33435: 8.97237e-05
33436: 8.9721e-05
33437: 8.97183e-05
33438: 8.97156e-05
33439: 8.97129e-05
33440: 8.97102e-05
33441: 8.97076e-05
33442: 8.97049e-05
33443: 8.97022e-05
33444: 8.96995e-05
33445: 8.96968e-05
33446: 8.96941e-05
33447: 8.96915e-05
33448: 8.96888e-05
33449: 8.96861e-05
33450: 8.96834e-05
33451: 8.96807e-05
33452: 8.96781e-05
33453: 8.96754e-05
33454: 8.96727e-05
33455: 8.967e-05
33456: 8.96673e-05
33457: 8.96647e-05
33458: 8.9662e-05
33459: 8.96593e-05
33460: 8.96566e-05
33461: 8.96539e-05
33462: 8.96513e-05
33463: 8.96486e-05
33464: 8.96459e-05
33465: 8.96432e-05
33466: 8.96405e-05
33467: 8.96379e-05
33468: 8.96352e-05
33469: 8.96325e-05
33470: 8.96298e-05
33471: 8.96272e-05
33472: 8.96245e-05
33473: 8.96218e-05
33474: 8.96191e-05
33475: 8.96164e-05
33476: 8.96138e-05
33477: 8.96111e-05
33478: 8.96084e-05
33479: 8.96057e-05
33480: 8.96031e-05
33481: 8.96004e-05
33482: 8.95977e-05
33483: 8.9595e-05
33484: 8.95924e-05
33485: 8.95897e-05
33486: 8.9587e-05
33487: 8.95843e-05
33488: 8.95817e-05
33489: 8.9579e-05
33490: 8.95763e-05
33491: 8.95736e-05
33492: 8.9571e-05
33493: 8.95683e-05
33494: 8.95656e-05
33495: 8.95629e-05
33496: 8.95603e-05
33497: 8.95576e-05
33498: 8.95549e-05
33499: 8.95522e-05
33500: 8.95496e-05
33501: 8.95469e-05
33502: 8.95442e-05
33503: 8.95415e-05
33504: 8.95389e-05
33505: 8.95362e-05
33506: 8.95335e-05
33507: 8.95309e-05
33508: 8.95282e-05
33509: 8.95255e-05
33510: 8.95228e-05
33511: 8.95202e-05
33512: 8.95175e-05
33513: 8.95148e-05
33514: 8.95122e-05
33515: 8.95095e-05
33516: 8.95068e-05
33517: 8.95041e-05
33518: 8.95015e-05
33519: 8.94988e-05
33520: 8.94961e-05
33521: 8.94935e-05
33522: 8.94908e-05
33523: 8.94881e-05
33524: 8.94855e-05
33525: 8.94828e-05
33526: 8.94801e-05
33527: 8.94775e-05
33528: 8.94748e-05
33529: 8.94721e-05
33530: 8.94694e-05
33531: 8.94668e-05
33532: 8.94641e-05
33533: 8.94614e-05
33534: 8.94588e-05
33535: 8.94561e-05
33536: 8.94534e-05
33537: 8.94508e-05
33538: 8.94481e-05
33539: 8.94454e-05
33540: 8.94428e-05
33541: 8.94401e-05
33542: 8.94374e-05
33543: 8.94348e-05
33544: 8.94321e-05
33545: 8.94294e-05
33546: 8.94268e-05
33547: 8.94241e-05
33548: 8.94214e-05
33549: 8.94188e-05
33550: 8.94161e-05
33551: 8.94134e-05
33552: 8.94108e-05
33553: 8.94081e-05
33554: 8.94055e-05
33555: 8.94028e-05
33556: 8.94001e-05
33557: 8.93975e-05
33558: 8.93948e-05
33559: 8.93921e-05
33560: 8.93895e-05
33561: 8.93868e-05
33562: 8.93841e-05
33563: 8.93815e-05
33564: 8.93788e-05
33565: 8.93762e-05
33566: 8.93735e-05
33567: 8.93708e-05
33568: 8.93682e-05
33569: 8.93655e-05
33570: 8.93628e-05
33571: 8.93602e-05
33572: 8.93575e-05
33573: 8.93549e-05
33574: 8.93522e-05
33575: 8.93495e-05
33576: 8.93469e-05
33577: 8.93442e-05
33578: 8.93416e-05
33579: 8.93389e-05
33580: 8.93362e-05
33581: 8.93336e-05
33582: 8.93309e-05
33583: 8.93283e-05
33584: 8.93256e-05
33585: 8.93229e-05
33586: 8.93203e-05
33587: 8.93176e-05
33588: 8.9315e-05
33589: 8.93123e-05
33590: 8.93096e-05
33591: 8.9307e-05
33592: 8.93043e-05
33593: 8.93017e-05
33594: 8.9299e-05
33595: 8.92963e-05
33596: 8.92937e-05
33597: 8.9291e-05
33598: 8.92884e-05
33599: 8.92857e-05
33600: 8.92831e-05
33601: 8.92804e-05
33602: 8.92777e-05
33603: 8.92751e-05
33604: 8.92724e-05
33605: 8.92698e-05
33606: 8.92671e-05
33607: 8.92645e-05
33608: 8.92618e-05
33609: 8.92591e-05
33610: 8.92565e-05
33611: 8.92538e-05
33612: 8.92512e-05
33613: 8.92485e-05
33614: 8.92459e-05
33615: 8.92432e-05
33616: 8.92406e-05
33617: 8.92379e-05
33618: 8.92353e-05
33619: 8.92326e-05
33620: 8.92299e-05
33621: 8.92273e-05
33622: 8.92246e-05
33623: 8.9222e-05
33624: 8.92193e-05
33625: 8.92167e-05
33626: 8.9214e-05
33627: 8.92114e-05
33628: 8.92087e-05
33629: 8.92061e-05
33630: 8.92034e-05
33631: 8.92008e-05
33632: 8.91981e-05
33633: 8.91955e-05
33634: 8.91928e-05
33635: 8.91902e-05
33636: 8.91875e-05
33637: 8.91849e-05
33638: 8.91822e-05
33639: 8.91795e-05
33640: 8.91769e-05
33641: 8.91742e-05
33642: 8.91716e-05
33643: 8.91689e-05
33644: 8.91663e-05
33645: 8.91636e-05
33646: 8.9161e-05
33647: 8.91583e-05
33648: 8.91557e-05
33649: 8.9153e-05
33650: 8.91504e-05
33651: 8.91477e-05
33652: 8.91451e-05
33653: 8.91424e-05
33654: 8.91398e-05
33655: 8.91372e-05
33656: 8.91345e-05
33657: 8.91319e-05
33658: 8.91292e-05
33659: 8.91266e-05
33660: 8.91239e-05
33661: 8.91213e-05
33662: 8.91186e-05
33663: 8.9116e-05
33664: 8.91133e-05
33665: 8.91107e-05
33666: 8.9108e-05
33667: 8.91054e-05
33668: 8.91027e-05
33669: 8.91001e-05
33670: 8.90974e-05
33671: 8.90948e-05
33672: 8.90922e-05
33673: 8.90895e-05
33674: 8.90869e-05
33675: 8.90842e-05
33676: 8.90816e-05
33677: 8.90789e-05
33678: 8.90763e-05
33679: 8.90736e-05
33680: 8.9071e-05
33681: 8.90683e-05
33682: 8.90657e-05
33683: 8.90631e-05
33684: 8.90604e-05
33685: 8.90578e-05
33686: 8.90551e-05
33687: 8.90525e-05
33688: 8.90498e-05
33689: 8.90472e-05
33690: 8.90446e-05
33691: 8.90419e-05
33692: 8.90393e-05
33693: 8.90366e-05
33694: 8.9034e-05
33695: 8.90313e-05
33696: 8.90287e-05
33697: 8.90261e-05
33698: 8.90234e-05
33699: 8.90208e-05
33700: 8.90181e-05
33701: 8.90155e-05
33702: 8.90128e-05
33703: 8.90102e-05
33704: 8.90076e-05
33705: 8.90049e-05
33706: 8.90023e-05
33707: 8.89996e-05
33708: 8.8997e-05
33709: 8.89944e-05
33710: 8.89917e-05
33711: 8.89891e-05
33712: 8.89864e-05
33713: 8.89838e-05
33714: 8.89812e-05
33715: 8.89785e-05
33716: 8.89759e-05
33717: 8.89732e-05
33718: 8.89706e-05
33719: 8.8968e-05
33720: 8.89653e-05
33721: 8.89627e-05
33722: 8.89601e-05
33723: 8.89574e-05
33724: 8.89548e-05
33725: 8.89521e-05
33726: 8.89495e-05
33727: 8.89469e-05
33728: 8.89442e-05
33729: 8.89416e-05
33730: 8.8939e-05
33731: 8.89363e-05
33732: 8.89337e-05
33733: 8.8931e-05
33734: 8.89284e-05
33735: 8.89258e-05
33736: 8.89231e-05
33737: 8.89205e-05
33738: 8.89179e-05
33739: 8.89152e-05
33740: 8.89126e-05
33741: 8.891e-05
33742: 8.89073e-05
33743: 8.89047e-05
33744: 8.89021e-05
33745: 8.88994e-05
33746: 8.88968e-05
33747: 8.88942e-05
33748: 8.88915e-05
33749: 8.88889e-05
33750: 8.88863e-05
33751: 8.88836e-05
33752: 8.8881e-05
33753: 8.88784e-05
33754: 8.88757e-05
33755: 8.88731e-05
33756: 8.88705e-05
33757: 8.88678e-05
33758: 8.88652e-05
33759: 8.88626e-05
33760: 8.88599e-05
33761: 8.88573e-05
33762: 8.88547e-05
33763: 8.8852e-05
33764: 8.88494e-05
33765: 8.88468e-05
33766: 8.88441e-05
33767: 8.88415e-05
33768: 8.88389e-05
33769: 8.88362e-05
33770: 8.88336e-05
33771: 8.8831e-05
33772: 8.88284e-05
33773: 8.88257e-05
33774: 8.88231e-05
33775: 8.88205e-05
33776: 8.88178e-05
33777: 8.88152e-05
33778: 8.88126e-05
33779: 8.88099e-05
33780: 8.88073e-05
33781: 8.88047e-05
33782: 8.88021e-05
33783: 8.87994e-05
33784: 8.87968e-05
33785: 8.87942e-05
33786: 8.87915e-05
33787: 8.87889e-05
33788: 8.87863e-05
33789: 8.87837e-05
33790: 8.8781e-05
33791: 8.87784e-05
33792: 8.87758e-05
33793: 8.87732e-05
33794: 8.87705e-05
33795: 8.87679e-05
33796: 8.87653e-05
33797: 8.87626e-05
33798: 8.876e-05
33799: 8.87574e-05
33800: 8.87548e-05
33801: 8.87521e-05
33802: 8.87495e-05
33803: 8.87469e-05
33804: 8.87443e-05
33805: 8.87416e-05
33806: 8.8739e-05
33807: 8.87364e-05
33808: 8.87338e-05
33809: 8.87311e-05
33810: 8.87285e-05
33811: 8.87259e-05
33812: 8.87233e-05
33813: 8.87206e-05
33814: 8.8718e-05
33815: 8.87154e-05
33816: 8.87128e-05
33817: 8.87102e-05
33818: 8.87075e-05
33819: 8.87049e-05
33820: 8.87023e-05
33821: 8.86997e-05
33822: 8.8697e-05
33823: 8.86944e-05
33824: 8.86918e-05
33825: 8.86892e-05
33826: 8.86866e-05
33827: 8.86839e-05
33828: 8.86813e-05
33829: 8.86787e-05
33830: 8.86761e-05
33831: 8.86734e-05
33832: 8.86708e-05
33833: 8.86682e-05
33834: 8.86656e-05
33835: 8.8663e-05
33836: 8.86603e-05
33837: 8.86577e-05
33838: 8.86551e-05
33839: 8.86525e-05
33840: 8.86499e-05
33841: 8.86472e-05
33842: 8.86446e-05
33843: 8.8642e-05
33844: 8.86394e-05
33845: 8.86368e-05
33846: 8.86341e-05
33847: 8.86315e-05
33848: 8.86289e-05
33849: 8.86263e-05
33850: 8.86237e-05
33851: 8.86211e-05
33852: 8.86184e-05
33853: 8.86158e-05
33854: 8.86132e-05
33855: 8.86106e-05
33856: 8.8608e-05
33857: 8.86054e-05
33858: 8.86027e-05
33859: 8.86001e-05
33860: 8.85975e-05
33861: 8.85949e-05
33862: 8.85923e-05
33863: 8.85897e-05
33864: 8.8587e-05
33865: 8.85844e-05
33866: 8.85818e-05
33867: 8.85792e-05
33868: 8.85766e-05
33869: 8.8574e-05
33870: 8.85713e-05
33871: 8.85687e-05
33872: 8.85661e-05
33873: 8.85635e-05
33874: 8.85609e-05
33875: 8.85583e-05
33876: 8.85557e-05
33877: 8.8553e-05
33878: 8.85504e-05
33879: 8.85478e-05
33880: 8.85452e-05
33881: 8.85426e-05
33882: 8.854e-05
33883: 8.85374e-05
33884: 8.85347e-05
33885: 8.85321e-05
33886: 8.85295e-05
33887: 8.85269e-05
33888: 8.85243e-05
33889: 8.85217e-05
33890: 8.85191e-05
33891: 8.85165e-05
33892: 8.85139e-05
33893: 8.85112e-05
33894: 8.85086e-05
33895: 8.8506e-05
33896: 8.85034e-05
33897: 8.85008e-05
33898: 8.84982e-05
33899: 8.84956e-05
33900: 8.8493e-05
33901: 8.84904e-05
33902: 8.84877e-05
33903: 8.84851e-05
33904: 8.84825e-05
33905: 8.84799e-05
33906: 8.84773e-05
33907: 8.84747e-05
33908: 8.84721e-05
33909: 8.84695e-05
33910: 8.84669e-05
33911: 8.84643e-05
33912: 8.84617e-05
33913: 8.8459e-05
33914: 8.84564e-05
33915: 8.84538e-05
33916: 8.84512e-05
33917: 8.84486e-05
33918: 8.8446e-05
33919: 8.84434e-05
33920: 8.84408e-05
33921: 8.84382e-05
33922: 8.84356e-05
33923: 8.8433e-05
33924: 8.84304e-05
33925: 8.84278e-05
33926: 8.84251e-05
33927: 8.84225e-05
33928: 8.84199e-05
33929: 8.84173e-05
33930: 8.84147e-05
33931: 8.84121e-05
33932: 8.84095e-05
33933: 8.84069e-05
33934: 8.84043e-05
33935: 8.84017e-05
33936: 8.83991e-05
33937: 8.83965e-05
33938: 8.83939e-05
33939: 8.83913e-05
33940: 8.83887e-05
33941: 8.83861e-05
33942: 8.83835e-05
33943: 8.83809e-05
33944: 8.83783e-05
33945: 8.83757e-05
33946: 8.83731e-05
33947: 8.83704e-05
33948: 8.83678e-05
33949: 8.83652e-05
33950: 8.83626e-05
33951: 8.836e-05
33952: 8.83574e-05
33953: 8.83548e-05
33954: 8.83522e-05
33955: 8.83496e-05
33956: 8.8347e-05
33957: 8.83444e-05
33958: 8.83418e-05
33959: 8.83392e-05
33960: 8.83366e-05
33961: 8.8334e-05
33962: 8.83314e-05
33963: 8.83288e-05
33964: 8.83262e-05
33965: 8.83236e-05
33966: 8.8321e-05
33967: 8.83184e-05
33968: 8.83158e-05
33969: 8.83132e-05
33970: 8.83106e-05
33971: 8.8308e-05
33972: 8.83054e-05
33973: 8.83028e-05
33974: 8.83002e-05
33975: 8.82976e-05
33976: 8.8295e-05
33977: 8.82924e-05
33978: 8.82898e-05
33979: 8.82872e-05
33980: 8.82846e-05
33981: 8.8282e-05
33982: 8.82794e-05
33983: 8.82768e-05
33984: 8.82742e-05
33985: 8.82716e-05
33986: 8.8269e-05
33987: 8.82664e-05
33988: 8.82639e-05
33989: 8.82613e-05
33990: 8.82587e-05
33991: 8.82561e-05
33992: 8.82535e-05
33993: 8.82509e-05
33994: 8.82483e-05
33995: 8.82457e-05
33996: 8.82431e-05
33997: 8.82405e-05
33998: 8.82379e-05
33999: 8.82353e-05
34000: 8.82327e-05
34001: 8.82301e-05
34002: 8.82275e-05
34003: 8.82249e-05
34004: 8.82223e-05
34005: 8.82197e-05
34006: 8.82171e-05
34007: 8.82145e-05
34008: 8.82119e-05
34009: 8.82094e-05
34010: 8.82068e-05
34011: 8.82042e-05
34012: 8.82016e-05
34013: 8.8199e-05
34014: 8.81964e-05
34015: 8.81938e-05
34016: 8.81912e-05
34017: 8.81886e-05
34018: 8.8186e-05
34019: 8.81834e-05
34020: 8.81808e-05
34021: 8.81782e-05
34022: 8.81756e-05
34023: 8.81731e-05
34024: 8.81705e-05
34025: 8.81679e-05
34026: 8.81653e-05
34027: 8.81627e-05
34028: 8.81601e-05
34029: 8.81575e-05
34030: 8.81549e-05
34031: 8.81523e-05
34032: 8.81497e-05
34033: 8.81471e-05
34034: 8.81446e-05
34035: 8.8142e-05
34036: 8.81394e-05
34037: 8.81368e-05
34038: 8.81342e-05
34039: 8.81316e-05
34040: 8.8129e-05
34041: 8.81264e-05
34042: 8.81238e-05
34043: 8.81213e-05
34044: 8.81187e-05
34045: 8.81161e-05
34046: 8.81135e-05
34047: 8.81109e-05
34048: 8.81083e-05
34049: 8.81057e-05
34050: 8.81031e-05
34051: 8.81006e-05
34052: 8.8098e-05
34053: 8.80954e-05
34054: 8.80928e-05
34055: 8.80902e-05
34056: 8.80876e-05
34057: 8.8085e-05
34058: 8.80824e-05
34059: 8.80799e-05
34060: 8.80773e-05
34061: 8.80747e-05
34062: 8.80721e-05
34063: 8.80695e-05
34064: 8.80669e-05
34065: 8.80643e-05
34066: 8.80618e-05
34067: 8.80592e-05
34068: 8.80566e-05
34069: 8.8054e-05
34070: 8.80514e-05
34071: 8.80488e-05
34072: 8.80463e-05
34073: 8.80437e-05
34074: 8.80411e-05
34075: 8.80385e-05
34076: 8.80359e-05
34077: 8.80333e-05
34078: 8.80308e-05
34079: 8.80282e-05
34080: 8.80256e-05
34081: 8.8023e-05
34082: 8.80204e-05
34083: 8.80178e-05
34084: 8.80153e-05
34085: 8.80127e-05
34086: 8.80101e-05
34087: 8.80075e-05
34088: 8.80049e-05
34089: 8.80023e-05
34090: 8.79998e-05
34091: 8.79972e-05
34092: 8.79946e-05
34093: 8.7992e-05
34094: 8.79894e-05
34095: 8.79869e-05
34096: 8.79843e-05
34097: 8.79817e-05
34098: 8.79791e-05
34099: 8.79765e-05
34100: 8.7974e-05
34101: 8.79714e-05
34102: 8.79688e-05
34103: 8.79662e-05
34104: 8.79636e-05
34105: 8.79611e-05
34106: 8.79585e-05
34107: 8.79559e-05
34108: 8.79533e-05
34109: 8.79507e-05
34110: 8.79482e-05
34111: 8.79456e-05
34112: 8.7943e-05
34113: 8.79404e-05
34114: 8.79379e-05
34115: 8.79353e-05
34116: 8.79327e-05
34117: 8.79301e-05
34118: 8.79275e-05
34119: 8.7925e-05
34120: 8.79224e-05
34121: 8.79198e-05
34122: 8.79172e-05
34123: 8.79147e-05
34124: 8.79121e-05
34125: 8.79095e-05
34126: 8.79069e-05
34127: 8.79044e-05
34128: 8.79018e-05
34129: 8.78992e-05
34130: 8.78966e-05
34131: 8.78941e-05
34132: 8.78915e-05
34133: 8.78889e-05
34134: 8.78863e-05
34135: 8.78838e-05
34136: 8.78812e-05
34137: 8.78786e-05
34138: 8.7876e-05
34139: 8.78735e-05
34140: 8.78709e-05
34141: 8.78683e-05
34142: 8.78657e-05
34143: 8.78632e-05
34144: 8.78606e-05
34145: 8.7858e-05
34146: 8.78554e-05
34147: 8.78529e-05
34148: 8.78503e-05
34149: 8.78477e-05
34150: 8.78452e-05
34151: 8.78426e-05
34152: 8.784e-05
34153: 8.78374e-05
34154: 8.78349e-05
34155: 8.78323e-05
34156: 8.78297e-05
34157: 8.78272e-05
34158: 8.78246e-05
34159: 8.7822e-05
34160: 8.78194e-05
34161: 8.78169e-05
34162: 8.78143e-05
34163: 8.78117e-05
34164: 8.78092e-05
34165: 8.78066e-05
34166: 8.7804e-05
34167: 8.78015e-05
34168: 8.77989e-05
34169: 8.77963e-05
34170: 8.77937e-05
34171: 8.77912e-05
34172: 8.77886e-05
34173: 8.7786e-05
34174: 8.77835e-05
34175: 8.77809e-05
34176: 8.77783e-05
34177: 8.77758e-05
34178: 8.77732e-05
34179: 8.77706e-05
34180: 8.77681e-05
34181: 8.77655e-05
34182: 8.77629e-05
34183: 8.77604e-05
34184: 8.77578e-05
34185: 8.77552e-05
34186: 8.77527e-05
34187: 8.77501e-05
34188: 8.77475e-05
34189: 8.7745e-05
34190: 8.77424e-05
34191: 8.77398e-05
34192: 8.77373e-05
34193: 8.77347e-05
34194: 8.77321e-05
34195: 8.77296e-05
34196: 8.7727e-05
34197: 8.77244e-05
34198: 8.77219e-05
34199: 8.77193e-05
34200: 8.77167e-05
34201: 8.77142e-05
34202: 8.77116e-05
34203: 8.7709e-05
34204: 8.77065e-05
34205: 8.77039e-05
34206: 8.77013e-05
34207: 8.76988e-05
34208: 8.76962e-05
34209: 8.76937e-05
34210: 8.76911e-05
34211: 8.76885e-05
34212: 8.7686e-05
34213: 8.76834e-05
34214: 8.76808e-05
34215: 8.76783e-05
34216: 8.76757e-05
34217: 8.76732e-05
34218: 8.76706e-05
34219: 8.7668e-05
34220: 8.76655e-05
34221: 8.76629e-05
34222: 8.76603e-05
34223: 8.76578e-05
34224: 8.76552e-05
34225: 8.76527e-05
34226: 8.76501e-05
34227: 8.76475e-05
34228: 8.7645e-05
34229: 8.76424e-05
34230: 8.76399e-05
34231: 8.76373e-05
34232: 8.76347e-05
34233: 8.76322e-05
34234: 8.76296e-05
34235: 8.76271e-05
34236: 8.76245e-05
34237: 8.76219e-05
34238: 8.76194e-05
34239: 8.76168e-05
34240: 8.76143e-05
34241: 8.76117e-05
34242: 8.76091e-05
34243: 8.76066e-05
34244: 8.7604e-05
34245: 8.76015e-05
34246: 8.75989e-05
34247: 8.75964e-05
34248: 8.75938e-05
34249: 8.75912e-05
34250: 8.75887e-05
34251: 8.75861e-05
34252: 8.75836e-05
34253: 8.7581e-05
34254: 8.75785e-05
34255: 8.75759e-05
34256: 8.75733e-05
34257: 8.75708e-05
34258: 8.75682e-05
34259: 8.75657e-05
34260: 8.75631e-05
34261: 8.75606e-05
34262: 8.7558e-05
34263: 8.75555e-05
34264: 8.75529e-05
34265: 8.75503e-05
34266: 8.75478e-05
34267: 8.75452e-05
34268: 8.75427e-05
34269: 8.75401e-05
34270: 8.75376e-05
34271: 8.7535e-05
34272: 8.75325e-05
34273: 8.75299e-05
34274: 8.75274e-05
34275: 8.75248e-05
34276: 8.75222e-05
34277: 8.75197e-05
34278: 8.75171e-05
34279: 8.75146e-05
34280: 8.7512e-05
34281: 8.75095e-05
34282: 8.75069e-05
34283: 8.75044e-05
34284: 8.75018e-05
34285: 8.74993e-05
34286: 8.74967e-05
34287: 8.74942e-05
34288: 8.74916e-05
34289: 8.74891e-05
34290: 8.74865e-05
34291: 8.7484e-05
34292: 8.74814e-05
34293: 8.74789e-05
34294: 8.74763e-05
34295: 8.74738e-05
34296: 8.74712e-05
34297: 8.74687e-05
34298: 8.74661e-05
34299: 8.74636e-05
34300: 8.7461e-05
34301: 8.74585e-05
34302: 8.74559e-05
34303: 8.74534e-05
34304: 8.74508e-05
34305: 8.74483e-05
34306: 8.74457e-05
34307: 8.74432e-05
34308: 8.74406e-05
34309: 8.74381e-05
34310: 8.74355e-05
34311: 8.7433e-05
34312: 8.74304e-05
34313: 8.74279e-05
34314: 8.74253e-05
34315: 8.74228e-05
34316: 8.74202e-05
34317: 8.74177e-05
34318: 8.74151e-05
34319: 8.74126e-05
34320: 8.741e-05
34321: 8.74075e-05
34322: 8.74049e-05
34323: 8.74024e-05
34324: 8.73999e-05
34325: 8.73973e-05
34326: 8.73948e-05
34327: 8.73922e-05
34328: 8.73897e-05
34329: 8.73871e-05
34330: 8.73846e-05
34331: 8.7382e-05
34332: 8.73795e-05
34333: 8.73769e-05
34334: 8.73744e-05
34335: 8.73719e-05
34336: 8.73693e-05
34337: 8.73668e-05
34338: 8.73642e-05
34339: 8.73617e-05
34340: 8.73591e-05
34341: 8.73566e-05
34342: 8.7354e-05
34343: 8.73515e-05
34344: 8.7349e-05
34345: 8.73464e-05
34346: 8.73439e-05
34347: 8.73413e-05
34348: 8.73388e-05
34349: 8.73362e-05
34350: 8.73337e-05
34351: 8.73312e-05
34352: 8.73286e-05
34353: 8.73261e-05
34354: 8.73235e-05
34355: 8.7321e-05
34356: 8.73185e-05
34357: 8.73159e-05
34358: 8.73134e-05
34359: 8.73108e-05
34360: 8.73083e-05
34361: 8.73057e-05
34362: 8.73032e-05
34363: 8.73007e-05
34364: 8.72981e-05
34365: 8.72956e-05
34366: 8.7293e-05
34367: 8.72905e-05
34368: 8.7288e-05
34369: 8.72854e-05
34370: 8.72829e-05
34371: 8.72803e-05
34372: 8.72778e-05
34373: 8.72753e-05
34374: 8.72727e-05
34375: 8.72702e-05
34376: 8.72676e-05
34377: 8.72651e-05
34378: 8.72626e-05
34379: 8.726e-05
34380: 8.72575e-05
34381: 8.7255e-05
34382: 8.72524e-05
34383: 8.72499e-05
34384: 8.72473e-05
34385: 8.72448e-05
34386: 8.72423e-05
34387: 8.72397e-05
34388: 8.72372e-05
34389: 8.72347e-05
34390: 8.72321e-05
34391: 8.72296e-05
34392: 8.72271e-05
34393: 8.72245e-05
34394: 8.7222e-05
34395: 8.72194e-05
34396: 8.72169e-05
34397: 8.72144e-05
34398: 8.72118e-05
34399: 8.72093e-05
34400: 8.72068e-05
34401: 8.72042e-05
34402: 8.72017e-05
34403: 8.71992e-05
34404: 8.71966e-05
34405: 8.71941e-05
34406: 8.71916e-05
34407: 8.7189e-05
34408: 8.71865e-05
34409: 8.7184e-05
34410: 8.71814e-05
34411: 8.71789e-05
34412: 8.71764e-05
34413: 8.71738e-05
34414: 8.71713e-05
34415: 8.71688e-05
34416: 8.71662e-05
34417: 8.71637e-05
34418: 8.71612e-05
34419: 8.71586e-05
34420: 8.71561e-05
34421: 8.71536e-05
34422: 8.7151e-05
34423: 8.71485e-05
34424: 8.7146e-05
34425: 8.71434e-05
34426: 8.71409e-05
34427: 8.71384e-05
34428: 8.71358e-05
34429: 8.71333e-05
34430: 8.71308e-05
34431: 8.71283e-05
34432: 8.71257e-05
34433: 8.71232e-05
34434: 8.71207e-05
34435: 8.71181e-05
34436: 8.71156e-05
34437: 8.71131e-05
34438: 8.71105e-05
34439: 8.7108e-05
34440: 8.71055e-05
34441: 8.7103e-05
34442: 8.71004e-05
34443: 8.70979e-05
34444: 8.70954e-05
34445: 8.70928e-05
34446: 8.70903e-05
34447: 8.70878e-05
34448: 8.70853e-05
34449: 8.70827e-05
34450: 8.70802e-05
34451: 8.70777e-05
34452: 8.70751e-05
34453: 8.70726e-05
34454: 8.70701e-05
34455: 8.70676e-05
34456: 8.7065e-05
34457: 8.70625e-05
34458: 8.706e-05
34459: 8.70575e-05
34460: 8.70549e-05
34461: 8.70524e-05
34462: 8.70499e-05
34463: 8.70474e-05
34464: 8.70448e-05
34465: 8.70423e-05
34466: 8.70398e-05
34467: 8.70373e-05
34468: 8.70347e-05
34469: 8.70322e-05
34470: 8.70297e-05
34471: 8.70272e-05
34472: 8.70246e-05
34473: 8.70221e-05
34474: 8.70196e-05
34475: 8.70171e-05
34476: 8.70145e-05
34477: 8.7012e-05
34478: 8.70095e-05
34479: 8.7007e-05
34480: 8.70044e-05
34481: 8.70019e-05
34482: 8.69994e-05
34483: 8.69969e-05
34484: 8.69943e-05
34485: 8.69918e-05
34486: 8.69893e-05
34487: 8.69868e-05
34488: 8.69843e-05
34489: 8.69817e-05
34490: 8.69792e-05
34491: 8.69767e-05
34492: 8.69742e-05
34493: 8.69716e-05
34494: 8.69691e-05
34495: 8.69666e-05
34496: 8.69641e-05
34497: 8.69616e-05
34498: 8.6959e-05
34499: 8.69565e-05
34500: 8.6954e-05
34501: 8.69515e-05
34502: 8.6949e-05
34503: 8.69464e-05
34504: 8.69439e-05
34505: 8.69414e-05
34506: 8.69389e-05
34507: 8.69364e-05
34508: 8.69338e-05
34509: 8.69313e-05
34510: 8.69288e-05
34511: 8.69263e-05
34512: 8.69238e-05
34513: 8.69212e-05
34514: 8.69187e-05
34515: 8.69162e-05
34516: 8.69137e-05
34517: 8.69112e-05
34518: 8.69087e-05
34519: 8.69061e-05
34520: 8.69036e-05
34521: 8.69011e-05
34522: 8.68986e-05
34523: 8.68961e-05
34524: 8.68936e-05
34525: 8.6891e-05
34526: 8.68885e-05
34527: 8.6886e-05
34528: 8.68835e-05
34529: 8.6881e-05
34530: 8.68785e-05
34531: 8.68759e-05
34532: 8.68734e-05
34533: 8.68709e-05
34534: 8.68684e-05
34535: 8.68659e-05
34536: 8.68634e-05
34537: 8.68608e-05
34538: 8.68583e-05
34539: 8.68558e-05
34540: 8.68533e-05
34541: 8.68508e-05
34542: 8.68483e-05
34543: 8.68458e-05
34544: 8.68432e-05
34545: 8.68407e-05
34546: 8.68382e-05
34547: 8.68357e-05
34548: 8.68332e-05
34549: 8.68307e-05
34550: 8.68282e-05
34551: 8.68257e-05
34552: 8.68231e-05
34553: 8.68206e-05
34554: 8.68181e-05
34555: 8.68156e-05
34556: 8.68131e-05
34557: 8.68106e-05
34558: 8.68081e-05
34559: 8.68056e-05
34560: 8.6803e-05
34561: 8.68005e-05
34562: 8.6798e-05
34563: 8.67955e-05
34564: 8.6793e-05
34565: 8.67905e-05
34566: 8.6788e-05
34567: 8.67855e-05
34568: 8.6783e-05
34569: 8.67804e-05
34570: 8.67779e-05
34571: 8.67754e-05
34572: 8.67729e-05
34573: 8.67704e-05
34574: 8.67679e-05
34575: 8.67654e-05
34576: 8.67629e-05
34577: 8.67604e-05
34578: 8.67579e-05
34579: 8.67553e-05
34580: 8.67528e-05
34581: 8.67503e-05
34582: 8.67478e-05
34583: 8.67453e-05
34584: 8.67428e-05
34585: 8.67403e-05
34586: 8.67378e-05
34587: 8.67353e-05
34588: 8.67328e-05
34589: 8.67303e-05
34590: 8.67278e-05
34591: 8.67253e-05
34592: 8.67227e-05
34593: 8.67202e-05
34594: 8.67177e-05
34595: 8.67152e-05
34596: 8.67127e-05
34597: 8.67102e-05
34598: 8.67077e-05
34599: 8.67052e-05
34600: 8.67027e-05
34601: 8.67002e-05
34602: 8.66977e-05
34603: 8.66952e-05
34604: 8.66927e-05
34605: 8.66902e-05
34606: 8.66877e-05
34607: 8.66852e-05
34608: 8.66827e-05
34609: 8.66802e-05
34610: 8.66776e-05
34611: 8.66751e-05
34612: 8.66726e-05
34613: 8.66701e-05
34614: 8.66676e-05
34615: 8.66651e-05
34616: 8.66626e-05
34617: 8.66601e-05
34618: 8.66576e-05
34619: 8.66551e-05
34620: 8.66526e-05
34621: 8.66501e-05
34622: 8.66476e-05
34623: 8.66451e-05
34624: 8.66426e-05
34625: 8.66401e-05
34626: 8.66376e-05
34627: 8.66351e-05
34628: 8.66326e-05
34629: 8.66301e-05
34630: 8.66276e-05
34631: 8.66251e-05
34632: 8.66226e-05
34633: 8.66201e-05
34634: 8.66176e-05
34635: 8.66151e-05
34636: 8.66126e-05
34637: 8.66101e-05
34638: 8.66076e-05
34639: 8.66051e-05
34640: 8.66026e-05
34641: 8.66001e-05
34642: 8.65976e-05
34643: 8.65951e-05
34644: 8.65926e-05
34645: 8.65901e-05
34646: 8.65876e-05
34647: 8.65851e-05
34648: 8.65826e-05
34649: 8.65801e-05
34650: 8.65776e-05
34651: 8.65751e-05
34652: 8.65726e-05
34653: 8.65701e-05
34654: 8.65676e-05
34655: 8.65651e-05
34656: 8.65626e-05
34657: 8.65601e-05
34658: 8.65576e-05
34659: 8.65551e-05
34660: 8.65526e-05
34661: 8.65501e-05
34662: 8.65476e-05
34663: 8.65451e-05
34664: 8.65426e-05
34665: 8.65401e-05
34666: 8.65376e-05
34667: 8.65351e-05
34668: 8.65326e-05
34669: 8.65301e-05
34670: 8.65276e-05
34671: 8.65251e-05
34672: 8.65227e-05
34673: 8.65202e-05
34674: 8.65177e-05
34675: 8.65152e-05
34676: 8.65127e-05
34677: 8.65102e-05
34678: 8.65077e-05
34679: 8.65052e-05
34680: 8.65027e-05
34681: 8.65002e-05
34682: 8.64977e-05
34683: 8.64952e-05
34684: 8.64927e-05
34685: 8.64902e-05
34686: 8.64877e-05
34687: 8.64852e-05
34688: 8.64827e-05
34689: 8.64803e-05
34690: 8.64778e-05
34691: 8.64753e-05
34692: 8.64728e-05
34693: 8.64703e-05
34694: 8.64678e-05
34695: 8.64653e-05
34696: 8.64628e-05
34697: 8.64603e-05
34698: 8.64578e-05
34699: 8.64553e-05
34700: 8.64528e-05
34701: 8.64503e-05
34702: 8.64479e-05
34703: 8.64454e-05
34704: 8.64429e-05
34705: 8.64404e-05
34706: 8.64379e-05
34707: 8.64354e-05
34708: 8.64329e-05
34709: 8.64304e-05
34710: 8.64279e-05
34711: 8.64254e-05
34712: 8.6423e-05
34713: 8.64205e-05
34714: 8.6418e-05
34715: 8.64155e-05
34716: 8.6413e-05
34717: 8.64105e-05
34718: 8.6408e-05
34719: 8.64055e-05
34720: 8.6403e-05
34721: 8.64006e-05
34722: 8.63981e-05
34723: 8.63956e-05
34724: 8.63931e-05
34725: 8.63906e-05
34726: 8.63881e-05
34727: 8.63856e-05
34728: 8.63831e-05
34729: 8.63807e-05
34730: 8.63782e-05
34731: 8.63757e-05
34732: 8.63732e-05
34733: 8.63707e-05
34734: 8.63682e-05
34735: 8.63657e-05
34736: 8.63632e-05
34737: 8.63608e-05
34738: 8.63583e-05
34739: 8.63558e-05
34740: 8.63533e-05
34741: 8.63508e-05
34742: 8.63483e-05
34743: 8.63458e-05
34744: 8.63434e-05
34745: 8.63409e-05
34746: 8.63384e-05
34747: 8.63359e-05
34748: 8.63334e-05
34749: 8.63309e-05
34750: 8.63285e-05
34751: 8.6326e-05
34752: 8.63235e-05
34753: 8.6321e-05
34754: 8.63185e-05
34755: 8.6316e-05
34756: 8.63135e-05
34757: 8.63111e-05
34758: 8.63086e-05
34759: 8.63061e-05
34760: 8.63036e-05
34761: 8.63011e-05
34762: 8.62987e-05
34763: 8.62962e-05
34764: 8.62937e-05
34765: 8.62912e-05
34766: 8.62887e-05
34767: 8.62862e-05
34768: 8.62838e-05
34769: 8.62813e-05
34770: 8.62788e-05
34771: 8.62763e-05
34772: 8.62738e-05
34773: 8.62714e-05
34774: 8.62689e-05
34775: 8.62664e-05
34776: 8.62639e-05
34777: 8.62614e-05
34778: 8.62589e-05
34779: 8.62565e-05
34780: 8.6254e-05
34781: 8.62515e-05
34782: 8.6249e-05
34783: 8.62466e-05
34784: 8.62441e-05
34785: 8.62416e-05
34786: 8.62391e-05
34787: 8.62366e-05
34788: 8.62342e-05
34789: 8.62317e-05
34790: 8.62292e-05
34791: 8.62267e-05
34792: 8.62242e-05
34793: 8.62218e-05
34794: 8.62193e-05
34795: 8.62168e-05
34796: 8.62143e-05
34797: 8.62119e-05
34798: 8.62094e-05
34799: 8.62069e-05
34800: 8.62044e-05
34801: 8.62019e-05
34802: 8.61995e-05
34803: 8.6197e-05
34804: 8.61945e-05
34805: 8.6192e-05
34806: 8.61896e-05
34807: 8.61871e-05
34808: 8.61846e-05
34809: 8.61821e-05
34810: 8.61797e-05
34811: 8.61772e-05
34812: 8.61747e-05
34813: 8.61722e-05
34814: 8.61698e-05
34815: 8.61673e-05
34816: 8.61648e-05
34817: 8.61623e-05
34818: 8.61599e-05
34819: 8.61574e-05
34820: 8.61549e-05
34821: 8.61524e-05
34822: 8.615e-05
34823: 8.61475e-05
34824: 8.6145e-05
34825: 8.61425e-05
34826: 8.61401e-05
34827: 8.61376e-05
34828: 8.61351e-05
34829: 8.61326e-05
34830: 8.61302e-05
34831: 8.61277e-05
34832: 8.61252e-05
34833: 8.61228e-05
34834: 8.61203e-05
34835: 8.61178e-05
34836: 8.61153e-05
34837: 8.61129e-05
34838: 8.61104e-05
34839: 8.61079e-05
34840: 8.61055e-05
34841: 8.6103e-05
34842: 8.61005e-05
34843: 8.6098e-05
34844: 8.60956e-05
34845: 8.60931e-05
34846: 8.60906e-05
34847: 8.60882e-05
34848: 8.60857e-05
34849: 8.60832e-05
34850: 8.60807e-05
34851: 8.60783e-05
34852: 8.60758e-05
34853: 8.60733e-05
34854: 8.60709e-05
34855: 8.60684e-05
34856: 8.60659e-05
34857: 8.60635e-05
34858: 8.6061e-05
34859: 8.60585e-05
34860: 8.60561e-05
34861: 8.60536e-05
34862: 8.60511e-05
34863: 8.60486e-05
34864: 8.60462e-05
34865: 8.60437e-05
34866: 8.60412e-05
34867: 8.60388e-05
34868: 8.60363e-05
34869: 8.60338e-05
34870: 8.60314e-05
34871: 8.60289e-05
34872: 8.60264e-05
34873: 8.6024e-05
34874: 8.60215e-05
34875: 8.6019e-05
34876: 8.60166e-05
34877: 8.60141e-05
34878: 8.60116e-05
34879: 8.60092e-05
34880: 8.60067e-05
34881: 8.60042e-05
34882: 8.60018e-05
34883: 8.59993e-05
34884: 8.59968e-05
34885: 8.59944e-05
34886: 8.59919e-05
34887: 8.59895e-05
34888: 8.5987e-05
34889: 8.59845e-05
34890: 8.59821e-05
34891: 8.59796e-05
34892: 8.59771e-05
34893: 8.59747e-05
34894: 8.59722e-05
34895: 8.59697e-05
34896: 8.59673e-05
34897: 8.59648e-05
34898: 8.59623e-05
34899: 8.59599e-05
34900: 8.59574e-05
34901: 8.5955e-05
34902: 8.59525e-05
34903: 8.595e-05
34904: 8.59476e-05
34905: 8.59451e-05
34906: 8.59426e-05
34907: 8.59402e-05
34908: 8.59377e-05
34909: 8.59353e-05
34910: 8.59328e-05
34911: 8.59303e-05
34912: 8.59279e-05
34913: 8.59254e-05
34914: 8.5923e-05
34915: 8.59205e-05
34916: 8.5918e-05
34917: 8.59156e-05
34918: 8.59131e-05
34919: 8.59107e-05
34920: 8.59082e-05
34921: 8.59057e-05
34922: 8.59033e-05
34923: 8.59008e-05
34924: 8.58984e-05
34925: 8.58959e-05
34926: 8.58934e-05
34927: 8.5891e-05
34928: 8.58885e-05
34929: 8.58861e-05
34930: 8.58836e-05
34931: 8.58811e-05
34932: 8.58787e-05
34933: 8.58762e-05
34934: 8.58738e-05
34935: 8.58713e-05
34936: 8.58688e-05
34937: 8.58664e-05
34938: 8.58639e-05
34939: 8.58615e-05
34940: 8.5859e-05
34941: 8.58566e-05
34942: 8.58541e-05
34943: 8.58516e-05
34944: 8.58492e-05
34945: 8.58467e-05
34946: 8.58443e-05
34947: 8.58418e-05
34948: 8.58394e-05
34949: 8.58369e-05
34950: 8.58345e-05
34951: 8.5832e-05
34952: 8.58295e-05
34953: 8.58271e-05
34954: 8.58246e-05
34955: 8.58222e-05
34956: 8.58197e-05
34957: 8.58173e-05
34958: 8.58148e-05
34959: 8.58124e-05
34960: 8.58099e-05
34961: 8.58074e-05
34962: 8.5805e-05
34963: 8.58025e-05
34964: 8.58001e-05
34965: 8.57976e-05
34966: 8.57952e-05
34967: 8.57927e-05
34968: 8.57903e-05
34969: 8.57878e-05
34970: 8.57854e-05
34971: 8.57829e-05
34972: 8.57805e-05
34973: 8.5778e-05
34974: 8.57756e-05
34975: 8.57731e-05
34976: 8.57706e-05
34977: 8.57682e-05
34978: 8.57657e-05
34979: 8.57633e-05
34980: 8.57608e-05
34981: 8.57584e-05
34982: 8.57559e-05
34983: 8.57535e-05
34984: 8.5751e-05
34985: 8.57486e-05
34986: 8.57461e-05
34987: 8.57437e-05
34988: 8.57412e-05
34989: 8.57388e-05
34990: 8.57363e-05
34991: 8.57339e-05
34992: 8.57314e-05
34993: 8.5729e-05
34994: 8.57265e-05
34995: 8.57241e-05
34996: 8.57216e-05
34997: 8.57192e-05
34998: 8.57167e-05
34999: 8.57143e-05
35000: 8.57118e-05
35001: 8.57094e-05
35002: 8.57069e-05
35003: 8.57045e-05
35004: 8.5702e-05
35005: 8.56996e-05
35006: 8.56971e-05
35007: 8.56947e-05
35008: 8.56923e-05
35009: 8.56898e-05
35010: 8.56874e-05
35011: 8.56849e-05
35012: 8.56825e-05
35013: 8.568e-05
35014: 8.56776e-05
35015: 8.56751e-05
35016: 8.56727e-05
35017: 8.56702e-05
35018: 8.56678e-05
35019: 8.56653e-05
35020: 8.56629e-05
35021: 8.56604e-05
35022: 8.5658e-05
35023: 8.56556e-05
35024: 8.56531e-05
35025: 8.56507e-05
35026: 8.56482e-05
35027: 8.56458e-05
35028: 8.56433e-05
35029: 8.56409e-05
35030: 8.56384e-05
35031: 8.5636e-05
35032: 8.56335e-05
35033: 8.56311e-05
35034: 8.56287e-05
35035: 8.56262e-05
35036: 8.56238e-05
35037: 8.56213e-05
35038: 8.56189e-05
35039: 8.56164e-05
35040: 8.5614e-05
35041: 8.56116e-05
35042: 8.56091e-05
35043: 8.56067e-05
35044: 8.56042e-05
35045: 8.56018e-05
35046: 8.55993e-05
35047: 8.55969e-05
35048: 8.55945e-05
35049: 8.5592e-05
35050: 8.55896e-05
35051: 8.55871e-05
35052: 8.55847e-05
35053: 8.55822e-05
35054: 8.55798e-05
35055: 8.55774e-05
35056: 8.55749e-05
35057: 8.55725e-05
35058: 8.557e-05
35059: 8.55676e-05
35060: 8.55652e-05
35061: 8.55627e-05
35062: 8.55603e-05
35063: 8.55578e-05
35064: 8.55554e-05
35065: 8.5553e-05
35066: 8.55505e-05
35067: 8.55481e-05
35068: 8.55456e-05
35069: 8.55432e-05
35070: 8.55408e-05
35071: 8.55383e-05
35072: 8.55359e-05
35073: 8.55334e-05
35074: 8.5531e-05
35075: 8.55286e-05
35076: 8.55261e-05
35077: 8.55237e-05
35078: 8.55213e-05
35079: 8.55188e-05
35080: 8.55164e-05
35081: 8.55139e-05
35082: 8.55115e-05
35083: 8.55091e-05
35084: 8.55066e-05
35085: 8.55042e-05
35086: 8.55018e-05
35087: 8.54993e-05
35088: 8.54969e-05
35089: 8.54944e-05
35090: 8.5492e-05
35091: 8.54896e-05
35092: 8.54871e-05
35093: 8.54847e-05
35094: 8.54823e-05
35095: 8.54798e-05
35096: 8.54774e-05
35097: 8.5475e-05
35098: 8.54725e-05
35099: 8.54701e-05
35100: 8.54677e-05
35101: 8.54652e-05
35102: 8.54628e-05
35103: 8.54603e-05
35104: 8.54579e-05
35105: 8.54555e-05
35106: 8.5453e-05
35107: 8.54506e-05
35108: 8.54482e-05
35109: 8.54457e-05
35110: 8.54433e-05
35111: 8.54409e-05
35112: 8.54384e-05
35113: 8.5436e-05
35114: 8.54336e-05
35115: 8.54311e-05
35116: 8.54287e-05
35117: 8.54263e-05
35118: 8.54238e-05
35119: 8.54214e-05
35120: 8.5419e-05
35121: 8.54165e-05
35122: 8.54141e-05
35123: 8.54117e-05
35124: 8.54093e-05
35125: 8.54068e-05
35126: 8.54044e-05
35127: 8.5402e-05
35128: 8.53995e-05
35129: 8.53971e-05
35130: 8.53947e-05
35131: 8.53922e-05
35132: 8.53898e-05
35133: 8.53874e-05
35134: 8.53849e-05
35135: 8.53825e-05
35136: 8.53801e-05
35137: 8.53777e-05
35138: 8.53752e-05
35139: 8.53728e-05
35140: 8.53704e-05
35141: 8.53679e-05
35142: 0.000113821
35143: 0.000113817
35144: 0.000113814
35145: 0.000113811
35146: 0.000113808
35147: 0.000113804
35148: 0.000113801
35149: 0.000113798
35150: 0.000113795
35151: 0.000113792
35152: 0.000113788
35153: 0.000113785
35154: 0.000113782
35155: 0.000113779
35156: 0.000113775
35157: 0.000113772
35158: 0.000113769
35159: 0.000113766
35160: 0.000113762
35161: 0.000113759
35162: 0.000113756
35163: 0.000113753
35164: 0.000113749
35165: 0.000113746
35166: 0.000113743
35167: 0.00011374
35168: 0.000113737
35169: 0.000113733
35170: 0.00011373
35171: 0.000113727
35172: 0.000113724
35173: 0.00011372
35174: 0.000113717
35175: 0.000113714
35176: 0.000113711
35177: 0.000113707
35178: 0.000113704
35179: 0.000113701
35180: 0.000113698
35181: 0.000113695
35182: 0.000113691
35183: 0.000113688
35184: 0.000113685
35185: 0.000113682
35186: 0.000113678
35187: 0.000113675
35188: 0.000113672
35189: 0.000113669
35190: 0.000113665
35191: 0.000113662
35192: 0.000113659
35193: 0.000113656
35194: 0.000113653
35195: 0.000113649
35196: 0.000113646
35197: 0.000113643
35198: 0.00011364
35199: 0.000113636
35200: 0.000113633
35201: 0.00011363
35202: 0.000113627
35203: 0.000113623
35204: 0.00011362
35205: 0.000113617
35206: 0.000113614
35207: 0.000113611
35208: 0.000113607
35209: 0.000113604
35210: 0.000113601
35211: 0.000113598
35212: 0.000113594
35213: 0.000113591
35214: 0.000113588
35215: 0.000113585
35216: 0.000113582
35217: 0.000113578
35218: 0.000113575
35219: 0.000113572
35220: 0.000113569
35221: 0.000113565
35222: 0.000113562
35223: 0.000113559
35224: 0.000113556
35225: 0.000113552
35226: 0.000113549
35227: 0.000113546
35228: 0.000113543
35229: 0.00011354
35230: 0.000113536
35231: 0.000113533
35232: 0.00011353
35233: 0.000113527
35234: 0.000113523
35235: 0.00011352
35236: 0.000113517
35237: 0.000113514
35238: 0.000113511
35239: 0.000113507
35240: 0.000113504
35241: 0.000113501
35242: 0.000113498
35243: 0.000113494
35244: 0.000113491
35245: 0.000113488
35246: 0.000113485
35247: 0.000113482
35248: 0.000113478
35249: 0.000113475
35250: 0.000113472
35251: 0.000113469
35252: 0.000113466
35253: 0.000113462
35254: 0.000113459
35255: 0.000113456
35256: 0.000113453
35257: 0.000113449
35258: 0.000113446
35259: 0.000113443
35260: 0.00011344
35261: 0.000113437
35262: 0.000113433
35263: 0.00011343
35264: 0.000113427
35265: 0.000113424
35266: 0.00011342
35267: 0.000113417
35268: 0.000113414
35269: 0.000113411
35270: 0.000113408
35271: 0.000113404
35272: 0.000113401
35273: 0.000113398
35274: 0.000113395
35275: 0.000113392
35276: 0.000113388
35277: 0.000113385
35278: 0.000113382
35279: 0.000113379
35280: 0.000113375
35281: 0.000113372
35282: 0.000113369
35283: 0.000113366
35284: 0.000113363
35285: 0.000113359
35286: 0.000113356
35287: 0.000113353
35288: 0.00011335
35289: 0.000113347
35290: 0.000113343
35291: 0.00011334
35292: 0.000113337
35293: 0.000113334
35294: 0.000113331
35295: 0.000113327
35296: 0.000113324
35297: 0.000113321
35298: 0.000113318
35299: 0.000113314
35300: 0.000113311
35301: 0.000113308
35302: 0.000113305
35303: 0.000113302
35304: 0.000113298
35305: 0.000113295
35306: 0.000113292
35307: 0.000113289
35308: 0.000113286
35309: 0.000113282
35310: 0.000113279
35311: 0.000113276
35312: 0.000113273
35313: 0.00011327
35314: 0.000113266
35315: 0.000113263
35316: 0.00011326
35317: 0.000113257
35318: 0.000113253
35319: 0.00011325
35320: 0.000113247
35321: 0.000113244
35322: 0.000113241
35323: 0.000113237
35324: 0.000113234
35325: 0.000113231
35326: 0.000113228
35327: 0.000113225
35328: 0.000113221
35329: 0.000113218
35330: 0.000113215
35331: 0.000113212
35332: 0.000113209
35333: 0.000113205
35334: 0.000113202
35335: 0.000113199
35336: 0.000113196
35337: 0.000113193
35338: 0.000113189
35339: 0.000113186
35340: 0.000113183
35341: 0.00011318
35342: 0.000113177
35343: 0.000113173
35344: 0.00011317
35345: 0.000113167
35346: 0.000113164
35347: 0.000113161
35348: 0.000113157
35349: 0.000113154
35350: 0.000113151
35351: 0.000113148
35352: 0.000113145
35353: 0.000113141
35354: 0.000113138
35355: 0.000113135
35356: 0.000113132
35357: 0.000113129
35358: 0.000113125
35359: 0.000113122
35360: 0.000113119
35361: 0.000113116
35362: 0.000113113
35363: 0.000113109
35364: 0.000113106
35365: 0.000113103
35366: 0.0001131
35367: 0.000113097
35368: 0.000113093
35369: 0.00011309
35370: 0.000113087
35371: 0.000113084
35372: 0.000113081
35373: 0.000113077
35374: 0.000113074
35375: 0.000113071
35376: 0.000113068
35377: 0.000113065
35378: 0.000113061
35379: 0.000113058
35380: 0.000113055
35381: 0.000113052
35382: 0.000113049
35383: 0.000113045
35384: 0.000113042
35385: 0.000113039
35386: 0.000113036
35387: 0.000113033
35388: 0.000113029
35389: 0.000113026
35390: 0.000113023
35391: 0.00011302
35392: 0.000113017
35393: 0.000113014
35394: 0.00011301
35395: 0.000113007
35396: 0.000113004
35397: 0.000113001
35398: 0.000112998
35399: 0.000112994
35400: 0.000112991
35401: 0.000112988
35402: 0.000112985
35403: 0.000112982
35404: 0.000112978
35405: 0.000112975
35406: 0.000112972
35407: 0.000112969
35408: 0.000112966
35409: 0.000112962
35410: 0.000112959
35411: 0.000112956
35412: 0.000112953
35413: 0.00011295
35414: 0.000112946
35415: 0.000112943
35416: 0.00011294
35417: 0.000112937
35418: 0.000112934
35419: 0.000112931
35420: 0.000112927
35421: 0.000112924
35422: 0.000112921
35423: 0.000112918
35424: 0.000112915
35425: 0.000112911
35426: 0.000112908
35427: 0.000112905
35428: 0.000112902
35429: 0.000112899
35430: 0.000112895
35431: 0.000112892
35432: 0.000112889
35433: 0.000112886
35434: 0.000112883
35435: 0.00011288
35436: 0.000112876
35437: 0.000112873
35438: 0.00011287
35439: 0.000112867
35440: 0.000112864
35441: 0.00011286
35442: 0.000112857
35443: 0.000112854
35444: 0.000112851
35445: 0.000112848
35446: 0.000112845
35447: 0.000112841
35448: 0.000112838
35449: 0.000112835
35450: 0.000112832
35451: 0.000112829
35452: 0.000112825
35453: 0.000112822
35454: 0.000112819
35455: 0.000112816
35456: 0.000112813
35457: 0.00011281
35458: 0.000112806
35459: 0.000112803
35460: 0.0001128
35461: 0.000112797
35462: 0.000112794
35463: 0.00011279
35464: 0.000112787
35465: 0.000112784
35466: 0.000112781
35467: 0.000112778
35468: 0.000112775
35469: 0.000112771
35470: 0.000112768
35471: 0.000112765
35472: 0.000112762
35473: 0.000112759
35474: 0.000112755
35475: 0.000112752
35476: 0.000112749
35477: 0.000112746
35478: 0.000112743
35479: 0.00011274
35480: 0.000112736
35481: 0.000112733
35482: 0.00011273
35483: 0.000112727
35484: 0.000112724
35485: 0.000112721
35486: 0.000112717
35487: 0.000112714
35488: 0.000112711
35489: 0.000112708
35490: 0.000112705
35491: 0.000112701
35492: 0.000112698
35493: 0.000112695
35494: 0.000112692
35495: 0.000112689
35496: 0.000112686
35497: 0.000112682
35498: 0.000112679
35499: 0.000112676
35500: 0.000112673
35501: 0.00011267
35502: 0.000112667
35503: 0.000112663
35504: 0.00011266
35505: 0.000112657
35506: 0.000112654
35507: 0.000112651
35508: 0.000112647
35509: 0.000112644
35510: 0.000112641
35511: 0.000112638
35512: 0.000112635
35513: 0.000112632
35514: 0.000112628
35515: 0.000112625
35516: 0.000112622
35517: 0.000112619
35518: 0.000112616
35519: 0.000112613
35520: 0.000112609
35521: 0.000112606
35522: 0.000112603
35523: 0.0001126
35524: 0.000112597
35525: 0.000112594
35526: 0.00011259
35527: 0.000112587
35528: 0.000112584
35529: 0.000112581
35530: 0.000112578
35531: 0.000112575
35532: 0.000112571
35533: 0.000112568
35534: 0.000112565
35535: 0.000112562
35536: 0.000112559
35537: 0.000112556
35538: 0.000112552
35539: 0.000112549
35540: 0.000112546
35541: 0.000112543
35542: 0.00011254
35543: 0.000112537
35544: 0.000112533
35545: 0.00011253
35546: 0.000112527
35547: 0.000112524
35548: 0.000112521
35549: 0.000112518
35550: 0.000112514
35551: 0.000112511
35552: 0.000112508
35553: 0.000112505
35554: 0.000112502
35555: 0.000112499
35556: 0.000112495
35557: 0.000112492
35558: 0.000112489
35559: 0.000112486
35560: 0.000112483
35561: 0.00011248
35562: 0.000112476
35563: 0.000112473
35564: 0.00011247
35565: 0.000112467
35566: 0.000112464
35567: 0.000112461
35568: 0.000112457
35569: 0.000112454
35570: 0.000112451
35571: 0.000112448
35572: 0.000112445
35573: 0.000112442
35574: 0.000112439
35575: 0.000112435
35576: 0.000112432
35577: 0.000112429
35578: 0.000112426
35579: 0.000112423
35580: 0.00011242
35581: 0.000112416
35582: 0.000112413
35583: 0.00011241
35584: 0.000112407
35585: 0.000112404
35586: 0.000112401
35587: 0.000112397
35588: 0.000112394
35589: 0.000112391
35590: 0.000112388
35591: 0.000112385
35592: 0.000112382
35593: 0.000112378
35594: 0.000112375
35595: 0.000112372
35596: 0.000112369
35597: 0.000112366
35598: 0.000112363
35599: 0.00011236
35600: 0.000112356
35601: 0.000112353
35602: 0.00011235
35603: 0.000112347
35604: 0.000112344
35605: 0.000112341
35606: 0.000112337
35607: 0.000112334
35608: 0.000112331
35609: 0.000112328
35610: 0.000112325
35611: 0.000112322
35612: 0.000112319
35613: 0.000112315
35614: 0.000112312
35615: 0.000112309
35616: 0.000112306
35617: 0.000112303
35618: 0.0001123
35619: 0.000112296
35620: 0.000112293
35621: 0.00011229
35622: 0.000112287
35623: 0.000112284
35624: 0.000112281
35625: 0.000112278
35626: 0.000112274
35627: 0.000112271
35628: 0.000112268
35629: 0.000112265
35630: 0.000112262
35631: 0.000112259
35632: 0.000112255
35633: 0.000112252
35634: 0.000112249
35635: 0.000112246
35636: 0.000112243
35637: 0.00011224
35638: 0.000112237
35639: 0.000112233
35640: 0.00011223
35641: 0.000112227
35642: 0.000112224
35643: 0.000112221
35644: 0.000112218
35645: 0.000112215
35646: 0.000112211
35647: 0.000112208
35648: 0.000112205
35649: 0.000112202
35650: 0.000112199
35651: 0.000112196
35652: 0.000112193
35653: 0.000112189
35654: 0.000112186
35655: 0.000112183
35656: 0.00011218
35657: 0.000112177
35658: 0.000112174
35659: 0.00011217
35660: 0.000112167
35661: 0.000112164
35662: 0.000112161
35663: 0.000112158
35664: 0.000112155
35665: 0.000112152
35666: 0.000112148
35667: 0.000112145
35668: 0.000112142
35669: 0.000112139
35670: 0.000112136
35671: 0.000112133
35672: 0.00011213
35673: 0.000112126
35674: 0.000112123
35675: 0.00011212
35676: 0.000112117
35677: 0.000112114
35678: 0.000112111
35679: 0.000112108
35680: 0.000112104
35681: 0.000112101
35682: 0.000112098
35683: 0.000112095
35684: 0.000112092
35685: 0.000112089
35686: 0.000112086
35687: 0.000112082
35688: 0.000112079
35689: 0.000112076
35690: 0.000112073
35691: 0.00011207
35692: 0.000112067
35693: 0.000112064
35694: 0.000112061
35695: 0.000112057
35696: 0.000112054
35697: 0.000112051
35698: 0.000112048
35699: 0.000112045
35700: 0.000112042
35701: 0.000112039
35702: 0.000112035
35703: 0.000112032
35704: 0.000112029
35705: 0.000112026
35706: 0.000112023
35707: 0.00011202
35708: 0.000112017
35709: 0.000112013
35710: 0.00011201
35711: 0.000112007
35712: 0.000112004
35713: 0.000112001
35714: 0.000111998
35715: 0.000111995
35716: 0.000111991
35717: 0.000111988
35718: 0.000111985
35719: 0.000111982
35720: 0.000111979
35721: 0.000111976
35722: 0.000111973
35723: 0.00011197
35724: 0.000111966
35725: 0.000111963
35726: 0.00011196
35727: 0.000111957
35728: 0.000111954
35729: 0.000111951
35730: 0.000111948
35731: 0.000111944
35732: 0.000111941
35733: 0.000111938
35734: 0.000111935
35735: 0.000111932
35736: 0.000111929
35737: 0.000111926
35738: 0.000111923
35739: 0.000111919
35740: 0.000111916
35741: 0.000111913
35742: 0.00011191
35743: 0.000111907
35744: 0.000111904
35745: 0.000111901
35746: 0.000111898
35747: 0.000111894
35748: 0.000111891
35749: 0.000111888
35750: 0.000111885
35751: 0.000111882
35752: 0.000111879
35753: 0.000111876
35754: 0.000111872
35755: 0.000111869
35756: 0.000111866
35757: 0.000111863
35758: 0.00011186
35759: 0.000111857
35760: 0.000111854
35761: 0.000111851
35762: 0.000111847
35763: 0.000111844
35764: 0.000111841
35765: 0.000111838
35766: 0.000111835
35767: 0.000111832
35768: 0.000111829
35769: 0.000111826
35770: 0.000111822
35771: 0.000111819
35772: 0.000111816
35773: 0.000111813
35774: 0.00011181
35775: 0.000111807
35776: 0.000111804
35777: 0.000111801
35778: 0.000111797
35779: 0.000111794
35780: 0.000111791
35781: 0.000111788
35782: 0.000111785
35783: 0.000111782
35784: 0.000111779
35785: 0.000111776
35786: 0.000111772
35787: 0.000111769
35788: 0.000111766
35789: 0.000111763
35790: 0.00011176
35791: 0.000111757
35792: 0.000111754
35793: 0.000111751
35794: 0.000111747
35795: 0.000111744
35796: 0.000111741
35797: 0.000111738
35798: 0.000111735
35799: 0.000111732
35800: 0.000111729
35801: 0.000111726
35802: 0.000111722
35803: 0.000111719
35804: 0.000111716
35805: 0.000111713
35806: 0.00011171
35807: 0.000111707
35808: 0.000111704
35809: 0.000111701
35810: 0.000111698
35811: 0.000111694
35812: 0.000111691
35813: 0.000111688
35814: 0.000111685
35815: 0.000111682
35816: 0.000111679
35817: 0.000111676
35818: 0.000111673
35819: 0.000111669
35820: 0.000111666
35821: 0.000111663
35822: 0.00011166
35823: 0.000111657
35824: 0.000111654
35825: 0.000111651
35826: 0.000111648
35827: 0.000111645
35828: 0.000111641
35829: 0.000111638
35830: 0.000111635
35831: 0.000111632
35832: 0.000111629
35833: 0.000111626
35834: 0.000111623
35835: 0.00011162
35836: 0.000111616
35837: 0.000111613
35838: 0.00011161
35839: 0.000111607
35840: 0.000111604
35841: 0.000111601
35842: 0.000111598
35843: 0.000111595
35844: 0.000111592
35845: 0.000111588
35846: 0.000111585
35847: 0.000111582
35848: 0.000111579
35849: 0.000111576
35850: 0.000111573
35851: 0.00011157
35852: 0.000111567
35853: 0.000111564
35854: 0.00011156
35855: 0.000111557
35856: 0.000111554
35857: 0.000111551
35858: 0.000111548
35859: 0.000111545
35860: 0.000111542
35861: 0.000111539
35862: 0.000111536
35863: 0.000111532
35864: 0.000111529
35865: 0.000111526
35866: 0.000111523
35867: 0.00011152
35868: 0.000111517
35869: 0.000111514
35870: 0.000111511
35871: 0.000111508
35872: 0.000111504
35873: 0.000111501
35874: 0.000111498
35875: 0.000111495
35876: 0.000111492
35877: 0.000111489
35878: 0.000111486
35879: 0.000111483
35880: 0.00011148
35881: 0.000111477
35882: 0.000111473
35883: 0.00011147
35884: 0.000111467
35885: 0.000111464
35886: 0.000111461
35887: 0.000111458
35888: 0.000111455
35889: 0.000111452
35890: 0.000111449
35891: 0.000111445
35892: 0.000111442
35893: 0.000111439
35894: 0.000111436
35895: 0.000111433
35896: 0.00011143
35897: 0.000111427
35898: 0.000111424
35899: 0.000111421
35900: 0.000111418
35901: 0.000111414
35902: 0.000111411
35903: 0.000111408
35904: 0.000111405
35905: 0.000111402
35906: 0.000111399
35907: 0.000111396
35908: 0.000111393
35909: 0.00011139
35910: 0.000111386
35911: 0.000111383
35912: 0.00011138
35913: 0.000111377
35914: 0.000111374
35915: 0.000111371
35916: 0.000111368
35917: 0.000111365
35918: 0.000111362
35919: 0.000111359
35920: 0.000111355
35921: 0.000111352
35922: 0.000111349
35923: 0.000111346
35924: 0.000111343
35925: 0.00011134
35926: 0.000111337
35927: 0.000111334
35928: 0.000111331
35929: 0.000111328
35930: 0.000111324
35931: 0.000111321
35932: 0.000111318
35933: 0.000111315
35934: 0.000111312
35935: 0.000111309
35936: 0.000111306
35937: 0.000111303
35938: 0.0001113
35939: 0.000111297
35940: 0.000111294
35941: 0.00011129
35942: 0.000111287
35943: 0.000111284
35944: 0.000111281
35945: 0.000111278
35946: 0.000111275
35947: 0.000111272
35948: 0.000111269
35949: 0.000111266
35950: 0.000111263
35951: 0.000111259
35952: 0.000111256
35953: 0.000111253
35954: 0.00011125
35955: 0.000111247
35956: 0.000111244
35957: 0.000111241
35958: 0.000111238
35959: 0.000111235
35960: 0.000111232
35961: 0.000111229
35962: 0.000111225
35963: 0.000111222
35964: 0.000111219
35965: 0.000111216
35966: 0.000111213
35967: 0.00011121
35968: 0.000111207
35969: 0.000111204
35970: 0.000111201
35971: 0.000111198
35972: 0.000111195
35973: 0.000111191
35974: 0.000111188
35975: 0.000111185
35976: 0.000111182
35977: 0.000111179
35978: 0.000111176
35979: 0.000111173
35980: 0.00011117
35981: 0.000111167
35982: 0.000111164
35983: 0.000111161
35984: 0.000111157
35985: 0.000111154
35986: 0.000111151
35987: 0.000111148
35988: 0.000111145
35989: 0.000111142
35990: 0.000111139
35991: 0.000111136
35992: 0.000111133
35993: 0.00011113
35994: 0.000111127
35995: 0.000111123
35996: 0.00011112
35997: 0.000111117
35998: 0.000111114
35999: 0.000111111
36000: 0.000111108
36001: 0.000111105
36002: 0.000111102
36003: 0.000111099
36004: 0.000111096
36005: 0.000111093
36006: 0.00011109
36007: 0.000111086
36008: 0.000111083
36009: 0.00011108
36010: 0.000111077
36011: 0.000111074
36012: 0.000111071
36013: 0.000111068
36014: 0.000111065
36015: 0.000111062
36016: 0.000111059
36017: 0.000111056
36018: 0.000111053
36019: 0.000111049
36020: 0.000111046
36021: 0.000111043
36022: 0.00011104
36023: 0.000111037
36024: 0.000111034
36025: 0.000111031
36026: 0.000111028
36027: 0.000111025
36028: 0.000111022
36029: 0.000111019
36030: 0.000111016
36031: 0.000111012
36032: 0.000111009
36033: 0.000111006
36034: 0.000111003
36035: 0.000111
36036: 0.000110997
36037: 0.000110994
36038: 0.000110991
36039: 0.000110988
36040: 0.000110985
36041: 0.000110982
36042: 0.000110979
36043: 0.000110975
36044: 0.000110972
36045: 0.000110969
36046: 0.000110966
36047: 0.000110963
36048: 0.00011096
36049: 0.000110957
36050: 0.000110954
36051: 0.000110951
36052: 0.000110948
36053: 0.000110945
36054: 0.000110942
36055: 0.000110939
36056: 0.000110935
36057: 0.000110932
36058: 0.000110929
36059: 0.000110926
36060: 0.000110923
36061: 0.00011092
36062: 0.000110917
36063: 0.000110914
36064: 0.000110911
36065: 0.000110908
36066: 0.000110905
36067: 0.000110902
36068: 0.000110899
36069: 0.000110895
36070: 0.000110892
36071: 0.000110889
36072: 0.000110886
36073: 0.000110883
36074: 0.00011088
36075: 0.000110877
36076: 0.000110874
36077: 0.000110871
36078: 0.000110868
36079: 0.000110865
36080: 0.000110862
36081: 0.000110859
36082: 0.000110856
36083: 0.000110852
36084: 0.000110849
36085: 0.000110846
36086: 0.000110843
36087: 0.00011084
36088: 0.000110837
36089: 0.000110834
36090: 0.000110831
36091: 0.000110828
36092: 0.000110825
36093: 0.000110822
36094: 0.000110819
36095: 0.000110816
36096: 0.000110813
36097: 0.000110809
36098: 0.000110806
36099: 0.000110803
36100: 0.0001108
36101: 0.000110797
36102: 0.000110794
36103: 0.000110791
36104: 0.000110788
36105: 0.000110785
36106: 0.000110782
36107: 0.000110779
36108: 0.000110776
36109: 0.000110773
36110: 0.00011077
36111: 0.000110767
36112: 0.000110763
36113: 0.00011076
36114: 0.000110757
36115: 0.000110754
36116: 0.000110751
36117: 0.000110748
36118: 0.000110745
36119: 0.000110742
36120: 0.000110739
36121: 0.000110736
36122: 0.000110733
36123: 0.00011073
36124: 0.000110727
36125: 0.000110724
36126: 0.000110721
36127: 0.000110717
36128: 0.000110714
36129: 0.000110711
36130: 0.000110708
36131: 0.000110705
36132: 0.000110702
36133: 0.000110699
36134: 0.000110696
36135: 0.000110693
36136: 0.00011069
36137: 0.000110687
36138: 0.000110684
36139: 0.000110681
36140: 0.000110678
36141: 0.000110675
36142: 0.000110671
36143: 0.000110668
36144: 0.000110665
36145: 0.000110662
36146: 0.000110659
36147: 0.000110656
36148: 0.000110653
36149: 0.00011065
36150: 0.000110647
36151: 0.000110644
36152: 0.000110641
36153: 0.000110638
36154: 0.000110635
36155: 0.000110632
36156: 0.000110629
36157: 0.000110626
36158: 0.000110623
36159: 0.000110619
36160: 0.000110616
36161: 0.000110613
36162: 0.00011061
36163: 0.000110607
36164: 0.000110604
36165: 0.000110601
36166: 0.000110598
36167: 0.000110595
36168: 0.000110592
36169: 0.000110589
36170: 0.000110586
36171: 0.000110583
36172: 0.00011058
36173: 0.000110577
36174: 0.000110574
36175: 0.000110571
36176: 0.000110567
36177: 0.000110564
36178: 0.000110561
36179: 0.000110558
36180: 0.000110555
36181: 0.000110552
36182: 0.000110549
36183: 0.000110546
36184: 0.000110543
36185: 0.00011054
36186: 0.000110537
36187: 0.000110534
36188: 0.000110531
36189: 0.000110528
36190: 0.000110525
36191: 0.000110522
36192: 0.000110519
36193: 0.000110516
36194: 0.000110513
36195: 0.000110509
36196: 0.000110506
36197: 0.000110503
36198: 0.0001105
36199: 0.000110497
36200: 0.000110494
36201: 0.000110491
36202: 0.000110488
36203: 0.000110485
36204: 0.000110482
36205: 0.000110479
36206: 0.000110476
36207: 0.000110473
36208: 0.00011047
36209: 0.000110467
36210: 0.000110464
36211: 0.000110461
36212: 0.000110458
36213: 0.000110455
36214: 0.000110451
36215: 0.000110448
36216: 0.000110445
36217: 0.000110442
36218: 0.000110439
36219: 0.000110436
36220: 0.000110433
36221: 0.00011043
36222: 0.000110427
36223: 0.000110424
36224: 0.000110421
36225: 0.000110418
36226: 0.000110415
36227: 0.000110412
36228: 0.000110409
36229: 0.000110406
36230: 0.000110403
36231: 0.0001104
36232: 0.000110397
36233: 0.000110394
36234: 0.000110391
36235: 0.000110387
36236: 0.000110384
36237: 0.000110381
36238: 0.000110378
36239: 0.000110375
36240: 0.000110372
36241: 0.000110369
36242: 0.000110366
36243: 0.000110363
36244: 0.00011036
36245: 0.000110357
36246: 0.000110354
36247: 0.000110351
36248: 0.000110348
36249: 0.000110345
36250: 0.000110342
36251: 0.000110339
36252: 0.000110336
36253: 0.000110333
36254: 0.00011033
36255: 0.000110327
36256: 0.000110324
36257: 0.00011032
36258: 0.000110317
36259: 0.000110314
36260: 0.000110311
36261: 0.000110308
36262: 0.000110305
36263: 0.000110302
36264: 0.000110299
36265: 0.000110296
36266: 0.000110293
36267: 0.00011029
36268: 0.000110287
36269: 0.000110284
36270: 0.000110281
36271: 0.000110278
36272: 0.000110275
36273: 0.000110272
36274: 0.000110269
36275: 0.000110266
36276: 0.000110263
36277: 0.00011026
36278: 0.000110257
36279: 0.000110254
36280: 0.000110251
36281: 0.000110248
36282: 0.000110244
36283: 0.000110241
36284: 0.000110238
36285: 0.000110235
36286: 0.000110232
36287: 0.000110229
36288: 0.000110226
36289: 0.000110223
36290: 0.00011022
36291: 0.000110217
36292: 0.000110214
36293: 0.000110211
36294: 0.000110208
36295: 0.000110205
36296: 0.000110202
36297: 0.000110199
36298: 0.000110196
36299: 0.000110193
36300: 0.00011019
36301: 0.000110187
36302: 0.000110184
36303: 0.000110181
36304: 0.000110178
36305: 0.000110175
36306: 0.000110172
36307: 0.000110169
36308: 0.000110166
36309: 0.000110162
36310: 0.000110159
36311: 0.000110156
36312: 0.000110153
36313: 0.00011015
36314: 0.000110147
36315: 0.000110144
36316: 0.000110141
36317: 0.000110138
36318: 0.000110135
36319: 0.000110132
36320: 0.000110129
36321: 0.000110126
36322: 0.000110123
36323: 0.00011012
36324: 0.000110117
36325: 0.000110114
36326: 0.000110111
36327: 0.000110108
36328: 0.000110105
36329: 0.000110102
36330: 0.000110099
36331: 0.000110096
36332: 0.000110093
36333: 0.00011009
36334: 0.000110087
36335: 0.000110084
36336: 0.000110081
36337: 0.000110078
36338: 0.000110075
36339: 0.000110072
36340: 0.000110069
36341: 0.000110065
36342: 0.000110062
36343: 0.000110059
36344: 0.000110056
36345: 0.000110053
36346: 0.00011005
36347: 0.000110047
36348: 0.000110044
36349: 0.000110041
36350: 0.000110038
36351: 0.000110035
36352: 0.000110032
36353: 0.000110029
36354: 0.000110026
36355: 0.000110023
36356: 0.00011002
36357: 0.000110017
36358: 0.000110014
36359: 0.000110011
36360: 0.000110008
36361: 0.000110005
36362: 0.000110002
36363: 0.000109999
36364: 0.000109996
36365: 0.000109993
36366: 0.00010999
36367: 0.000109987
36368: 0.000109984
36369: 0.000109981
36370: 0.000109978
36371: 0.000109975
36372: 0.000109972
36373: 0.000109969
36374: 0.000109966
36375: 0.000109963
36376: 0.00010996
36377: 0.000109957
36378: 0.000109954
36379: 0.000109951
36380: 0.000109948
36381: 0.000109944
36382: 0.000109941
36383: 0.000109938
36384: 0.000109935
36385: 0.000109932
36386: 0.000109929
36387: 0.000109926
36388: 0.000109923
36389: 0.00010992
36390: 0.000109917
36391: 0.000109914
36392: 0.000109911
36393: 0.000109908
36394: 0.000109905
36395: 0.000109902
36396: 0.000109899
36397: 0.000109896
36398: 0.000109893
36399: 0.00010989
36400: 0.000109887
36401: 0.000109884
36402: 0.000109881
36403: 0.000109878
36404: 0.000109875
36405: 0.000109872
36406: 0.000109869
36407: 0.000109866
36408: 0.000109863
36409: 0.00010986
36410: 0.000109857
36411: 0.000109854
36412: 0.000109851
36413: 0.000109848
36414: 0.000109845
36415: 0.000109842
36416: 0.000109839
36417: 0.000109836
36418: 0.000109833
36419: 0.00010983
36420: 0.000109827
36421: 0.000109824
36422: 0.000109821
36423: 0.000109818
36424: 0.000109815
36425: 0.000109812
36426: 0.000109809
36427: 0.000109806
36428: 0.000109803
36429: 0.0001098
36430: 0.000109797
36431: 0.000109794
36432: 0.000109791
36433: 0.000109788
36434: 0.000109785
36435: 0.000109782
36436: 0.000109779
36437: 0.000109776
36438: 0.000109772
36439: 0.000109769
36440: 0.000109766
36441: 0.000109763
36442: 0.00010976
36443: 0.000109757
36444: 0.000109754
36445: 0.000109751
36446: 0.000109748
36447: 0.000109745
36448: 0.000109742
36449: 0.000109739
36450: 0.000109736
36451: 0.000109733
36452: 0.00010973
36453: 0.000109727
36454: 0.000109724
36455: 0.000109721
36456: 0.000109718
36457: 0.000109715
36458: 0.000109712
36459: 0.000109709
36460: 0.000109706
36461: 0.000109703
36462: 0.0001097
36463: 0.000109697
36464: 0.000109694
36465: 0.000109691
36466: 0.000109688
36467: 0.000109685
36468: 0.000109682
36469: 0.000109679
36470: 0.000109676
36471: 0.000109673
36472: 0.00010967
36473: 0.000109667
36474: 0.000109664
36475: 0.000109661
36476: 0.000109658
36477: 0.000109655
36478: 0.000109652
36479: 0.000109649
36480: 0.000109646
36481: 0.000109643
36482: 0.00010964
36483: 0.000109637
36484: 0.000109634
36485: 0.000109631
36486: 0.000109628
36487: 0.000109625
36488: 0.000109622
36489: 0.000109619
36490: 0.000109616
36491: 0.000109613
36492: 0.00010961
36493: 0.000109607
36494: 0.000109604
36495: 0.000109601
36496: 0.000109598
36497: 0.000109595
36498: 0.000109592
36499: 0.000109589
36500: 0.000109586
36501: 0.000109583
36502: 0.00010958
36503: 0.000109577
36504: 0.000109574
36505: 0.000109571
36506: 0.000109568
36507: 0.000109565
36508: 0.000109562
36509: 0.000109559
36510: 0.000109556
36511: 0.000109553
36512: 0.00010955
36513: 0.000109547
36514: 0.000109544
36515: 0.000109541
36516: 0.000109538
36517: 0.000109535
36518: 0.000109532
36519: 0.000109529
36520: 0.000109526
36521: 0.000109523
36522: 0.00010952
36523: 0.000109517
36524: 0.000109514
36525: 0.000109511
36526: 0.000109508
36527: 0.000109505
36528: 0.000109502
36529: 0.000109499
36530: 0.000109496
36531: 0.000109493
36532: 0.00010949
36533: 0.000109487
36534: 0.000109484
36535: 0.000109481
36536: 0.000109478
36537: 0.000109475
36538: 0.000109472
36539: 0.000109469
36540: 0.000109466
36541: 0.000109463
36542: 0.00010946
36543: 0.000109457
36544: 0.000109454
36545: 0.000109451
36546: 0.000109448
36547: 0.000109445
36548: 0.000109442
36549: 0.000109439
36550: 0.000109436
36551: 0.000109433
36552: 0.00010943
36553: 0.000109427
36554: 0.000109424
36555: 0.000109421
36556: 0.000109418
36557: 0.000109415
36558: 0.000109412
36559: 0.000109409
36560: 0.000109406
36561: 0.000109403
36562: 0.0001094
36563: 0.000109397
36564: 0.000109394
36565: 0.000109391
36566: 0.000109388
36567: 0.000109385
36568: 0.000109382
36569: 0.000109379
36570: 0.000109376
36571: 0.000109373
36572: 0.00010937
36573: 0.000109367
36574: 0.000109364
36575: 0.000109361
36576: 0.000109358
36577: 0.000109355
36578: 0.000109352
36579: 0.000109349
36580: 0.000109346
36581: 0.000109343
36582: 0.00010934
36583: 0.000109337
36584: 0.000109334
36585: 0.000109331
36586: 0.000109328
36587: 0.000109325
36588: 0.000109322
36589: 0.000109319
36590: 0.000109316
36591: 0.000109314
36592: 0.000109311
36593: 0.000109308
36594: 0.000109305
36595: 0.000109302
36596: 0.000109299
36597: 0.000109296
36598: 0.000109293
36599: 0.00010929
36600: 0.000109287
36601: 0.000109284
36602: 0.000109281
36603: 0.000109278
36604: 0.000109275
36605: 0.000109272
36606: 0.000109269
36607: 0.000109266
36608: 0.000109263
36609: 0.00010926
36610: 0.000109257
36611: 0.000109254
36612: 0.000109251
36613: 0.000109248
36614: 0.000109245
36615: 0.000109242
36616: 0.000109239
36617: 0.000109236
36618: 0.000109233
36619: 0.00010923
36620: 0.000109227
36621: 0.000109224
36622: 0.000109221
36623: 0.000109218
36624: 0.000109215
36625: 0.000109212
36626: 0.000109209
36627: 0.000109206
36628: 0.000109203
36629: 0.0001092
36630: 0.000109197
36631: 0.000109194
36632: 0.000109191
36633: 0.000109188
36634: 0.000109185
36635: 0.000109182
36636: 0.000109179
36637: 0.000109176
36638: 0.000109173
36639: 0.00010917
36640: 0.000109167
36641: 0.000109164
36642: 0.000109161
36643: 0.000109158
36644: 0.000109155
36645: 0.000109152
36646: 0.000109149
36647: 0.000109146
36648: 0.000109143
36649: 0.000109141
36650: 0.000109138
36651: 0.000109135
36652: 0.000109132
36653: 0.000109129
36654: 0.000109126
36655: 0.000109123
36656: 0.00010912
36657: 0.000109117
36658: 0.000109114
36659: 0.000109111
36660: 0.000109108
36661: 0.000109105
36662: 0.000109102
36663: 0.000109099
36664: 0.000109096
36665: 0.000109093
36666: 0.00010909
36667: 0.000109087
36668: 0.000109084
36669: 0.000109081
36670: 0.000109078
36671: 0.000109075
36672: 0.000109072
36673: 0.000109069
36674: 0.000109066
36675: 0.000109063
36676: 0.00010906
36677: 0.000109057
36678: 0.000109054
36679: 0.000109051
36680: 0.000109048
36681: 0.000109045
36682: 0.000109042
36683: 0.000109039
36684: 0.000109036
36685: 0.000109033
36686: 0.00010903
36687: 0.000109027
36688: 0.000109025
36689: 0.000109022
36690: 0.000109019
36691: 0.000109016
36692: 0.000109013
36693: 0.00010901
36694: 0.000109007
36695: 0.000109004
36696: 0.000109001
36697: 0.000108998
36698: 0.000108995
36699: 0.000108992
36700: 0.000108989
36701: 0.000108986
36702: 0.000108983
36703: 0.00010898
36704: 0.000108977
36705: 0.000108974
36706: 0.000108971
36707: 0.000108968
36708: 0.000108965
36709: 0.000108962
36710: 0.000108959
36711: 0.000108956
36712: 0.000108953
36713: 0.00010895
36714: 0.000108947
36715: 0.000108944
36716: 0.000108941
36717: 0.000108938
36718: 0.000108935
36719: 0.000108932
36720: 0.000108929
36721: 0.000108927
36722: 0.000108924
36723: 0.000108921
36724: 0.000108918
36725: 0.000108915
36726: 0.000108912
36727: 0.000108909
36728: 0.000108906
36729: 0.000108903
36730: 0.0001089
36731: 0.000108897
36732: 0.000108894
36733: 0.000108891
36734: 0.000108888
36735: 0.000108885
36736: 0.000108882
36737: 0.000108879
36738: 0.000108876
36739: 0.000108873
36740: 0.00010887
36741: 0.000108867
36742: 0.000108864
36743: 0.000108861
36744: 0.000108858
36745: 0.000108855
36746: 0.000108852
36747: 0.000108849
36748: 0.000108846
36749: 0.000108844
36750: 0.000108841
36751: 0.000108838
36752: 0.000108835
36753: 0.000108832
36754: 0.000108829
36755: 0.000108826
36756: 0.000108823
36757: 0.00010882
36758: 0.000108817
36759: 0.000108814
36760: 0.000108811
36761: 0.000108808
36762: 0.000108805
36763: 0.000108802
36764: 0.000108799
36765: 0.000108796
36766: 0.000108793
36767: 0.00010879
36768: 0.000108787
36769: 0.000108784
36770: 0.000108781
36771: 0.000108778
36772: 0.000108775
36773: 0.000108773
36774: 0.00010877
36775: 0.000108767
36776: 0.000108764
36777: 0.000108761
36778: 0.000108758
36779: 0.000108755
36780: 0.000108752
36781: 0.000108749
36782: 0.000108746
36783: 0.000108743
36784: 0.00010874
36785: 0.000108737
36786: 0.000108734
36787: 0.000108731
36788: 0.000108728
36789: 0.000108725
36790: 0.000108722
36791: 0.000108719
36792: 0.000108716
36793: 0.000108713
36794: 0.00010871
36795: 0.000108707
36796: 0.000108705
36797: 0.000108702
36798: 0.000108699
36799: 0.000108696
36800: 0.000108693
36801: 0.00010869
36802: 0.000108687
36803: 0.000108684
36804: 0.000108681
36805: 0.000108678
36806: 0.000108675
36807: 0.000108672
36808: 0.000108669
36809: 0.000108666
36810: 0.000108663
36811: 0.00010866
36812: 0.000108657
36813: 0.000108654
36814: 0.000108651
36815: 0.000108648
36816: 0.000108645
36817: 0.000108643
36818: 0.00010864
36819: 0.000108637
36820: 0.000108634
36821: 0.000108631
36822: 0.000108628
36823: 0.000108625
36824: 0.000108622
36825: 0.000108619
36826: 0.000108616
36827: 0.000108613
36828: 0.00010861
36829: 0.000108607
36830: 0.000108604
36831: 0.000108601
36832: 0.000108598
36833: 0.000108595
36834: 0.000108592
36835: 0.000108589
36836: 0.000108586
36837: 0.000108584
36838: 0.000108581
36839: 0.000108578
36840: 0.000108575
36841: 0.000108572
36842: 0.000108569
36843: 0.000108566
36844: 0.000108563
36845: 0.00010856
36846: 0.000108557
36847: 0.000108554
36848: 0.000108551
36849: 0.000108548
36850: 0.000108545
36851: 0.000108542
36852: 0.000108539
36853: 0.000108536
36854: 0.000108533
36855: 0.00010853
36856: 0.000108528
36857: 0.000108525
36858: 0.000108522
36859: 0.000108519
36860: 0.000108516
36861: 0.000108513
36862: 0.00010851
36863: 0.000108507
36864: 0.000108504
36865: 0.000108501
36866: 0.000108498
36867: 0.000108495
36868: 0.000108492
36869: 0.000108489
36870: 0.000108486
36871: 0.000108483
36872: 0.00010848
36873: 0.000108478
36874: 0.000108475
36875: 0.000108472
36876: 0.000108469
36877: 0.000108466
36878: 0.000108463
36879: 0.00010846
36880: 0.000108457
36881: 0.000108454
36882: 0.000108451
36883: 0.000108448
36884: 0.000108445
36885: 0.000108442
36886: 0.000108439
36887: 0.000108436
36888: 0.000108433
36889: 0.00010843
36890: 0.000108428
36891: 0.000108425
36892: 0.000108422
36893: 0.000108419
36894: 0.000108416
36895: 0.000108413
36896: 0.00010841
36897: 0.000108407
36898: 0.000108404
36899: 0.000108401
36900: 0.000108398
36901: 0.000108395
36902: 0.000108392
36903: 0.000108389
36904: 0.000108386
36905: 0.000108383
36906: 0.000108381
36907: 0.000108378
36908: 0.000108375
36909: 0.000108372
36910: 0.000108369
36911: 0.000108366
36912: 0.000108363
36913: 0.00010836
36914: 0.000108357
36915: 0.000108354
36916: 0.000108351
36917: 0.000108348
36918: 0.000108345
36919: 0.000108342
36920: 0.000108339
36921: 0.000108336
36922: 0.000108334
36923: 0.000108331
36924: 0.000108328
36925: 0.000108325
36926: 0.000108322
36927: 0.000108319
36928: 0.000108316
36929: 0.000108313
36930: 0.00010831
36931: 0.000108307
36932: 0.000108304
36933: 0.000108301
36934: 0.000108298
36935: 0.000108295
36936: 0.000108292
36937: 0.00010829
36938: 0.000108287
36939: 0.000108284
36940: 0.000108281
36941: 0.000108278
36942: 0.000108275
36943: 0.000108272
36944: 0.000108269
36945: 0.000108266
36946: 0.000108263
36947: 0.00010826
36948: 0.000108257
36949: 0.000108254
36950: 0.000108251
36951: 0.000108249
36952: 0.000108246
36953: 0.000108243
36954: 0.00010824
36955: 0.000108237
36956: 0.000108234
36957: 0.000108231
36958: 0.000108228
36959: 0.000108225
36960: 0.000108222
36961: 0.000108219
36962: 0.000108216
36963: 0.000108213
36964: 0.00010821
36965: 0.000108208
36966: 0.000108205
36967: 0.000108202
36968: 0.000108199
36969: 0.000108196
36970: 0.000108193
36971: 0.00010819
36972: 0.000108187
36973: 0.000108184
36974: 0.000108181
36975: 0.000108178
36976: 0.000108175
36977: 0.000108172
36978: 0.00010817
36979: 0.000108167
36980: 0.000108164
36981: 0.000108161
36982: 0.000108158
36983: 0.000108155
36984: 0.000108152
36985: 0.000108149
36986: 0.000108146
36987: 0.000108143
36988: 0.00010814
36989: 0.000108137
36990: 0.000108134
36991: 0.000108131
36992: 0.000108129
36993: 0.000108126
36994: 0.000108123
36995: 0.00010812
36996: 0.000108117
36997: 0.000108114
36998: 0.000108111
36999: 0.000108108
37000: 0.000108105
37001: 0.000108102
37002: 0.000108099
37003: 0.000108096
37004: 0.000108094
37005: 0.000108091
37006: 0.000108088
37007: 0.000108085
37008: 0.000108082
37009: 0.000108079
37010: 0.000108076
37011: 0.000108073
37012: 0.00010807
37013: 0.000108067
37014: 0.000108064
37015: 0.000108061
37016: 0.000108058
37017: 0.000108056
37018: 0.000108053
37019: 0.00010805
37020: 0.000108047
37021: 0.000108044
37022: 0.000108041
37023: 0.000108038
37024: 0.000108035
37025: 0.000108032
37026: 0.000108029
37027: 0.000108026
37028: 0.000108023
37029: 0.000108021
37030: 0.000108018
37031: 0.000108015
37032: 0.000108012
37033: 0.000108009
37034: 0.000108006
37035: 0.000108003
37036: 0.000108
37037: 0.000107997
37038: 0.000107994
37039: 0.000107991
37040: 0.000107988
37041: 0.000107986
37042: 0.000107983
37043: 0.00010798
37044: 0.000107977
37045: 0.000107974
37046: 0.000107971
37047: 0.000107968
37048: 0.000107965
37049: 0.000107962
37050: 0.000107959
37051: 0.000107956
37052: 0.000107953
37053: 0.000107951
37054: 0.000107948
37055: 0.000107945
37056: 0.000107942
37057: 0.000107939
37058: 0.000107936
37059: 0.000107933
37060: 0.00010793
37061: 0.000107927
37062: 0.000107924
37063: 0.000107921
37064: 0.000107919
37065: 0.000107916
37066: 0.000107913
37067: 0.00010791
37068: 0.000107907
37069: 0.000107904
37070: 0.000107901
37071: 0.000107898
37072: 0.000107895
37073: 0.000107892
37074: 0.000107889
37075: 0.000107887
37076: 0.000107884
37077: 0.000107881
37078: 0.000107878
37079: 0.000107875
37080: 0.000107872
37081: 0.000107869
37082: 0.000107866
37083: 0.000107863
37084: 0.00010786
37085: 0.000107857
37086: 0.000107855
37087: 0.000107852
37088: 0.000107849
37089: 0.000107846
37090: 0.000107843
37091: 0.00010784
37092: 0.000107837
37093: 0.000107834
37094: 0.000107831
37095: 0.000107828
37096: 0.000107825
37097: 0.000107823
37098: 0.00010782
37099: 0.000107817
37100: 0.000107814
37101: 0.000107811
37102: 0.000107808
37103: 0.000107805
37104: 0.000107802
37105: 0.000107799
37106: 0.000107796
37107: 0.000107793
37108: 0.000107791
37109: 0.000107788
37110: 0.000107785
37111: 0.000107782
37112: 0.000107779
37113: 0.000107776
37114: 0.000107773
37115: 0.00010777
37116: 0.000107767
37117: 0.000107764
37118: 0.000107762
37119: 0.000107759
37120: 0.000107756
37121: 0.000107753
37122: 0.00010775
37123: 0.000107747
37124: 0.000107744
37125: 0.000107741
37126: 0.000107738
37127: 0.000107735
37128: 0.000107733
37129: 0.00010773
37130: 0.000107727
37131: 0.000107724
37132: 0.000107721
37133: 0.000107718
37134: 0.000107715
37135: 0.000107712
37136: 0.000107709
37137: 0.000107706
37138: 0.000107703
37139: 0.000107701
37140: 0.000107698
37141: 0.000107695
37142: 0.000107692
37143: 0.000107689
37144: 0.000107686
37145: 0.000107683
37146: 0.00010768
37147: 0.000107677
37148: 0.000107674
37149: 0.000107672
37150: 0.000107669
37151: 0.000107666
37152: 0.000107663
37153: 0.00010766
37154: 0.000107657
37155: 0.000107654
37156: 0.000107651
37157: 0.000107648
37158: 0.000107646
37159: 0.000107643
37160: 0.00010764
37161: 0.000107637
37162: 0.000107634
37163: 0.000107631
37164: 0.000107628
37165: 0.000107625
37166: 0.000107622
37167: 0.000107619
37168: 0.000107617
37169: 0.000107614
37170: 0.000107611
37171: 0.000107608
37172: 0.000107605
37173: 0.000107602
37174: 0.000107599
37175: 0.000107596
37176: 0.000107593
37177: 0.000107591
37178: 0.000107588
37179: 0.000107585
37180: 0.000107582
37181: 0.000107579
37182: 0.000107576
37183: 0.000107573
37184: 0.00010757
37185: 0.000107567
37186: 0.000107564
37187: 0.000107562
37188: 0.000107559
37189: 0.000107556
37190: 0.000107553
37191: 0.00010755
37192: 0.000107547
37193: 0.000107544
37194: 0.000107541
37195: 0.000107538
37196: 0.000107536
37197: 0.000107533
37198: 0.00010753
37199: 0.000107527
37200: 0.000107524
37201: 0.000107521
37202: 0.000107518
37203: 0.000107515
37204: 0.000107512
37205: 0.00010751
37206: 0.000107507
37207: 0.000107504
37208: 0.000107501
37209: 0.000107498
37210: 0.000107495
37211: 0.000107492
37212: 0.000107489
37213: 0.000107486
37214: 0.000107484
37215: 0.000107481
37216: 0.000107478
37217: 0.000107475
37218: 0.000107472
37219: 0.000107469
37220: 0.000107466
37221: 0.000107463
37222: 0.00010746
37223: 0.000107458
37224: 0.000107455
37225: 0.000107452
37226: 0.000107449
37227: 0.000107446
37228: 0.000107443
37229: 0.00010744
37230: 0.000107437
37231: 0.000107434
37232: 0.000107432
37233: 0.000107429
37234: 0.000107426
37235: 0.000107423
37236: 0.00010742
37237: 0.000107417
37238: 0.000107414
37239: 0.000107411
37240: 0.000107409
37241: 0.000107406
37242: 0.000107403
37243: 0.0001074
37244: 0.000107397
37245: 0.000107394
37246: 0.000107391
37247: 0.000107388
37248: 0.000107385
37249: 0.000107383
37250: 0.00010738
37251: 0.000107377
37252: 0.000107374
37253: 0.000107371
37254: 0.000107368
37255: 0.000107365
37256: 0.000107362
37257: 0.000107359
37258: 0.000107357
37259: 0.000107354
37260: 0.000107351
37261: 0.000107348
37262: 0.000107345
37263: 0.000107342
37264: 0.000107339
37265: 0.000107336
37266: 0.000107334
37267: 0.000107331
37268: 0.000107328
37269: 0.000107325
37270: 0.000107322
37271: 0.000107319
37272: 0.000107316
37273: 0.000107313
37274: 0.000107311
37275: 0.000107308
37276: 0.000107305
37277: 0.000107302
37278: 0.000107299
37279: 0.000107296
37280: 0.000107293
37281: 0.00010729
37282: 0.000107288
37283: 0.000107285
37284: 0.000107282
37285: 0.000107279
37286: 0.000107276
37287: 0.000107273
37288: 0.00010727
37289: 0.000107267
37290: 0.000107264
37291: 0.000107262
37292: 0.000107259
37293: 0.000107256
37294: 0.000107253
37295: 0.00010725
37296: 0.000107247
37297: 0.000107244
37298: 0.000107241
37299: 0.000107239
37300: 0.000107236
37301: 0.000107233
37302: 0.00010723
37303: 0.000107227
37304: 0.000107224
37305: 0.000107221
37306: 0.000107218
37307: 0.000107216
37308: 0.000107213
37309: 0.00010721
37310: 0.000107207
37311: 0.000107204
37312: 0.000107201
37313: 0.000107198
37314: 0.000107195
37315: 0.000107193
37316: 0.00010719
37317: 0.000107187
37318: 0.000107184
37319: 0.000107181
37320: 0.000107178
37321: 0.000107175
37322: 0.000107173
37323: 0.00010717
37324: 0.000107167
37325: 0.000107164
37326: 0.000107161
37327: 0.000107158
37328: 0.000107155
37329: 0.000107152
37330: 0.00010715
37331: 0.000107147
37332: 0.000107144
37333: 0.000107141
37334: 0.000107138
37335: 0.000107135
37336: 0.000107132
37337: 0.000107129
37338: 0.000107127
37339: 0.000107124
37340: 0.000107121
37341: 0.000107118
37342: 0.000107115
37343: 0.000107112
37344: 0.000107109
37345: 0.000107107
37346: 0.000107104
37347: 0.000107101
37348: 0.000107098
37349: 0.000107095
37350: 0.000107092
37351: 0.000107089
37352: 0.000107086
37353: 0.000107084
37354: 0.000107081
37355: 0.000107078
37356: 0.000107075
37357: 0.000107072
37358: 0.000107069
37359: 0.000107066
37360: 0.000107064
37361: 0.000107061
37362: 0.000107058
37363: 0.000107055
37364: 0.000107052
37365: 0.000107049
37366: 0.000107046
37367: 0.000107043
37368: 0.000107041
37369: 0.000107038
37370: 0.000107035
37371: 0.000107032
37372: 0.000107029
37373: 0.000107026
37374: 0.000107023
37375: 0.000107021
37376: 0.000107018
37377: 0.000107015
37378: 0.000107012
37379: 0.000107009
37380: 0.000107006
37381: 0.000107003
37382: 0.000107001
37383: 0.000106998
37384: 0.000106995
37385: 0.000106992
37386: 0.000106989
37387: 0.000106986
37388: 0.000106983
37389: 0.00010698
37390: 0.000106978
37391: 0.000106975
37392: 0.000106972
37393: 0.000106969
37394: 0.000106966
37395: 0.000106963
37396: 0.00010696
37397: 0.000106958
37398: 0.000106955
37399: 0.000106952
37400: 0.000106949
37401: 0.000106946
37402: 0.000106943
37403: 0.00010694
37404: 0.000106938
37405: 0.000106935
37406: 0.000106932
37407: 0.000106929
37408: 0.000106926
37409: 0.000106923
37410: 0.00010692
37411: 0.000106918
37412: 0.000106915
37413: 0.000106912
37414: 0.000106909
37415: 0.000106906
37416: 0.000106903
37417: 0.0001069
37418: 0.000106898
37419: 0.000106895
37420: 0.000106892
37421: 0.000106889
37422: 0.000106886
37423: 0.000106883
37424: 0.00010688
37425: 0.000106878
37426: 0.000106875
37427: 0.000106872
37428: 0.000106869
37429: 0.000106866
37430: 0.000106863
37431: 0.00010686
37432: 0.000106858
37433: 0.000106855
37434: 0.000106852
37435: 0.000106849
37436: 0.000106846
37437: 0.000106843
37438: 0.00010684
37439: 0.000106838
37440: 0.000106835
37441: 0.000106832
37442: 0.000106829
37443: 0.000106826
37444: 0.000106823
37445: 0.00010682
37446: 0.000106818
37447: 0.000106815
37448: 0.000106812
37449: 0.000106809
37450: 0.000106806
37451: 0.000106803
37452: 0.000106801
37453: 0.000106798
37454: 0.000106795
37455: 0.000106792
37456: 0.000106789
37457: 0.000106786
37458: 0.000106783
37459: 0.000106781
37460: 0.000106778
37461: 0.000106775
37462: 0.000106772
37463: 0.000106769
37464: 0.000106766
37465: 0.000106763
37466: 0.000106761
37467: 0.000106758
37468: 0.000106755
37469: 0.000106752
37470: 0.000106749
37471: 0.000106746
37472: 0.000106744
37473: 0.000106741
37474: 0.000106738
37475: 0.000106735
37476: 0.000106732
37477: 0.000106729
37478: 0.000106726
37479: 0.000106724
37480: 0.000106721
37481: 0.000106718
37482: 0.000106715
37483: 0.000106712
37484: 0.000106709
37485: 0.000106707
37486: 0.000106704
37487: 0.000106701
37488: 0.000106698
37489: 0.000106695
37490: 0.000106692
37491: 0.000106689
37492: 0.000106687
37493: 0.000106684
37494: 0.000106681
37495: 0.000106678
37496: 0.000106675
37497: 0.000106672
37498: 0.00010667
37499: 0.000106667
37500: 0.000106664
37501: 0.000106661
37502: 0.000106658
37503: 0.000106655
37504: 0.000106652
37505: 0.00010665
37506: 0.000106647
37507: 0.000106644
37508: 0.000106641
37509: 0.000106638
37510: 0.000106635
37511: 0.000106633
37512: 0.00010663
37513: 0.000106627
37514: 0.000106624
37515: 0.000106621
37516: 0.000106618
37517: 0.000106615
37518: 0.000106613
37519: 0.00010661
37520: 0.000106607
37521: 0.000106604
37522: 0.000106601
37523: 0.000106598
37524: 0.000106596
37525: 0.000106593
37526: 0.00010659
37527: 0.000106587
37528: 0.000106584
37529: 0.000106581
37530: 0.000106579
37531: 0.000106576
37532: 0.000106573
37533: 0.00010657
37534: 0.000106567
37535: 0.000106564
37536: 0.000106562
37537: 0.000106559
37538: 0.000106556
37539: 0.000106553
37540: 0.00010655
37541: 0.000106547
37542: 0.000106544
37543: 0.000106542
37544: 0.000106539
37545: 0.000106536
37546: 0.000106533
37547: 0.00010653
37548: 0.000106527
37549: 0.000106525
37550: 0.000106522
37551: 0.000106519
37552: 0.000106516
37553: 0.000106513
37554: 0.00010651
37555: 0.000106508
37556: 0.000106505
37557: 0.000106502
37558: 0.000106499
37559: 0.000106496
37560: 0.000106493
37561: 0.000106491
37562: 0.000106488
37563: 0.000106485
37564: 0.000106482
37565: 0.000106479
37566: 0.000106476
37567: 0.000106474
37568: 0.000106471
37569: 0.000106468
37570: 0.000106465
37571: 0.000106462
37572: 0.000106459
37573: 0.000106457
37574: 0.000106454
37575: 0.000106451
37576: 0.000106448
37577: 0.000106445
37578: 0.000106442
37579: 0.00010644
37580: 0.000106437
37581: 0.000106434
37582: 0.000106431
37583: 0.000106428
37584: 0.000106425
37585: 0.000106423
37586: 0.00010642
37587: 0.000106417
37588: 0.000106414
37589: 0.000106411
37590: 0.000106408
37591: 0.000106406
37592: 0.000106403
37593: 0.0001064
37594: 0.000106397
37595: 0.000106394
37596: 0.000106391
37597: 0.000106389
37598: 0.000106386
37599: 0.000106383
37600: 0.00010638
37601: 0.000106377
37602: 0.000106374
37603: 0.000106372
37604: 0.000106369
37605: 0.000106366
37606: 0.000106363
37607: 0.00010636
37608: 0.000106358
37609: 0.000106355
37610: 0.000106352
37611: 0.000106349
37612: 0.000106346
37613: 0.000106343
37614: 0.000106341
37615: 0.000106338
37616: 0.000106335
37617: 0.000106332
37618: 0.000106329
37619: 0.000106326
37620: 0.000106324
37621: 0.000106321
37622: 0.000106318
37623: 0.000106315
37624: 0.000106312
37625: 0.000106309
37626: 0.000106307
37627: 0.000106304
37628: 0.000106301
37629: 0.000106298
37630: 0.000106295
37631: 0.000106293
37632: 0.00010629
37633: 0.000106287
37634: 0.000106284
37635: 0.000106281
37636: 0.000106278
37637: 0.000106276
37638: 0.000106273
37639: 0.00010627
37640: 0.000106267
37641: 0.000106264
37642: 0.000106261
37643: 0.000106259
37644: 0.000106256
37645: 0.000106253
37646: 0.00010625
37647: 0.000106247
37648: 0.000106245
37649: 0.000106242
37650: 0.000106239
37651: 0.000106236
37652: 0.000106233
37653: 0.00010623
37654: 0.000106228
37655: 0.000106225
37656: 0.000106222
37657: 0.000106219
37658: 0.000106216
37659: 0.000106213
37660: 0.000106211
37661: 0.000106208
37662: 0.000106205
37663: 0.000106202
37664: 0.000106199
37665: 0.000106197
37666: 0.000106194
37667: 0.000106191
37668: 0.000106188
37669: 0.000106185
37670: 0.000106182
37671: 0.00010618
37672: 0.000106177
37673: 0.000106174
37674: 0.000106171
37675: 0.000106168
37676: 0.000106166
37677: 0.000106163
37678: 0.00010616
37679: 0.000106157
37680: 0.000106154
37681: 0.000106151
37682: 0.000106149
37683: 0.000106146
37684: 0.000106143
37685: 0.00010614
37686: 0.000106137
37687: 0.000106135
37688: 0.000106132
37689: 0.000106129
37690: 0.000106126
37691: 0.000106123
37692: 0.00010612
37693: 0.000106118
37694: 0.000132644
37695: 0.00013264
37696: 0.000132637
37697: 0.000132633
37698: 0.00013263
37699: 0.000132626
37700: 0.000132622
37701: 0.000132619
37702: 0.000132615
37703: 0.000132612
37704: 0.000132608
37705: 0.000132605
37706: 0.000132601
37707: 0.000132598
37708: 0.000132594
37709: 0.000132591
37710: 0.000132587
37711: 0.000132584
37712: 0.00013258
37713: 0.000132577
37714: 0.000132573
37715: 0.00013257
37716: 0.000132566
37717: 0.000132563
37718: 0.000132559
37719: 0.000132556
37720: 0.000132552
37721: 0.000132549
37722: 0.000132545
37723: 0.000132542
37724: 0.000132538
37725: 0.000132535
37726: 0.000132531
37727: 0.000132528
37728: 0.000132524
37729: 0.000132521
37730: 0.000132517
37731: 0.000132514
37732: 0.00013251
37733: 0.000132506
37734: 0.000132503
37735: 0.000132499
37736: 0.000132496
37737: 0.000132492
37738: 0.000132489
37739: 0.000132485
37740: 0.000132482
37741: 0.000132478
37742: 0.000132475
37743: 0.000132471
37744: 0.000132468
37745: 0.000132464
37746: 0.000132461
37747: 0.000132457
37748: 0.000132454
37749: 0.00013245
37750: 0.000132447
37751: 0.000132443
37752: 0.00013244
37753: 0.000132436
37754: 0.000132433
37755: 0.000132429
37756: 0.000132426
37757: 0.000132422
37758: 0.000132419
37759: 0.000132415
37760: 0.000132412
37761: 0.000132408
37762: 0.000132405
37763: 0.000132401
37764: 0.000132398
37765: 0.000132394
37766: 0.000132391
37767: 0.000132387
37768: 0.000132384
37769: 0.00013238
37770: 0.000132377
37771: 0.000132373
37772: 0.00013237
37773: 0.000132366
37774: 0.000132363
37775: 0.000132359
37776: 0.000132356
37777: 0.000132352
37778: 0.000132349
37779: 0.000132345
37780: 0.000132342
37781: 0.000132338
37782: 0.000132335
37783: 0.000132331
37784: 0.000132328
37785: 0.000132324
37786: 0.000132321
37787: 0.000132317
37788: 0.000132314
37789: 0.00013231
37790: 0.000132307
37791: 0.000132303
37792: 0.0001323
37793: 0.000132296
37794: 0.000132293
37795: 0.000132289
37796: 0.000132286
37797: 0.000132282
37798: 0.000132279
37799: 0.000132275
37800: 0.000132272
37801: 0.000132268
37802: 0.000132265
37803: 0.000132261
37804: 0.000132258
37805: 0.000132254
37806: 0.000132251
37807: 0.000132247
37808: 0.000132244
37809: 0.00013224
37810: 0.000132237
37811: 0.000132233
37812: 0.00013223
37813: 0.000132226
37814: 0.000132223
37815: 0.000132219
37816: 0.000132216
37817: 0.000132212
37818: 0.000132209
37819: 0.000132205
37820: 0.000132202
37821: 0.000132198
37822: 0.000132195
37823: 0.000132191
37824: 0.000132188
37825: 0.000132184
37826: 0.000132181
37827: 0.000132177
37828: 0.000132174
37829: 0.00013217
37830: 0.000132167
37831: 0.000132163
37832: 0.00013216
37833: 0.000132156
37834: 0.000132153
37835: 0.000132149
37836: 0.000132146
37837: 0.000132142
37838: 0.000132139
37839: 0.000132135
37840: 0.000132132
37841: 0.000132128
37842: 0.000132125
37843: 0.000132121
37844: 0.000132118
37845: 0.000132114
37846: 0.000132111
37847: 0.000132107
37848: 0.000132104
37849: 0.0001321
37850: 0.000132097
37851: 0.000132093
37852: 0.00013209
37853: 0.000132086
37854: 0.000132083
37855: 0.000132079
37856: 0.000132076
37857: 0.000132072
37858: 0.000132069
37859: 0.000132066
37860: 0.000132062
37861: 0.000132059
37862: 0.000132055
37863: 0.000132052
37864: 0.000132048
37865: 0.000132045
37866: 0.000132041
37867: 0.000132038
37868: 0.000132034
37869: 0.000132031
37870: 0.000132027
37871: 0.000132024
37872: 0.00013202
37873: 0.000132017
37874: 0.000132013
37875: 0.00013201
37876: 0.000132006
37877: 0.000132003
37878: 0.000131999
37879: 0.000131996
37880: 0.000131992
37881: 0.000131989
37882: 0.000131985
37883: 0.000131982
37884: 0.000131978
37885: 0.000131975
37886: 0.000131971
37887: 0.000131968
37888: 0.000131964
37889: 0.000131961
37890: 0.000131957
37891: 0.000131954
37892: 0.00013195
37893: 0.000131947
37894: 0.000131944
37895: 0.00013194
37896: 0.000131937
37897: 0.000131933
37898: 0.00013193
37899: 0.000131926
37900: 0.000131923
37901: 0.000131919
37902: 0.000131916
37903: 0.000131912
37904: 0.000131909
37905: 0.000131905
37906: 0.000131902
37907: 0.000131898
37908: 0.000131895
37909: 0.000131891
37910: 0.000131888
37911: 0.000131884
37912: 0.000131881
37913: 0.000131877
37914: 0.000131874
37915: 0.00013187
37916: 0.000131867
37917: 0.000131863
37918: 0.00013186
37919: 0.000131857
37920: 0.000131853
37921: 0.00013185
37922: 0.000131846
37923: 0.000131843
37924: 0.000131839
37925: 0.000131836
37926: 0.000131832
37927: 0.000131829
37928: 0.000131825
37929: 0.000131822
37930: 0.000131818
37931: 0.000131815
37932: 0.000131811
37933: 0.000131808
37934: 0.000131804
37935: 0.000131801
37936: 0.000131797
37937: 0.000131794
37938: 0.000131791
37939: 0.000131787
37940: 0.000131784
37941: 0.00013178
37942: 0.000131777
37943: 0.000131773
37944: 0.00013177
37945: 0.000131766
37946: 0.000131763
37947: 0.000131759
37948: 0.000131756
37949: 0.000131752
37950: 0.000131749
37951: 0.000131745
37952: 0.000131742
37953: 0.000131738
37954: 0.000131735
37955: 0.000131731
37956: 0.000131728
37957: 0.000131725
37958: 0.000131721
37959: 0.000131718
37960: 0.000131714
37961: 0.000131711
37962: 0.000131707
37963: 0.000131704
37964: 0.0001317
37965: 0.000131697
37966: 0.000131693
37967: 0.00013169
37968: 0.000131686
37969: 0.000131683
37970: 0.000131679
37971: 0.000131676
37972: 0.000131673
37973: 0.000131669
37974: 0.000131666
37975: 0.000131662
37976: 0.000131659
37977: 0.000131655
37978: 0.000131652
37979: 0.000131648
37980: 0.000131645
37981: 0.000131641
37982: 0.000131638
37983: 0.000131634
37984: 0.000131631
37985: 0.000131627
37986: 0.000131624
37987: 0.000131621
37988: 0.000131617
37989: 0.000131614
37990: 0.00013161
37991: 0.000131607
37992: 0.000131603
37993: 0.0001316
37994: 0.000131596
37995: 0.000131593
37996: 0.000131589
37997: 0.000131586
37998: 0.000131582
37999: 0.000131579
38000: 0.000131575
38001: 0.000131572
38002: 0.000131569
38003: 0.000131565
38004: 0.000131562
38005: 0.000131558
38006: 0.000131555
38007: 0.000131551
38008: 0.000131548
38009: 0.000131544
38010: 0.000131541
38011: 0.000131537
38012: 0.000131534
38013: 0.00013153
38014: 0.000131527
38015: 0.000131524
38016: 0.00013152
38017: 0.000131517
38018: 0.000131513
38019: 0.00013151
38020: 0.000131506
38021: 0.000131503
38022: 0.000131499
38023: 0.000131496
38024: 0.000131492
38025: 0.000131489
38026: 0.000131486
38027: 0.000131482
38028: 0.000131479
38029: 0.000131475
38030: 0.000131472
38031: 0.000131468
38032: 0.000131465
38033: 0.000131461
38034: 0.000131458
38035: 0.000131454
38036: 0.000131451
38037: 0.000131447
38038: 0.000131444
38039: 0.000131441
38040: 0.000131437
38041: 0.000131434
38042: 0.00013143
38043: 0.000131427
38044: 0.000131423
38045: 0.00013142
38046: 0.000131416
38047: 0.000131413
38048: 0.000131409
38049: 0.000131406
38050: 0.000131403
38051: 0.000131399
38052: 0.000131396
38053: 0.000131392
38054: 0.000131389
38055: 0.000131385
38056: 0.000131382
38057: 0.000131378
38058: 0.000131375
38059: 0.000131372
38060: 0.000131368
38061: 0.000131365
38062: 0.000131361
38063: 0.000131358
38064: 0.000131354
38065: 0.000131351
38066: 0.000131347
38067: 0.000131344
38068: 0.00013134
38069: 0.000131337
38070: 0.000131334
38071: 0.00013133
38072: 0.000131327
38073: 0.000131323
38074: 0.00013132
38075: 0.000131316
38076: 0.000131313
38077: 0.000131309
38078: 0.000131306
38079: 0.000131303
38080: 0.000131299
38081: 0.000131296
38082: 0.000131292
38083: 0.000131289
38084: 0.000131285
38085: 0.000131282
38086: 0.000131278
38087: 0.000131275
38088: 0.000131271
38089: 0.000131268
38090: 0.000131265
38091: 0.000131261
38092: 0.000131258
38093: 0.000131254
38094: 0.000131251
38095: 0.000131247
38096: 0.000131244
38097: 0.00013124
38098: 0.000131237
38099: 0.000131234
38100: 0.00013123
38101: 0.000131227
38102: 0.000131223
38103: 0.00013122
38104: 0.000131216
38105: 0.000131213
38106: 0.000131209
38107: 0.000131206
38108: 0.000131203
38109: 0.000131199
38110: 0.000131196
38111: 0.000131192
38112: 0.000131189
38113: 0.000131185
38114: 0.000131182
38115: 0.000131179
38116: 0.000131175
38117: 0.000131172
38118: 0.000131168
38119: 0.000131165
38120: 0.000131161
38121: 0.000131158
38122: 0.000131154
38123: 0.000131151
38124: 0.000131148
38125: 0.000131144
38126: 0.000131141
38127: 0.000131137
38128: 0.000131134
38129: 0.00013113
38130: 0.000131127
38131: 0.000131123
38132: 0.00013112
38133: 0.000131117
38134: 0.000131113
38135: 0.00013111
38136: 0.000131106
38137: 0.000131103
38138: 0.000131099
38139: 0.000131096
38140: 0.000131093
38141: 0.000131089
38142: 0.000131086
38143: 0.000131082
38144: 0.000131079
38145: 0.000131075
38146: 0.000131072
38147: 0.000131068
38148: 0.000131065
38149: 0.000131062
38150: 0.000131058
38151: 0.000131055
38152: 0.000131051
38153: 0.000131048
38154: 0.000131044
38155: 0.000131041
38156: 0.000131038
38157: 0.000131034
38158: 0.000131031
38159: 0.000131027
38160: 0.000131024
38161: 0.00013102
38162: 0.000131017
38163: 0.000131014
38164: 0.00013101
38165: 0.000131007
38166: 0.000131003
38167: 0.000131
38168: 0.000130996
38169: 0.000130993
38170: 0.000130989
38171: 0.000130986
38172: 0.000130983
38173: 0.000130979
38174: 0.000130976
38175: 0.000130972
38176: 0.000130969
38177: 0.000130965
38178: 0.000130962
38179: 0.000130959
38180: 0.000130955
38181: 0.000130952
38182: 0.000130948
38183: 0.000130945
38184: 0.000130941
38185: 0.000130938
38186: 0.000130935
38187: 0.000130931
38188: 0.000130928
38189: 0.000130924
38190: 0.000130921
38191: 0.000130917
38192: 0.000130914
38193: 0.000130911
38194: 0.000130907
38195: 0.000130904
38196: 0.0001309
38197: 0.000130897
38198: 0.000130893
38199: 0.00013089
38200: 0.000130887
38201: 0.000130883
38202: 0.00013088
38203: 0.000130876
38204: 0.000130873
38205: 0.000130869
38206: 0.000130866
38207: 0.000130863
38208: 0.000130859
38209: 0.000130856
38210: 0.000130852
38211: 0.000130849
38212: 0.000130846
38213: 0.000130842
38214: 0.000130839
38215: 0.000130835
38216: 0.000130832
38217: 0.000130828
38218: 0.000130825
38219: 0.000130822
38220: 0.000130818
38221: 0.000130815
38222: 0.000130811
38223: 0.000130808
38224: 0.000130804
38225: 0.000130801
38226: 0.000130798
38227: 0.000130794
38228: 0.000130791
38229: 0.000130787
38230: 0.000130784
38231: 0.00013078
38232: 0.000130777
38233: 0.000130774
38234: 0.00013077
38235: 0.000130767
38236: 0.000130763
38237: 0.00013076
38238: 0.000130757
38239: 0.000130753
38240: 0.00013075
38241: 0.000130746
38242: 0.000130743
38243: 0.000130739
38244: 0.000130736
38245: 0.000130733
38246: 0.000130729
38247: 0.000130726
38248: 0.000130722
38249: 0.000130719
38250: 0.000130716
38251: 0.000130712
38252: 0.000130709
38253: 0.000130705
38254: 0.000130702
38255: 0.000130698
38256: 0.000130695
38257: 0.000130692
38258: 0.000130688
38259: 0.000130685
38260: 0.000130681
38261: 0.000130678
38262: 0.000130675
38263: 0.000130671
38264: 0.000130668
38265: 0.000130664
38266: 0.000130661
38267: 0.000130657
38268: 0.000130654
38269: 0.000130651
38270: 0.000130647
38271: 0.000130644
38272: 0.00013064
38273: 0.000130637
38274: 0.000130634
38275: 0.00013063
38276: 0.000130627
38277: 0.000130623
38278: 0.00013062
38279: 0.000130617
38280: 0.000130613
38281: 0.00013061
38282: 0.000130606
38283: 0.000130603
38284: 0.000130599
38285: 0.000130596
38286: 0.000130593
38287: 0.000130589
38288: 0.000130586
38289: 0.000130582
38290: 0.000130579
38291: 0.000130576
38292: 0.000130572
38293: 0.000130569
38294: 0.000130565
38295: 0.000130562
38296: 0.000130559
38297: 0.000130555
38298: 0.000130552
38299: 0.000130548
38300: 0.000130545
38301: 0.000130541
38302: 0.000130538
38303: 0.000130535
38304: 0.000130531
38305: 0.000130528
38306: 0.000130524
38307: 0.000130521
38308: 0.000130518
38309: 0.000130514
38310: 0.000130511
38311: 0.000130507
38312: 0.000130504
38313: 0.000130501
38314: 0.000130497
38315: 0.000130494
38316: 0.00013049
38317: 0.000130487
38318: 0.000130484
38319: 0.00013048
38320: 0.000130477
38321: 0.000130473
38322: 0.00013047
38323: 0.000130467
38324: 0.000130463
38325: 0.00013046
38326: 0.000130456
38327: 0.000130453
38328: 0.00013045
38329: 0.000130446
38330: 0.000130443
38331: 0.000130439
38332: 0.000130436
38333: 0.000130433
38334: 0.000130429
38335: 0.000130426
38336: 0.000130422
38337: 0.000130419
38338: 0.000130416
38339: 0.000130412
38340: 0.000130409
38341: 0.000130405
38342: 0.000130402
38343: 0.000130398
38344: 0.000130395
38345: 0.000130392
38346: 0.000130388
38347: 0.000130385
38348: 0.000130381
38349: 0.000130378
38350: 0.000130375
38351: 0.000130371
38352: 0.000130368
38353: 0.000130364
38354: 0.000130361
38355: 0.000130358
38356: 0.000130354
38357: 0.000130351
38358: 0.000130348
38359: 0.000130344
38360: 0.000130341
38361: 0.000130337
38362: 0.000130334
38363: 0.000130331
38364: 0.000130327
38365: 0.000130324
38366: 0.00013032
38367: 0.000130317
38368: 0.000130314
38369: 0.00013031
38370: 0.000130307
38371: 0.000130303
38372: 0.0001303
38373: 0.000130297
38374: 0.000130293
38375: 0.00013029
38376: 0.000130286
38377: 0.000130283
38378: 0.00013028
38379: 0.000130276
38380: 0.000130273
38381: 0.000130269
38382: 0.000130266
38383: 0.000130263
38384: 0.000130259
38385: 0.000130256
38386: 0.000130252
38387: 0.000130249
38388: 0.000130246
38389: 0.000130242
38390: 0.000130239
38391: 0.000130235
38392: 0.000130232
38393: 0.000130229
38394: 0.000130225
38395: 0.000130222
38396: 0.000130219
38397: 0.000130215
38398: 0.000130212
38399: 0.000130208
38400: 0.000130205
38401: 0.000130202
38402: 0.000130198
38403: 0.000130195
38404: 0.000130191
38405: 0.000130188
38406: 0.000130185
38407: 0.000130181
38408: 0.000130178
38409: 0.000130174
38410: 0.000130171
38411: 0.000130168
38412: 0.000130164
38413: 0.000130161
38414: 0.000130157
38415: 0.000130154
38416: 0.000130151
38417: 0.000130147
38418: 0.000130144
38419: 0.000130141
38420: 0.000130137
38421: 0.000130134
38422: 0.00013013
38423: 0.000130127
38424: 0.000130124
38425: 0.00013012
38426: 0.000130117
38427: 0.000130113
38428: 0.00013011
38429: 0.000130107
38430: 0.000130103
38431: 0.0001301
38432: 0.000130097
38433: 0.000130093
38434: 0.00013009
38435: 0.000130086
38436: 0.000130083
38437: 0.00013008
38438: 0.000130076
38439: 0.000130073
38440: 0.000130069
38441: 0.000130066
38442: 0.000130063
38443: 0.000130059
38444: 0.000130056
38445: 0.000130053
38446: 0.000130049
38447: 0.000130046
38448: 0.000130042
38449: 0.000130039
38450: 0.000130036
38451: 0.000130032
38452: 0.000130029
38453: 0.000130025
38454: 0.000130022
38455: 0.000130019
38456: 0.000130015
38457: 0.000130012
38458: 0.000130009
38459: 0.000130005
38460: 0.000130002
38461: 0.000129998
38462: 0.000129995
38463: 0.000129992
38464: 0.000129988
38465: 0.000129985
38466: 0.000129982
38467: 0.000129978
38468: 0.000129975
38469: 0.000129971
38470: 0.000129968
38471: 0.000129965
38472: 0.000129961
38473: 0.000129958
38474: 0.000129955
38475: 0.000129951
38476: 0.000129948
38477: 0.000129944
38478: 0.000129941
38479: 0.000129938
38480: 0.000129934
38481: 0.000129931
38482: 0.000129928
38483: 0.000129924
38484: 0.000129921
38485: 0.000129917
38486: 0.000129914
38487: 0.000129911
38488: 0.000129907
38489: 0.000129904
38490: 0.0001299
38491: 0.000129897
38492: 0.000129894
38493: 0.00012989
38494: 0.000129887
38495: 0.000129884
38496: 0.00012988
38497: 0.000129877
38498: 0.000129874
38499: 0.00012987
38500: 0.000129867
38501: 0.000129863
38502: 0.00012986
38503: 0.000129857
38504: 0.000129853
38505: 0.00012985
38506: 0.000129847
38507: 0.000129843
38508: 0.00012984
38509: 0.000129836
38510: 0.000129833
38511: 0.00012983
38512: 0.000129826
38513: 0.000129823
38514: 0.00012982
38515: 0.000129816
38516: 0.000129813
38517: 0.000129809
38518: 0.000129806
38519: 0.000129803
38520: 0.000129799
38521: 0.000129796
38522: 0.000129793
38523: 0.000129789
38524: 0.000129786
38525: 0.000129782
38526: 0.000129779
38527: 0.000129776
38528: 0.000129772
38529: 0.000129769
38530: 0.000129766
38531: 0.000129762
38532: 0.000129759
38533: 0.000129756
38534: 0.000129752
38535: 0.000129749
38536: 0.000129745
38537: 0.000129742
38538: 0.000129739
38539: 0.000129735
38540: 0.000129732
38541: 0.000129729
38542: 0.000129725
38543: 0.000129722
38544: 0.000129719
38545: 0.000129715
38546: 0.000129712
38547: 0.000129708
38548: 0.000129705
38549: 0.000129702
38550: 0.000129698
38551: 0.000129695
38552: 0.000129692
38553: 0.000129688
38554: 0.000129685
38555: 0.000129682
38556: 0.000129678
38557: 0.000129675
38558: 0.000129671
38559: 0.000129668
38560: 0.000129665
38561: 0.000129661
38562: 0.000129658
38563: 0.000129655
38564: 0.000129651
38565: 0.000129648
38566: 0.000129645
38567: 0.000129641
38568: 0.000129638
38569: 0.000129634
38570: 0.000129631
38571: 0.000129628
38572: 0.000129624
38573: 0.000129621
38574: 0.000129618
38575: 0.000129614
38576: 0.000129611
38577: 0.000129608
38578: 0.000129604
38579: 0.000129601
38580: 0.000129597
38581: 0.000129594
38582: 0.000129591
38583: 0.000129587
38584: 0.000129584
38585: 0.000129581
38586: 0.000129577
38587: 0.000129574
38588: 0.000129571
38589: 0.000129567
38590: 0.000129564
38591: 0.000129561
38592: 0.000129557
38593: 0.000129554
38594: 0.00012955
38595: 0.000129547
38596: 0.000129544
38597: 0.00012954
38598: 0.000129537
38599: 0.000129534
38600: 0.00012953
38601: 0.000129527
38602: 0.000129524
38603: 0.00012952
38604: 0.000129517
38605: 0.000129514
38606: 0.00012951
38607: 0.000129507
38608: 0.000129503
38609: 0.0001295
38610: 0.000129497
38611: 0.000129493
38612: 0.00012949
38613: 0.000129487
38614: 0.000129483
38615: 0.00012948
38616: 0.000129477
38617: 0.000129473
38618: 0.00012947
38619: 0.000129467
38620: 0.000129463
38621: 0.00012946
38622: 0.000129457
38623: 0.000129453
38624: 0.00012945
38625: 0.000129446
38626: 0.000129443
38627: 0.00012944
38628: 0.000129436
38629: 0.000129433
38630: 0.00012943
38631: 0.000129426
38632: 0.000129423
38633: 0.00012942
38634: 0.000129416
38635: 0.000129413
38636: 0.00012941
38637: 0.000129406
38638: 0.000129403
38639: 0.0001294
38640: 0.000129396
38641: 0.000129393
38642: 0.00012939
38643: 0.000129386
38644: 0.000129383
38645: 0.000129379
38646: 0.000129376
38647: 0.000129373
38648: 0.000129369
38649: 0.000129366
38650: 0.000129363
38651: 0.000129359
38652: 0.000129356
38653: 0.000129353
38654: 0.000129349
38655: 0.000129346
38656: 0.000129343
38657: 0.000129339
38658: 0.000129336
38659: 0.000129333
38660: 0.000129329
38661: 0.000129326
38662: 0.000129323
38663: 0.000129319
38664: 0.000129316
38665: 0.000129313
38666: 0.000129309
38667: 0.000129306
38668: 0.000129303
38669: 0.000129299
38670: 0.000129296
38671: 0.000129293
38672: 0.000129289
38673: 0.000129286
38674: 0.000129282
38675: 0.000129279
38676: 0.000129276
38677: 0.000129272
38678: 0.000129269
38679: 0.000129266
38680: 0.000129262
38681: 0.000129259
38682: 0.000129256
38683: 0.000129252
38684: 0.000129249
38685: 0.000129246
38686: 0.000129242
38687: 0.000129239
38688: 0.000129236
38689: 0.000129232
38690: 0.000129229
38691: 0.000129226
38692: 0.000129222
38693: 0.000129219
38694: 0.000129216
38695: 0.000129212
38696: 0.000129209
38697: 0.000129206
38698: 0.000129202
38699: 0.000129199
38700: 0.000129196
38701: 0.000129192
38702: 0.000129189
38703: 0.000129186
38704: 0.000129182
38705: 0.000129179
38706: 0.000129176
38707: 0.000129172
38708: 0.000129169
38709: 0.000129166
38710: 0.000129162
38711: 0.000129159
38712: 0.000129156
38713: 0.000129152
38714: 0.000129149
38715: 0.000129146
38716: 0.000129142
38717: 0.000129139
38718: 0.000129136
38719: 0.000129132
38720: 0.000129129
38721: 0.000129126
38722: 0.000129122
38723: 0.000129119
38724: 0.000129116
38725: 0.000129112
38726: 0.000129109
38727: 0.000129106
38728: 0.000129102
38729: 0.000129099
38730: 0.000129096
38731: 0.000129092
38732: 0.000129089
38733: 0.000129086
38734: 0.000129082
38735: 0.000129079
38736: 0.000129076
38737: 0.000129072
38738: 0.000129069
38739: 0.000129066
38740: 0.000129062
38741: 0.000129059
38742: 0.000129056
38743: 0.000129052
38744: 0.000129049
38745: 0.000129046
38746: 0.000129042
38747: 0.000129039
38748: 0.000129036
38749: 0.000129032
38750: 0.000129029
38751: 0.000129026
38752: 0.000129022
38753: 0.000129019
38754: 0.000129016
38755: 0.000129012
38756: 0.000129009
38757: 0.000129006
38758: 0.000129002
38759: 0.000128999
38760: 0.000128996
38761: 0.000128992
38762: 0.000128989
38763: 0.000128986
38764: 0.000128982
38765: 0.000128979
38766: 0.000128976
38767: 0.000128972
38768: 0.000128969
38769: 0.000128966
38770: 0.000128962
38771: 0.000128959
38772: 0.000128956
38773: 0.000128952
38774: 0.000128949
38775: 0.000128946
38776: 0.000128942
38777: 0.000128939
38778: 0.000128936
38779: 0.000128932
38780: 0.000128929
38781: 0.000128926
38782: 0.000128922
38783: 0.000128919
38784: 0.000128916
38785: 0.000128912
38786: 0.000128909
38787: 0.000128906
38788: 0.000128903
38789: 0.000128899
38790: 0.000128896
38791: 0.000128893
38792: 0.000128889
38793: 0.000128886
38794: 0.000128883
38795: 0.000128879
38796: 0.000128876
38797: 0.000128873
38798: 0.000128869
38799: 0.000128866
38800: 0.000128863
38801: 0.000128859
38802: 0.000128856
38803: 0.000128853
38804: 0.000128849
38805: 0.000128846
38806: 0.000128843
38807: 0.000128839
38808: 0.000128836
38809: 0.000128833
38810: 0.000128829
38811: 0.000128826
38812: 0.000128823
38813: 0.000128819
38814: 0.000128816
38815: 0.000128813
38816: 0.00012881
38817: 0.000128806
38818: 0.000128803
38819: 0.0001288
38820: 0.000128796
38821: 0.000128793
38822: 0.00012879
38823: 0.000128786
38824: 0.000128783
38825: 0.00012878
38826: 0.000128776
38827: 0.000128773
38828: 0.00012877
38829: 0.000128766
38830: 0.000128763
38831: 0.00012876
38832: 0.000128756
38833: 0.000128753
38834: 0.00012875
38835: 0.000128747
38836: 0.000128743
38837: 0.00012874
38838: 0.000128737
38839: 0.000128733
38840: 0.00012873
38841: 0.000128727
38842: 0.000128723
38843: 0.00012872
38844: 0.000128717
38845: 0.000128713
38846: 0.00012871
38847: 0.000128707
38848: 0.000128703
38849: 0.0001287
38850: 0.000128697
38851: 0.000128694
38852: 0.00012869
38853: 0.000128687
38854: 0.000128684
38855: 0.00012868
38856: 0.000128677
38857: 0.000128674
38858: 0.00012867
38859: 0.000128667
38860: 0.000128664
38861: 0.00012866
38862: 0.000128657
38863: 0.000128654
38864: 0.00012865
38865: 0.000128647
38866: 0.000128644
38867: 0.000128641
38868: 0.000128637
38869: 0.000128634
38870: 0.000128631
38871: 0.000128627
38872: 0.000128624
38873: 0.000128621
38874: 0.000128617
38875: 0.000128614
38876: 0.000128611
38877: 0.000128607
38878: 0.000128604
38879: 0.000128601
38880: 0.000128598
38881: 0.000128594
38882: 0.000128591
38883: 0.000128588
38884: 0.000128584
38885: 0.000128581
38886: 0.000128578
38887: 0.000128574
38888: 0.000128571
38889: 0.000128568
38890: 0.000128564
38891: 0.000128561
38892: 0.000128558
38893: 0.000128555
38894: 0.000128551
38895: 0.000128548
38896: 0.000128545
38897: 0.000128541
38898: 0.000128538
38899: 0.000128535
38900: 0.000128531
38901: 0.000128528
38902: 0.000128525
38903: 0.000128521
38904: 0.000128518
38905: 0.000128515
38906: 0.000128512
38907: 0.000128508
38908: 0.000128505
38909: 0.000128502
38910: 0.000128498
38911: 0.000128495
38912: 0.000128492
38913: 0.000128488
38914: 0.000128485
38915: 0.000128482
38916: 0.000128479
38917: 0.000128475
38918: 0.000128472
38919: 0.000128469
38920: 0.000128465
38921: 0.000128462
38922: 0.000128459
38923: 0.000128455
38924: 0.000128452
38925: 0.000128449
38926: 0.000128446
38927: 0.000128442
38928: 0.000128439
38929: 0.000128436
38930: 0.000128432
38931: 0.000128429
38932: 0.000128426
38933: 0.000128422
38934: 0.000128419
38935: 0.000128416
38936: 0.000128413
38937: 0.000128409
38938: 0.000128406
38939: 0.000128403
38940: 0.000128399
38941: 0.000128396
38942: 0.000128393
38943: 0.000128389
38944: 0.000128386
38945: 0.000128383
38946: 0.00012838
38947: 0.000128376
38948: 0.000128373
38949: 0.00012837
38950: 0.000128366
38951: 0.000128363
38952: 0.00012836
38953: 0.000128357
38954: 0.000128353
38955: 0.00012835
38956: 0.000128347
38957: 0.000128343
38958: 0.00012834
38959: 0.000128337
38960: 0.000128333
38961: 0.00012833
38962: 0.000128327
38963: 0.000128324
38964: 0.00012832
38965: 0.000128317
38966: 0.000128314
38967: 0.00012831
38968: 0.000128307
38969: 0.000128304
38970: 0.000128301
38971: 0.000128297
38972: 0.000128294
38973: 0.000128291
38974: 0.000128287
38975: 0.000128284
38976: 0.000128281
38977: 0.000128277
38978: 0.000128274
38979: 0.000128271
38980: 0.000128268
38981: 0.000128264
38982: 0.000128261
38983: 0.000128258
38984: 0.000128254
38985: 0.000128251
38986: 0.000128248
38987: 0.000128245
38988: 0.000128241
38989: 0.000128238
38990: 0.000128235
38991: 0.000128231
38992: 0.000128228
38993: 0.000128225
38994: 0.000128222
38995: 0.000128218
38996: 0.000128215
38997: 0.000128212
38998: 0.000128208
38999: 0.000128205
39000: 0.000128202
39001: 0.000128199
39002: 0.000128195
39003: 0.000128192
39004: 0.000128189
39005: 0.000128185
39006: 0.000128182
39007: 0.000128179
39008: 0.000128176
39009: 0.000128172
39010: 0.000128169
39011: 0.000128166
39012: 0.000128162
39013: 0.000128159
39014: 0.000128156
39015: 0.000128153
39016: 0.000128149
39017: 0.000128146
39018: 0.000128143
39019: 0.000128139
39020: 0.000128136
39021: 0.000128133
39022: 0.00012813
39023: 0.000128126
39024: 0.000128123
39025: 0.00012812
39026: 0.000128116
39027: 0.000128113
39028: 0.00012811
39029: 0.000128107
39030: 0.000128103
39031: 0.0001281
39032: 0.000128097
39033: 0.000128093
39034: 0.00012809
39035: 0.000128087
39036: 0.000128084
39037: 0.00012808
39038: 0.000128077
39039: 0.000128074
39040: 0.00012807
39041: 0.000128067
39042: 0.000128064
39043: 0.000128061
39044: 0.000128057
39045: 0.000128054
39046: 0.000128051
39047: 0.000128048
39048: 0.000128044
39049: 0.000128041
39050: 0.000128038
39051: 0.000128034
39052: 0.000128031
39053: 0.000128028
39054: 0.000128025
39055: 0.000128021
39056: 0.000128018
39057: 0.000128015
39058: 0.000128011
39059: 0.000128008
39060: 0.000128005
39061: 0.000128002
39062: 0.000127998
39063: 0.000127995
39064: 0.000127992
39065: 0.000127989
39066: 0.000127985
39067: 0.000127982
39068: 0.000127979
39069: 0.000127975
39070: 0.000127972
39071: 0.000127969
39072: 0.000127966
39073: 0.000127962
39074: 0.000127959
39075: 0.000127956
39076: 0.000127953
39077: 0.000127949
39078: 0.000127946
39079: 0.000127943
39080: 0.000127939
39081: 0.000127936
39082: 0.000127933
39083: 0.00012793
39084: 0.000127926
39085: 0.000127923
39086: 0.00012792
39087: 0.000127916
39088: 0.000127913
39089: 0.00012791
39090: 0.000127907
39091: 0.000127903
39092: 0.0001279
39093: 0.000127897
39094: 0.000127894
39095: 0.00012789
39096: 0.000127887
39097: 0.000127884
39098: 0.000127881
39099: 0.000127877
39100: 0.000127874
39101: 0.000127871
39102: 0.000127867
39103: 0.000127864
39104: 0.000127861
39105: 0.000127858
39106: 0.000127854
39107: 0.000127851
39108: 0.000127848
39109: 0.000127845
39110: 0.000127841
39111: 0.000127838
39112: 0.000127835
39113: 0.000127831
39114: 0.000127828
39115: 0.000127825
39116: 0.000127822
39117: 0.000127818
39118: 0.000127815
39119: 0.000127812
39120: 0.000127809
39121: 0.000127805
39122: 0.000127802
39123: 0.000127799
39124: 0.000127796
39125: 0.000127792
39126: 0.000127789
39127: 0.000127786
39128: 0.000127782
39129: 0.000127779
39130: 0.000127776
39131: 0.000127773
39132: 0.000127769
39133: 0.000127766
39134: 0.000127763
39135: 0.00012776
39136: 0.000127756
39137: 0.000127753
39138: 0.00012775
39139: 0.000127747
39140: 0.000127743
39141: 0.00012774
39142: 0.000127737
39143: 0.000127733
39144: 0.00012773
39145: 0.000127727
39146: 0.000127724
39147: 0.00012772
39148: 0.000127717
39149: 0.000127714
39150: 0.000127711
39151: 0.000127707
39152: 0.000127704
39153: 0.000127701
39154: 0.000127698
39155: 0.000127694
39156: 0.000127691
39157: 0.000127688
39158: 0.000127685
39159: 0.000127681
39160: 0.000127678
39161: 0.000127675
39162: 0.000127672
39163: 0.000127668
39164: 0.000127665
39165: 0.000127662
39166: 0.000127658
39167: 0.000127655
39168: 0.000127652
39169: 0.000127649
39170: 0.000127645
39171: 0.000127642
39172: 0.000127639
39173: 0.000127636
39174: 0.000127632
39175: 0.000127629
39176: 0.000127626
39177: 0.000127623
39178: 0.000127619
39179: 0.000127616
39180: 0.000127613
39181: 0.00012761
39182: 0.000127606
39183: 0.000127603
39184: 0.0001276
39185: 0.000127597
39186: 0.000127593
39187: 0.00012759
39188: 0.000127587
39189: 0.000127584
39190: 0.00012758
39191: 0.000127577
39192: 0.000127574
39193: 0.000127571
39194: 0.000127567
39195: 0.000127564
39196: 0.000127561
39197: 0.000127558
39198: 0.000127554
39199: 0.000127551
39200: 0.000127548
39201: 0.000127545
39202: 0.000127541
39203: 0.000127538
39204: 0.000127535
39205: 0.000127532
39206: 0.000127528
39207: 0.000127525
39208: 0.000127522
39209: 0.000127518
39210: 0.000127515
39211: 0.000127512
39212: 0.000127509
39213: 0.000127505
39214: 0.000127502
39215: 0.000127499
39216: 0.000127496
39217: 0.000127492
39218: 0.000127489
39219: 0.000127486
39220: 0.000127483
39221: 0.000127479
39222: 0.000127476
39223: 0.000127473
39224: 0.00012747
39225: 0.000127466
39226: 0.000127463
39227: 0.00012746
39228: 0.000127457
39229: 0.000127453
39230: 0.00012745
39231: 0.000127447
39232: 0.000127444
39233: 0.00012744
39234: 0.000127437
39235: 0.000127434
39236: 0.000127431
39237: 0.000127427
39238: 0.000127424
39239: 0.000127421
39240: 0.000127418
39241: 0.000127415
39242: 0.000127411
39243: 0.000127408
39244: 0.000127405
39245: 0.000127402
39246: 0.000127398
39247: 0.000127395
39248: 0.000127392
39249: 0.000127389
39250: 0.000127385
39251: 0.000127382
39252: 0.000127379
39253: 0.000127376
39254: 0.000127372
39255: 0.000127369
39256: 0.000127366
39257: 0.000127363
39258: 0.000127359
39259: 0.000127356
39260: 0.000127353
39261: 0.00012735
39262: 0.000127346
39263: 0.000127343
39264: 0.00012734
39265: 0.000127337
39266: 0.000127333
39267: 0.00012733
39268: 0.000127327
39269: 0.000127324
39270: 0.00012732
39271: 0.000127317
39272: 0.000127314
39273: 0.000127311
39274: 0.000127307
39275: 0.000127304
39276: 0.000127301
39277: 0.000127298
39278: 0.000127294
39279: 0.000127291
39280: 0.000127288
39281: 0.000127285
39282: 0.000127282
39283: 0.000127278
39284: 0.000127275
39285: 0.000127272
39286: 0.000127269
39287: 0.000127265
39288: 0.000127262
39289: 0.000127259
39290: 0.000127256
39291: 0.000127252
39292: 0.000127249
39293: 0.000127246
39294: 0.000127243
39295: 0.000127239
39296: 0.000127236
39297: 0.000127233
39298: 0.00012723
39299: 0.000127226
39300: 0.000127223
39301: 0.00012722
39302: 0.000127217
39303: 0.000127214
39304: 0.00012721
39305: 0.000127207
39306: 0.000127204
39307: 0.000127201
39308: 0.000127197
39309: 0.000127194
39310: 0.000127191
39311: 0.000127188
39312: 0.000127184
39313: 0.000127181
39314: 0.000127178
39315: 0.000127175
39316: 0.000127171
39317: 0.000127168
39318: 0.000127165
39319: 0.000127162
39320: 0.000127159
39321: 0.000127155
39322: 0.000127152
39323: 0.000127149
39324: 0.000127146
39325: 0.000127142
39326: 0.000127139
39327: 0.000127136
39328: 0.000127133
39329: 0.000127129
39330: 0.000127126
39331: 0.000127123
39332: 0.00012712
39333: 0.000127116
39334: 0.000127113
39335: 0.00012711
39336: 0.000127107
39337: 0.000127104
39338: 0.0001271
39339: 0.000127097
39340: 0.000127094
39341: 0.000127091
39342: 0.000127087
39343: 0.000127084
39344: 0.000127081
39345: 0.000127078
39346: 0.000127074
39347: 0.000127071
39348: 0.000127068
39349: 0.000127065
39350: 0.000127062
39351: 0.000127058
39352: 0.000127055
39353: 0.000127052
39354: 0.000127049
39355: 0.000127045
39356: 0.000127042
39357: 0.000127039
39358: 0.000127036
39359: 0.000127033
39360: 0.000127029
39361: 0.000127026
39362: 0.000127023
39363: 0.00012702
39364: 0.000127016
39365: 0.000127013
39366: 0.00012701
39367: 0.000127007
39368: 0.000127003
39369: 0.000127
39370: 0.000126997
39371: 0.000126994
39372: 0.000126991
39373: 0.000126987
39374: 0.000126984
39375: 0.000126981
39376: 0.000126978
39377: 0.000126974
39378: 0.000126971
39379: 0.000126968
39380: 0.000126965
39381: 0.000126962
39382: 0.000126958
39383: 0.000126955
39384: 0.000126952
39385: 0.000126949
39386: 0.000126945
39387: 0.000126942
39388: 0.000126939
39389: 0.000126936
39390: 0.000126933
39391: 0.000126929
39392: 0.000126926
39393: 0.000126923
39394: 0.00012692
39395: 0.000126916
39396: 0.000126913
39397: 0.00012691
39398: 0.000126907
39399: 0.000126904
39400: 0.0001269
39401: 0.000126897
39402: 0.000126894
39403: 0.000126891
39404: 0.000126887
39405: 0.000126884
39406: 0.000126881
39407: 0.000126878
39408: 0.000126875
39409: 0.000126871
39410: 0.000126868
39411: 0.000126865
39412: 0.000126862
39413: 0.000126858
39414: 0.000126855
39415: 0.000126852
39416: 0.000126849
39417: 0.000126846
39418: 0.000126842
39419: 0.000126839
39420: 0.000126836
39421: 0.000126833
39422: 0.00012683
39423: 0.000126826
39424: 0.000126823
39425: 0.00012682
39426: 0.000126817
39427: 0.000126813
39428: 0.00012681
39429: 0.000126807
39430: 0.000126804
39431: 0.000126801
39432: 0.000126797
39433: 0.000126794
39434: 0.000126791
39435: 0.000126788
39436: 0.000126784
39437: 0.000126781
39438: 0.000126778
39439: 0.000126775
39440: 0.000126772
39441: 0.000126768
39442: 0.000126765
39443: 0.000126762
39444: 0.000126759
39445: 0.000126756
39446: 0.000126752
39447: 0.000126749
39448: 0.000126746
39449: 0.000126743
39450: 0.000126739
39451: 0.000126736
39452: 0.000126733
39453: 0.00012673
39454: 0.000126727
39455: 0.000126723
39456: 0.00012672
39457: 0.000126717
39458: 0.000126714
39459: 0.000126711
39460: 0.000126707
39461: 0.000126704
39462: 0.000126701
39463: 0.000126698
39464: 0.000126695
39465: 0.000126691
39466: 0.000126688
39467: 0.000126685
39468: 0.000126682
39469: 0.000126678
39470: 0.000126675
39471: 0.000126672
39472: 0.000126669
39473: 0.000126666
39474: 0.000126662
39475: 0.000126659
39476: 0.000126656
39477: 0.000126653
39478: 0.00012665
39479: 0.000126646
39480: 0.000126643
39481: 0.00012664
39482: 0.000126637
39483: 0.000126634
39484: 0.00012663
39485: 0.000126627
39486: 0.000126624
39487: 0.000126621
39488: 0.000126618
39489: 0.000126614
39490: 0.000126611
39491: 0.000126608
39492: 0.000126605
39493: 0.000126602
39494: 0.000126598
39495: 0.000126595
39496: 0.000126592
39497: 0.000126589
39498: 0.000126585
39499: 0.000126582
39500: 0.000126579
39501: 0.000126576
39502: 0.000126573
39503: 0.000126569
39504: 0.000126566
39505: 0.000126563
39506: 0.00012656
39507: 0.000126557
39508: 0.000126553
39509: 0.00012655
39510: 0.000126547
39511: 0.000126544
39512: 0.000126541
39513: 0.000126537
39514: 0.000126534
39515: 0.000126531
39516: 0.000126528
39517: 0.000126525
39518: 0.000126521
39519: 0.000126518
39520: 0.000126515
39521: 0.000126512
39522: 0.000126509
39523: 0.000126505
39524: 0.000126502
39525: 0.000126499
39526: 0.000126496
39527: 0.000126493
39528: 0.000126489
39529: 0.000126486
39530: 0.000126483
39531: 0.00012648
39532: 0.000126477
39533: 0.000126473
39534: 0.00012647
39535: 0.000126467
39536: 0.000126464
39537: 0.000126461
39538: 0.000126457
39539: 0.000126454
39540: 0.000126451
39541: 0.000126448
39542: 0.000126445
39543: 0.000126441
39544: 0.000126438
39545: 0.000126435
39546: 0.000126432
39547: 0.000126429
39548: 0.000126425
39549: 0.000126422
39550: 0.000126419
39551: 0.000126416
39552: 0.000126413
39553: 0.000126409
39554: 0.000126406
39555: 0.000126403
39556: 0.0001264
39557: 0.000126397
39558: 0.000126393
39559: 0.00012639
39560: 0.000126387
39561: 0.000126384
39562: 0.000126381
39563: 0.000126378
39564: 0.000126374
39565: 0.000126371
39566: 0.000126368
39567: 0.000126365
39568: 0.000126362
39569: 0.000126358
39570: 0.000126355
39571: 0.000126352
39572: 0.000126349
39573: 0.000126346
39574: 0.000126342
39575: 0.000126339
39576: 0.000126336
39577: 0.000126333
39578: 0.00012633
39579: 0.000126326
39580: 0.000126323
39581: 0.00012632
39582: 0.000126317
39583: 0.000126314
39584: 0.00012631
39585: 0.000126307
39586: 0.000126304
39587: 0.000126301
39588: 0.000126298
39589: 0.000126295
39590: 0.000126291
39591: 0.000126288
39592: 0.000126285
39593: 0.000126282
39594: 0.000126279
39595: 0.000126275
39596: 0.000126272
39597: 0.000126269
39598: 0.000126266
39599: 0.000126263
39600: 0.000126259
39601: 0.000126256
39602: 0.000126253
39603: 0.00012625
39604: 0.000126247
39605: 0.000126243
39606: 0.00012624
39607: 0.000126237
39608: 0.000126234
39609: 0.000126231
39610: 0.000126228
39611: 0.000126224
39612: 0.000126221
39613: 0.000126218
39614: 0.000126215
39615: 0.000126212
39616: 0.000126208
39617: 0.000126205
39618: 0.000126202
39619: 0.000126199
39620: 0.000126196
39621: 0.000126193
39622: 0.000126189
39623: 0.000126186
39624: 0.000126183
39625: 0.00012618
39626: 0.000126177
39627: 0.000126173
39628: 0.00012617
39629: 0.000126167
39630: 0.000126164
39631: 0.000126161
39632: 0.000126157
39633: 0.000126154
39634: 0.000126151
39635: 0.000126148
39636: 0.000126145
39637: 0.000126142
39638: 0.000126138
39639: 0.000126135
39640: 0.000126132
39641: 0.000126129
39642: 0.000126126
39643: 0.000126122
39644: 0.000126119
39645: 0.000126116
39646: 0.000126113
39647: 0.00012611
39648: 0.000126107
39649: 0.000126103
39650: 0.0001261
39651: 0.000126097
39652: 0.000126094
39653: 0.000126091
39654: 0.000126088
39655: 0.000126084
39656: 0.000126081
39657: 0.000126078
39658: 0.000126075
39659: 0.000126072
39660: 0.000126068
39661: 0.000126065
39662: 0.000126062
39663: 0.000126059
39664: 0.000126056
39665: 0.000126053
39666: 0.000126049
39667: 0.000126046
39668: 0.000126043
39669: 0.00012604
39670: 0.000126037
39671: 0.000126033
39672: 0.00012603
39673: 0.000126027
39674: 0.000126024
39675: 0.000126021
39676: 0.000126018
39677: 0.000126014
39678: 0.000126011
39679: 0.000126008
39680: 0.000126005
39681: 0.000126002
39682: 0.000125999
39683: 0.000125995
39684: 0.000125992
39685: 0.000125989
39686: 0.000125986
39687: 0.000125983
39688: 0.000125979
39689: 0.000125976
39690: 0.000125973
39691: 0.00012597
39692: 0.000125967
39693: 0.000125964
39694: 0.00012596
39695: 0.000125957
39696: 0.000125954
39697: 0.000125951
39698: 0.000125948
39699: 0.000125945
39700: 0.000125941
39701: 0.000125938
39702: 0.000125935
39703: 0.000125932
39704: 0.000125929
39705: 0.000125926
39706: 0.000125922
39707: 0.000125919
39708: 0.000125916
39709: 0.000125913
39710: 0.00012591
39711: 0.000125907
39712: 0.000125903
39713: 0.0001259
39714: 0.000125897
39715: 0.000125894
39716: 0.000125891
39717: 0.000125888
39718: 0.000125884
39719: 0.000125881
39720: 0.000125878
39721: 0.000125875
39722: 0.000125872
39723: 0.000125868
39724: 0.000125865
39725: 0.000125862
39726: 0.000125859
39727: 0.000125856
39728: 0.000125853
39729: 0.000125849
39730: 0.000125846
39731: 0.000125843
39732: 0.00012584
39733: 0.000125837
39734: 0.000125834
39735: 0.00012583
39736: 0.000125827
39737: 0.000125824
39738: 0.000125821
39739: 0.000125818
39740: 0.000125815
39741: 0.000125811
39742: 0.000125808
39743: 0.000125805
39744: 0.000125802
39745: 0.000125799
39746: 0.000125796
39747: 0.000125792
39748: 0.000125789
39749: 0.000125786
39750: 0.000125783
39751: 0.00012578
39752: 0.000125777
39753: 0.000125774
39754: 0.00012577
39755: 0.000125767
39756: 0.000125764
39757: 0.000125761
39758: 0.000125758
39759: 0.000125755
39760: 0.000125751
39761: 0.000125748
39762: 0.000125745
39763: 0.000125742
39764: 0.000125739
39765: 0.000125736
39766: 0.000125732
39767: 0.000125729
39768: 0.000125726
39769: 0.000125723
39770: 0.00012572
39771: 0.000125717
39772: 0.000125713
39773: 0.00012571
39774: 0.000125707
39775: 0.000125704
39776: 0.000125701
39777: 0.000125698
39778: 0.000125694
39779: 0.000125691
39780: 0.000125688
39781: 0.000125685
39782: 0.000125682
39783: 0.000125679
39784: 0.000125676
39785: 0.000125672
39786: 0.000125669
39787: 0.000125666
39788: 0.000125663
39789: 0.00012566
39790: 0.000125657
39791: 0.000125653
39792: 0.00012565
39793: 0.000125647
39794: 0.000125644
39795: 0.000125641
39796: 0.000125638
39797: 0.000125634
39798: 0.000125631
39799: 0.000125628
39800: 0.000125625
39801: 0.000125622
39802: 0.000125619
39803: 0.000125616
39804: 0.000125612
39805: 0.000125609
39806: 0.000125606
39807: 0.000125603
39808: 0.0001256
39809: 0.000125597
39810: 0.000125593
39811: 0.00012559
39812: 0.000125587
39813: 0.000125584
39814: 0.000125581
39815: 0.000125578
39816: 0.000125575
39817: 0.000125571
39818: 0.000125568
39819: 0.000125565
39820: 0.000125562
39821: 0.000125559
39822: 0.000125556
39823: 0.000125552
39824: 0.000125549
39825: 0.000125546
39826: 0.000125543
39827: 0.00012554
39828: 0.000125537
39829: 0.000125534
39830: 0.00012553
39831: 0.000125527
39832: 0.000125524
39833: 0.000125521
39834: 0.000125518
39835: 0.000125515
39836: 0.000125511
39837: 0.000125508
39838: 0.000125505
39839: 0.000125502
39840: 0.000125499
39841: 0.000125496
39842: 0.000125493
39843: 0.000125489
39844: 0.000125486
39845: 0.000125483
39846: 0.00012548
39847: 0.000125477
39848: 0.000125474
39849: 0.000125471
39850: 0.000125467
39851: 0.000125464
39852: 0.000125461
39853: 0.000125458
39854: 0.000125455
39855: 0.000125452
39856: 0.000125448
39857: 0.000125445
39858: 0.000125442
39859: 0.000125439
39860: 0.000125436
39861: 0.000125433
39862: 0.00012543
39863: 0.000125426
39864: 0.000125423
39865: 0.00012542
39866: 0.000125417
39867: 0.000125414
39868: 0.000125411
39869: 0.000125408
39870: 0.000125404
39871: 0.000125401
39872: 0.000125398
39873: 0.000125395
39874: 0.000125392
39875: 0.000125389
39876: 0.000125386
39877: 0.000125382
39878: 0.000125379
39879: 0.000125376
39880: 0.000125373
39881: 0.00012537
39882: 0.000125367
39883: 0.000125364
39884: 0.00012536
39885: 0.000125357
39886: 0.000125354
39887: 0.000125351
39888: 0.000125348
39889: 0.000125345
39890: 0.000125342
39891: 0.000125338
39892: 0.000125335
39893: 0.000125332
39894: 0.000125329
39895: 0.000125326
39896: 0.000125323
39897: 0.00012532
39898: 0.000125316
39899: 0.000125313
39900: 0.00012531
39901: 0.000125307
39902: 0.000125304
39903: 0.000125301
39904: 0.000125298
39905: 0.000125294
39906: 0.000125291
39907: 0.000125288
39908: 0.000125285
39909: 0.000125282
39910: 0.000125279
39911: 0.000125276
39912: 0.000125272
39913: 0.000125269
39914: 0.000125266
39915: 0.000125263
39916: 0.00012526
39917: 0.000125257
39918: 0.000125254
39919: 0.000125251
39920: 0.000125247
39921: 0.000125244
39922: 0.000125241
39923: 0.000125238
39924: 0.000125235
39925: 0.000125232
39926: 0.000125229
39927: 0.000125225
39928: 0.000125222
39929: 0.000125219
39930: 0.000125216
39931: 0.000125213
39932: 0.00012521
39933: 0.000125207
39934: 0.000125203
39935: 0.0001252
39936: 0.000125197
39937: 0.000125194
39938: 0.000125191
39939: 0.000125188
39940: 0.000125185
39941: 0.000125182
39942: 0.000125178
39943: 0.000125175
39944: 0.000125172
39945: 0.000125169
39946: 0.000125166
39947: 0.000125163
39948: 0.00012516
39949: 0.000125156
39950: 0.000125153
39951: 0.00012515
39952: 0.000125147
39953: 0.000125144
39954: 0.000125141
39955: 0.000125138
39956: 0.000125135
39957: 0.000125131
39958: 0.000125128
39959: 0.000125125
39960: 0.000125122
39961: 0.000125119
39962: 0.000125116
39963: 0.000125113
39964: 0.000125109
39965: 0.000125106
39966: 0.000125103
39967: 0.0001251
39968: 0.000125097
39969: 0.000125094
39970: 0.000125091
39971: 0.000125088
39972: 0.000125084
39973: 0.000125081
39974: 0.000125078
39975: 0.000125075
39976: 0.000125072
39977: 0.000125069
39978: 0.000125066
39979: 0.000125063
39980: 0.000125059
39981: 0.000125056
39982: 0.000125053
39983: 0.00012505
39984: 0.000125047
39985: 0.000125044
39986: 0.000125041
39987: 0.000125038
39988: 0.000125034
39989: 0.000125031
39990: 0.000125028
39991: 0.000125025
39992: 0.000125022
39993: 0.000125019
39994: 0.000125016
39995: 0.000125013
39996: 0.000125009
39997: 0.000125006
39998: 0.000125003
39999: 0.000125
40000: 0.000124997
40001: 0.000124994
40002: 0.000124991
40003: 0.000124988
40004: 0.000124984
40005: 0.000124981
40006: 0.000124978
40007: 0.000124975
40008: 0.000124972
40009: 0.000124969
40010: 0.000124966
40011: 0.000124963
40012: 0.000124959
40013: 0.000124956
40014: 0.000124953
40015: 0.00012495
40016: 0.000124947
40017: 0.000124944
40018: 0.000124941
40019: 0.000124938
40020: 0.000124934
40021: 0.000124931
40022: 0.000124928
40023: 0.000124925
40024: 0.000124922
40025: 0.000124919
40026: 0.000124916
40027: 0.000124913
40028: 0.000124909
40029: 0.000124906
40030: 0.000124903
40031: 0.0001249
40032: 0.000124897
40033: 0.000124894
40034: 0.000124891
40035: 0.000124888
40036: 0.000124884
40037: 0.000124881
40038: 0.000124878
40039: 0.000124875
40040: 0.000124872
40041: 0.000124869
40042: 0.000124866
40043: 0.000124863
40044: 0.00012486
40045: 0.000124856
40046: 0.000124853
40047: 0.00012485
40048: 0.000124847
40049: 0.000124844
40050: 0.000124841
40051: 0.000124838
40052: 0.000124835
40053: 0.000124831
40054: 0.000124828
40055: 0.000124825
40056: 0.000124822
40057: 0.000124819
40058: 0.000124816
40059: 0.000124813
40060: 0.00012481
40061: 0.000124807
40062: 0.000124803
40063: 0.0001248
40064: 0.000124797
40065: 0.000124794
40066: 0.000124791
40067: 0.000124788
40068: 0.000124785
40069: 0.000124782
40070: 0.000124779
40071: 0.000124775
40072: 0.000124772
40073: 0.000124769
40074: 0.000124766
40075: 0.000124763
40076: 0.00012476
40077: 0.000124757
40078: 0.000124754
40079: 0.00012475
40080: 0.000124747
40081: 0.000124744
40082: 0.000124741
40083: 0.000124738
40084: 0.000124735
40085: 0.000124732
40086: 0.000124729
40087: 0.000124726
40088: 0.000124722
40089: 0.000124719
40090: 0.000124716
40091: 0.000124713
40092: 0.00012471
40093: 0.000124707
40094: 0.000124704
40095: 0.000124701
40096: 0.000124698
40097: 0.000124694
40098: 0.000124691
40099: 0.000124688
40100: 0.000124685
40101: 0.000124682
40102: 0.000124679
40103: 0.000124676
40104: 0.000124673
40105: 0.00012467
40106: 0.000124667
40107: 0.000124663
40108: 0.00012466
40109: 0.000124657
40110: 0.000124654
40111: 0.000124651
40112: 0.000124648
40113: 0.000124645
40114: 0.000124642
40115: 0.000124639
40116: 0.000124635
40117: 0.000124632
40118: 0.000124629
40119: 0.000124626
40120: 0.000124623
40121: 0.00012462
40122: 0.000124617
40123: 0.000124614
40124: 0.000124611
40125: 0.000124607
40126: 0.000124604
40127: 0.000124601
40128: 0.000124598
40129: 0.000124595
40130: 0.000124592
40131: 0.000124589
40132: 0.000124586
40133: 0.000124583
40134: 0.00012458
40135: 0.000124576
40136: 0.000124573
40137: 0.00012457
40138: 0.000124567
40139: 0.000124564
40140: 0.000124561
40141: 0.000124558
40142: 0.000124555
40143: 0.000124552
40144: 0.000124549
40145: 0.000124545
40146: 0.000124542
40147: 0.000124539
40148: 0.000124536
40149: 0.000124533
40150: 0.00012453
40151: 0.000124527
40152: 0.000124524
40153: 0.000124521
40154: 0.000124517
40155: 0.000124514
40156: 0.000124511
40157: 0.000124508
40158: 0.000124505
40159: 0.000124502
40160: 0.000124499
40161: 0.000124496
40162: 0.000124493
40163: 0.00012449
40164: 0.000124486
40165: 0.000124483
40166: 0.00012448
40167: 0.000124477
40168: 0.000124474
40169: 0.000124471
40170: 0.000124468
40171: 0.000124465
40172: 0.000124462
40173: 0.000124459
40174: 0.000124456
40175: 0.000124452
40176: 0.000124449
40177: 0.000124446
40178: 0.000124443
40179: 0.00012444
40180: 0.000124437
40181: 0.000124434
40182: 0.000124431
40183: 0.000124428
40184: 0.000124425
40185: 0.000124421
40186: 0.000124418
40187: 0.000124415
40188: 0.000124412
40189: 0.000124409
40190: 0.000124406
40191: 0.000124403
40192: 0.0001244
40193: 0.000124397
40194: 0.000124394
40195: 0.00012439
40196: 0.000124387
40197: 0.000124384
40198: 0.000124381
40199: 0.000124378
40200: 0.000124375
40201: 0.000124372
40202: 0.000124369
40203: 0.000124366
40204: 0.000124363
40205: 0.00012436
40206: 0.000124356
40207: 0.000124353
40208: 0.00012435
40209: 0.000124347
40210: 0.000124344
40211: 0.000124341
40212: 0.000124338
40213: 0.000124335
40214: 0.000124332
40215: 0.000124329
40216: 0.000124326
40217: 0.000124322
40218: 0.000124319
40219: 0.000124316
40220: 0.000124313
40221: 0.00012431
40222: 0.000124307
40223: 0.000124304
40224: 0.000124301
40225: 0.000124298
40226: 0.000124295
40227: 0.000124292
40228: 0.000124288
40229: 0.000124285
40230: 0.000124282
40231: 0.000124279
40232: 0.000124276
40233: 0.000124273
40234: 0.00012427
40235: 0.000124267
40236: 0.000124264
40237: 0.000124261
40238: 0.000124258
40239: 0.000124254
40240: 0.000124251
40241: 0.000124248
40242: 0.000124245
40243: 0.000124242
40244: 0.000124239
40245: 0.000124236
40246: 0.000124233
40247: 0.00012423
40248: 0.000124227
40249: 0.000124224
40250: 0.000124221
40251: 0.000124217
40252: 0.000124214
40253: 0.000124211
40254: 0.000124208
40255: 0.000124205
40256: 0.000124202
40257: 0.000124199
40258: 0.000124196
40259: 0.000124193
40260: 0.00012419
40261: 0.000124187
40262: 0.000124183
40263: 0.00012418
40264: 0.000124177
40265: 0.000124174
40266: 0.000124171
40267: 0.000124168
40268: 0.000124165
40269: 0.000124162
40270: 0.000124159
40271: 0.000124156
40272: 0.000124153
40273: 0.00012415
40274: 0.000124146
40275: 0.000124143
40276: 0.00012414
40277: 0.000124137
40278: 0.000124134
40279: 0.000124131
40280: 0.000124128
40281: 0.000124125
40282: 0.000124122
40283: 0.000124119
40284: 0.000124116
40285: 0.000124113
40286: 0.00012411
40287: 0.000124106
40288: 0.000124103
40289: 0.0001241
40290: 0.000124097
40291: 0.000124094
40292: 0.000124091
40293: 0.000124088
40294: 0.000124085
40295: 0.000124082
40296: 0.000124079
40297: 0.000124076
40298: 0.000124073
40299: 0.000124069
40300: 0.000124066
40301: 0.000124063
40302: 0.00012406
40303: 0.000124057
40304: 0.000124054
40305: 0.000124051
40306: 0.000124048
40307: 0.000124045
40308: 0.000124042
40309: 0.000124039
40310: 0.000124036
40311: 0.000124033
40312: 0.000124029
40313: 0.000124026
40314: 0.000124023
40315: 0.00012402
40316: 0.000124017
40317: 0.000124014
40318: 0.000124011
40319: 0.000124008
40320: 0.000124005
40321: 0.000124002
40322: 0.000123999
40323: 0.000123996
40324: 0.000123993
40325: 0.000123989
40326: 0.000123986
40327: 0.000123983
40328: 0.00012398
40329: 0.000123977
40330: 0.000123974
40331: 0.000123971
40332: 0.000123968
40333: 0.000123965
40334: 0.000123962
40335: 0.000123959
40336: 0.000123956
40337: 0.000123953
40338: 0.00012395
40339: 0.000123946
40340: 0.000123943
40341: 0.00012394
40342: 0.000123937
40343: 0.000123934
40344: 0.000123931
40345: 0.000123928
40346: 0.000123925
40347: 0.000123922
40348: 0.000123919
40349: 0.000123916
40350: 0.000123913
40351: 0.00012391
40352: 0.000123907
40353: 0.000123903
40354: 0.0001239
40355: 0.000123897
40356: 0.000123894
40357: 0.000123891
40358: 0.000123888
40359: 0.000123885
40360: 0.000123882
40361: 0.000123879
40362: 0.000123876
40363: 0.000123873
40364: 0.00012387
40365: 0.000123867
40366: 0.000123864
40367: 0.00012386
40368: 0.000123857
40369: 0.000123854
40370: 0.000123851
40371: 0.000123848
40372: 0.000123845
40373: 0.000123842
40374: 0.000123839
40375: 0.000123836
40376: 0.000123833
40377: 0.00012383
40378: 0.000123827
40379: 0.000123824
40380: 0.000123821
40381: 0.000123818
40382: 0.000123814
40383: 0.000123811
40384: 0.000123808
40385: 0.000123805
40386: 0.000123802
40387: 0.000123799
40388: 0.000123796
40389: 0.000123793
40390: 0.00012379
40391: 0.000123787
40392: 0.000123784
40393: 0.000123781
40394: 0.000123778
40395: 0.000123775
40396: 0.000123772
40397: 0.000123769
40398: 0.000123765
40399: 0.000123762
40400: 0.000123759
40401: 0.000123756
40402: 0.000123753
40403: 0.00012375
40404: 0.000123747
40405: 0.000123744
40406: 0.000123741
40407: 0.000123738
40408: 0.000123735
40409: 0.000123732
40410: 0.000123729
40411: 0.000123726
40412: 0.000123723
40413: 0.00012372
40414: 0.000123716
40415: 0.000123713
40416: 0.00012371
40417: 0.000123707
40418: 0.000123704
40419: 0.000123701
40420: 0.000123698
40421: 0.000123695
40422: 0.000123692
40423: 0.000123689
40424: 0.000123686
40425: 0.000123683
40426: 0.00012368
40427: 0.000123677
40428: 0.000123674
40429: 0.000123671
40430: 0.000123667
40431: 0.000123664
40432: 0.000123661
40433: 0.000123658
40434: 0.000123655
40435: 0.000123652
40436: 0.000123649
40437: 0.000123646
40438: 0.000123643
40439: 0.00012364
40440: 0.000123637
40441: 0.000123634
40442: 0.000123631
40443: 0.000123628
40444: 0.000123625
40445: 0.000123622
40446: 0.000123619
40447: 0.000123616
40448: 0.000123612
40449: 0.000123609
40450: 0.000123606
40451: 0.000123603
40452: 0.0001236
40453: 0.000123597
40454: 0.000123594
40455: 0.000123591
40456: 0.000123588
40457: 0.000123585
40458: 0.000123582
40459: 0.000123579
40460: 0.000123576
40461: 0.000123573
40462: 0.00012357
40463: 0.000123567
40464: 0.000123564
40465: 0.000123561
40466: 0.000123557
40467: 0.000123554
40468: 0.000123551
40469: 0.000123548
40470: 0.000123545
40471: 0.000123542
40472: 0.000123539
40473: 0.000123536
40474: 0.000123533
40475: 0.00012353
40476: 0.000123527
40477: 0.000123524
40478: 0.000123521
40479: 0.000123518
40480: 0.000123515
40481: 0.000123512
40482: 0.000123509
40483: 0.000123506
40484: 0.000123503
40485: 0.000123499
40486: 0.000123496
40487: 0.000123493
40488: 0.00012349
40489: 0.000123487
40490: 0.000123484
40491: 0.000123481
40492: 0.000123478
40493: 0.000123475
40494: 0.000123472
40495: 0.000123469
40496: 0.000123466
40497: 0.000123463
40498: 0.00012346
40499: 0.000123457
40500: 0.000123454
40501: 0.000123451
40502: 0.000123448
40503: 0.000123445
40504: 0.000123442
40505: 0.000123439
40506: 0.000123435
40507: 0.000123432
40508: 0.000123429
40509: 0.000123426
40510: 0.000123423
40511: 0.00012342
40512: 0.000123417
40513: 0.000123414
40514: 0.000123411
40515: 0.000123408
40516: 0.000123405
40517: 0.000123402
40518: 0.000123399
40519: 0.000123396
40520: 0.000123393
40521: 0.00012339
40522: 0.000123387
40523: 0.000123384
40524: 0.000123381
40525: 0.000123378
40526: 0.000123375
40527: 0.000123371
40528: 0.000123368
40529: 0.000123365
40530: 0.000123362
40531: 0.000123359
40532: 0.000123356
40533: 0.000123353
40534: 0.00012335
40535: 0.000123347
40536: 0.000123344
40537: 0.000123341
40538: 0.000123338
40539: 0.000123335
40540: 0.000123332
40541: 0.000123329
40542: 0.000123326
40543: 0.000123323
40544: 0.00012332
40545: 0.000123317
40546: 0.000123314
40547: 0.000123311
40548: 0.000123308
40549: 0.000123305
40550: 0.000123302
40551: 0.000123298
40552: 0.000123295
40553: 0.000123292
40554: 0.000123289
40555: 0.000123286
40556: 0.000123283
40557: 0.00012328
40558: 0.000123277
40559: 0.000123274
40560: 0.000123271
40561: 0.000123268
40562: 0.000123265
40563: 0.000123262
40564: 0.000123259
40565: 0.000123256
40566: 0.000123253
40567: 0.00012325
40568: 0.000123247
40569: 0.000123244
40570: 0.000123241
40571: 0.000123238
40572: 0.000123235
40573: 0.000123232
40574: 0.000123229
40575: 0.000123226
40576: 0.000123223
40577: 0.000123219
40578: 0.000123216
40579: 0.000123213
40580: 0.00012321
40581: 0.000123207
40582: 0.000123204
40583: 0.000123201
40584: 0.000123198
40585: 0.000123195
40586: 0.000123192
40587: 0.000123189
40588: 0.000123186
40589: 0.000123183
40590: 0.00012318
40591: 0.000123177
40592: 0.000123174
40593: 0.000123171
40594: 0.000123168
40595: 0.000123165
40596: 0.000123162
40597: 0.000123159
40598: 0.000123156
40599: 0.000123153
40600: 0.00012315
40601: 0.000123147
40602: 0.000123144
40603: 0.000123141
40604: 0.000123138
40605: 0.000123135
40606: 0.000123131
40607: 0.000123128
40608: 0.000123125
40609: 0.000123122
40610: 0.000123119
40611: 0.000123116
40612: 0.000123113
40613: 0.00012311
40614: 0.000123107
40615: 0.000123104
40616: 0.000123101
40617: 0.000123098
40618: 0.000123095
40619: 0.000123092
40620: 0.000123089
40621: 0.000123086
40622: 0.000123083
40623: 0.00012308
40624: 0.000123077
40625: 0.000123074
40626: 0.000123071
40627: 0.000123068
40628: 0.000123065
40629: 0.000123062
40630: 0.000123059
40631: 0.000123056
40632: 0.000123053
40633: 0.00012305
40634: 0.000123047
40635: 0.000123044
40636: 0.000123041
40637: 0.000123038
40638: 0.000123035
40639: 0.000123031
40640: 0.000123028
40641: 0.000123025
40642: 0.000123022
40643: 0.000123019
40644: 0.000123016
40645: 0.000123013
40646: 0.00012301
40647: 0.000123007
40648: 0.000123004
40649: 0.000123001
40650: 0.000122998
40651: 0.000122995
40652: 0.000122992
40653: 0.000122989
40654: 0.000122986
40655: 0.000122983
40656: 0.00012298
40657: 0.000122977
40658: 0.000122974
40659: 0.000122971
40660: 0.000122968
40661: 0.000122965
40662: 0.000122962
40663: 0.000122959
40664: 0.000122956
40665: 0.000122953
40666: 0.00012295
40667: 0.000122947
40668: 0.000122944
40669: 0.000122941
40670: 0.000122938
40671: 0.000122935
40672: 0.000122932
40673: 0.000122929
40674: 0.000122926
40675: 0.000122923
40676: 0.00012292
40677: 0.000122917
40678: 0.000122914
40679: 0.000122911
40680: 0.000122907
40681: 0.000122904
40682: 0.000122901
40683: 0.000122898
40684: 0.000122895
40685: 0.000122892
40686: 0.000122889
40687: 0.000122886
40688: 0.000122883
40689: 0.00012288
40690: 0.000122877
40691: 0.000122874
40692: 0.000122871
40693: 0.000122868
40694: 0.000122865
40695: 0.000122862
40696: 0.000122859
40697: 0.000122856
40698: 0.000122853
40699: 0.00012285
40700: 0.000122847
40701: 0.000122844
40702: 0.000122841
40703: 0.000122838
40704: 0.000122835
40705: 0.000122832
40706: 0.000122829
40707: 0.000122826
40708: 0.000122823
40709: 0.00012282
40710: 0.000122817
40711: 0.000122814
40712: 0.000122811
40713: 0.000122808
40714: 0.000122805
40715: 0.000122802
40716: 0.000122799
40717: 0.000122796
40718: 0.000122793
40719: 0.00012279
40720: 0.000122787
40721: 0.000122784
40722: 0.000122781
40723: 0.000122778
40724: 0.000122775
40725: 0.000122772
40726: 0.000122769
40727: 0.000122766
40728: 0.000122763
40729: 0.00012276
40730: 0.000122757
40731: 0.000122754
40732: 0.000122751
40733: 0.000122748
40734: 0.000122745
40735: 0.000122742
40736: 0.000122739
40737: 0.000122736
40738: 0.000122733
40739: 0.00012273
40740: 0.000122726
40741: 0.000122723
40742: 0.00012272
40743: 0.000122717
40744: 0.000122714
40745: 0.000122711
40746: 0.000122708
40747: 0.000122705
40748: 0.000122702
40749: 0.000122699
40750: 0.000122696
40751: 0.000122693
40752: 0.00012269
40753: 0.000122687
40754: 0.000122684
40755: 0.000122681
40756: 0.000122678
40757: 0.000122675
40758: 0.000122672
40759: 0.000122669
40760: 0.000122666
40761: 0.000122663
40762: 0.00012266
40763: 0.000122657
40764: 0.000122654
40765: 0.000122651
40766: 0.000122648
40767: 0.000122645
40768: 0.000122642
40769: 0.000122639
40770: 0.000122636
40771: 0.000122633
40772: 0.00012263
40773: 0.000122627
40774: 0.000122624
40775: 0.000122621
40776: 0.000122618
40777: 0.000122615
40778: 0.000122612
40779: 0.000122609
40780: 0.000122606
40781: 0.000122603
40782: 0.0001226
40783: 0.000122597
40784: 0.000122594
40785: 0.000122591
40786: 0.000122588
40787: 0.000122585
40788: 0.000122582
40789: 0.000122579
40790: 0.000122576
40791: 0.000122573
40792: 0.00012257
40793: 0.000122567
40794: 0.000122564
40795: 0.000122561
40796: 0.000122558
40797: 0.000122555
40798: 0.000122552
40799: 0.000122549
40800: 0.000122546
40801: 0.000122543
40802: 0.00012254
40803: 0.000122537
40804: 0.000122534
40805: 0.000122531
40806: 0.000122528
40807: 0.000122525
40808: 0.000122522
40809: 0.000122519
40810: 0.000122516
40811: 0.000122513
40812: 0.00012251
40813: 0.000122507
40814: 0.000122504
40815: 0.000122501
40816: 0.000122498
40817: 0.000122495
40818: 0.000122492
40819: 0.000122489
40820: 0.000122486
40821: 0.000122483
40822: 0.00012248
40823: 0.000122477
40824: 0.000122474
40825: 0.000122471
40826: 0.000122468
40827: 0.000122465
40828: 0.000122462
40829: 0.000122459
40830: 0.000122456
40831: 0.000122453
40832: 0.00012245
40833: 0.000122447
40834: 0.000122444
40835: 0.000122441
40836: 0.000122438
40837: 0.000122435
40838: 0.000122432
40839: 0.000122429
40840: 0.000122426
40841: 0.000122423
40842: 0.00012242
40843: 0.000122417
40844: 0.000122414
40845: 0.000122411
40846: 0.000122408
40847: 0.000122405
40848: 0.000122402
40849: 0.000122399
40850: 0.000122396
40851: 0.000122393
40852: 0.00012239
40853: 0.000122387
40854: 0.000122384
40855: 0.000122381
40856: 0.000122378
40857: 0.000122375
40858: 0.000122372
40859: 0.000122369
40860: 0.000122366
40861: 0.000122363
40862: 0.00012236
40863: 0.000122357
40864: 0.000122354
40865: 0.000122351
40866: 0.000122348
40867: 0.000122345
40868: 0.000122342
40869: 0.000122339
40870: 0.000122336
40871: 0.000122333
40872: 0.00012233
40873: 0.000122327
40874: 0.000122324
40875: 0.000122321
40876: 0.000122318
40877: 0.000122315
40878: 0.000122312
40879: 0.000122309
40880: 0.000122306
40881: 0.000122303
40882: 0.0001223
40883: 0.000122297
40884: 0.000122294
40885: 0.000122291
40886: 0.000122288
40887: 0.000122285
40888: 0.000122282
40889: 0.000122279
40890: 0.000122276
40891: 0.000122273
40892: 0.00012227
40893: 0.000122267
40894: 0.000122264
40895: 0.000122261
40896: 0.000122258
40897: 0.000122255
40898: 0.000122252
40899: 0.000122249
40900: 0.000122246
40901: 0.000122243
40902: 0.00012224
40903: 0.000122237
40904: 0.000122234
40905: 0.000122231
40906: 0.000122228
40907: 0.000122225
40908: 0.000122222
40909: 0.00012222
40910: 0.000122217
40911: 0.000122214
40912: 0.000122211
40913: 0.000122208
40914: 0.000122205
40915: 0.000122202
40916: 0.000122199
40917: 0.000122196
40918: 0.000122193
40919: 0.00012219
40920: 0.000122187
40921: 0.000122184
40922: 0.000122181
40923: 0.000122178
40924: 0.000122175
40925: 0.000122172
40926: 0.000122169
40927: 0.000122166
40928: 0.000122163
40929: 0.00012216
40930: 0.000122157
40931: 0.000122154
40932: 0.000122151
40933: 0.000122148
40934: 0.000122145
40935: 0.000122142
40936: 0.000122139
40937: 0.000122136
40938: 0.000122133
40939: 0.00012213
40940: 0.000122127
40941: 0.000122124
40942: 0.000122121
40943: 0.000122118
40944: 0.000122115
40945: 0.000122112
40946: 0.000122109
40947: 0.000122106
40948: 0.000122103
40949: 0.0001221
40950: 0.000122097
40951: 0.000122094
40952: 0.000122091
40953: 0.000122088
40954: 0.000122085
40955: 0.000122082
40956: 0.000122079
40957: 0.000122076
40958: 0.000122073
40959: 0.00012207
40960: 0.000122067
40961: 0.000122064
40962: 0.000122061
40963: 0.000122058
40964: 0.000122055
40965: 0.000122052
40966: 0.000122049
40967: 0.000122046
40968: 0.000122043
40969: 0.000122041
40970: 0.000122038
40971: 0.000122035
40972: 0.000122032
40973: 0.000122029
40974: 0.000122026
40975: 0.000122023
40976: 0.00012202
40977: 0.000122017
40978: 0.000122014
40979: 0.000122011
40980: 0.000122008
40981: 0.000122005
40982: 0.000122002
40983: 0.000121999
40984: 0.000121996
40985: 0.000121993
40986: 0.00012199
40987: 0.000121987
40988: 0.000121984
40989: 0.000121981
40990: 0.000121978
40991: 0.000121975
40992: 0.000121972
40993: 0.000121969
40994: 0.000121966
40995: 0.000121963
40996: 0.00012196
40997: 0.000121957
40998: 0.000121954
40999: 0.000121951
41000: 0.000121948
41001: 0.000121945
41002: 0.000121942
41003: 0.000121939
41004: 0.000121936
41005: 0.000121933
41006: 0.00012193
41007: 0.000121927
41008: 0.000121924
41009: 0.000121921
41010: 0.000121919
41011: 0.000121916
41012: 0.000121913
41013: 0.00012191
41014: 0.000121907
41015: 0.000121904
41016: 0.000121901
41017: 0.000121898
41018: 0.000121895
41019: 0.000121892
41020: 0.000121889
41021: 0.000121886
41022: 0.000121883
41023: 0.00012188
41024: 0.000121877
41025: 0.000121874
41026: 0.000121871
41027: 0.000121868
41028: 0.000121865
41029: 0.000121862
41030: 0.000121859
41031: 0.000121856
41032: 0.000121853
41033: 0.00012185
41034: 0.000121847
41035: 0.000121844
41036: 0.000121841
41037: 0.000121838
41038: 0.000121835
41039: 0.000121832
41040: 0.000121829
41041: 0.000121826
41042: 0.000121823
41043: 0.00012182
41044: 0.000121818
41045: 0.000121815
41046: 0.000121812
41047: 0.000121809
41048: 0.000121806
41049: 0.000121803
41050: 0.0001218
41051: 0.000121797
41052: 0.000121794
41053: 0.000121791
41054: 0.000121788
41055: 0.000121785
41056: 0.000121782
41057: 0.000121779
41058: 0.000121776
41059: 0.000121773
41060: 0.00012177
41061: 0.000121767
41062: 0.000121764
41063: 0.000121761
41064: 0.000121758
41065: 0.000121755
41066: 0.000121752
41067: 0.000121749
41068: 0.000121746
41069: 0.000121743
41070: 0.00012174
41071: 0.000121737
41072: 0.000121734
41073: 0.000121732
41074: 0.000121729
41075: 0.000121726
41076: 0.000121723
41077: 0.00012172
41078: 0.000121717
41079: 0.000121714
41080: 0.000121711
41081: 0.000121708
41082: 0.000121705
41083: 0.000121702
41084: 0.000121699
41085: 0.000121696
41086: 0.000121693
41087: 0.00012169
41088: 0.000121687
41089: 0.000121684
41090: 0.000121681
41091: 0.000121678
41092: 0.000121675
41093: 0.000121672
41094: 0.000121669
41095: 0.000121666
41096: 0.000121663
41097: 0.00012166
41098: 0.000121657
41099: 0.000121655
41100: 0.000121652
41101: 0.000121649
41102: 0.000121646
41103: 0.000121643
41104: 0.00012164
41105: 0.000121637
41106: 0.000121634
41107: 0.000121631
41108: 0.000121628
41109: 0.000121625
41110: 0.000121622
41111: 0.000121619
41112: 0.000121616
41113: 0.000121613
41114: 0.00012161
41115: 0.000121607
41116: 0.000121604
41117: 0.000121601
41118: 0.000121598
41119: 0.000121595
41120: 0.000121592
41121: 0.000121589
41122: 0.000121586
41123: 0.000121584
41124: 0.000121581
41125: 0.000121578
41126: 0.000121575
41127: 0.000121572
41128: 0.000121569
41129: 0.000121566
41130: 0.000121563
41131: 0.00012156
41132: 0.000121557
41133: 0.000121554
41134: 0.000121551
41135: 0.000121548
41136: 0.000121545
41137: 0.000121542
41138: 0.000121539
41139: 0.000121536
41140: 0.000121533
41141: 0.00012153
41142: 0.000121527
41143: 0.000121524
41144: 0.000121521
41145: 0.000121518
41146: 0.000121516
41147: 0.000121513
41148: 0.00012151
41149: 0.000121507
41150: 0.000121504
41151: 0.000121501
41152: 0.000121498
41153: 0.000121495
41154: 0.000121492
41155: 0.000121489
41156: 0.000121486
41157: 0.000121483
41158: 0.00012148
41159: 0.000121477
41160: 0.000121474
41161: 0.000121471
41162: 0.000121468
41163: 0.000121465
41164: 0.000121462
41165: 0.000121459
41166: 0.000121457
41167: 0.000121454
41168: 0.000121451
41169: 0.000121448
41170: 0.000121445
41171: 0.000121442
41172: 0.000121439
41173: 0.000121436
41174: 0.000121433
41175: 0.00012143
41176: 0.000121427
41177: 0.000121424
41178: 0.000121421
41179: 0.000121418
41180: 0.000121415
41181: 0.000121412
41182: 0.000121409
41183: 0.000121406
41184: 0.000121403
41185: 0.0001214
41186: 0.000121398
41187: 0.000121395
41188: 0.000121392
41189: 0.000121389
41190: 0.000121386
41191: 0.000121383
41192: 0.00012138
41193: 0.000121377
41194: 0.000121374
41195: 0.000121371
41196: 0.000121368
41197: 0.000121365
41198: 0.000121362
41199: 0.000121359
41200: 0.000121356
41201: 0.000121353
41202: 0.00012135
41203: 0.000121347
41204: 0.000121344
41205: 0.000121342
41206: 0.000121339
41207: 0.000121336
41208: 0.000121333
41209: 0.00012133
41210: 0.000121327
41211: 0.000121324
41212: 0.000121321
41213: 0.000121318
41214: 0.000121315
41215: 0.000121312
41216: 0.000121309
41217: 0.000121306
41218: 0.000121303
41219: 0.0001213
41220: 0.000121297
41221: 0.000121294
41222: 0.000121292
41223: 0.000121289
41224: 0.000121286
41225: 0.000121283
41226: 0.00012128
41227: 0.000121277
41228: 0.000121274
41229: 0.000121271
41230: 0.000121268
41231: 0.000121265
41232: 0.000121262
41233: 0.000121259
41234: 0.000121256
41235: 0.000121253
41236: 0.00012125
41237: 0.000121247
41238: 0.000121244
41239: 0.000121242
41240: 0.000121239
41241: 0.000121236
41242: 0.000121233
41243: 0.00012123
41244: 0.000121227
41245: 0.000121224
41246: 0.000121221
41247: 0.000121218
41248: 0.000121215
41249: 0.000121212
41250: 0.000121209
41251: 0.000121206
41252: 0.000121203
41253: 0.0001212
41254: 0.000121197
41255: 0.000121194
41256: 0.000121192
41257: 0.000121189
41258: 0.000121186
41259: 0.000121183
41260: 0.00012118
41261: 0.000121177
41262: 0.000121174
41263: 0.000121171
41264: 0.000121168
41265: 0.000121165
41266: 0.000121162
41267: 0.000121159
41268: 0.000121156
41269: 0.000121153
41270: 0.00012115
41271: 0.000121148
41272: 0.000121145
41273: 0.000121142
41274: 0.000121139
41275: 0.000121136
41276: 0.000121133
41277: 0.00012113
41278: 0.000121127
41279: 0.000121124
41280: 0.000121121
41281: 0.000121118
41282: 0.000121115
41283: 0.000121112
41284: 0.000121109
41285: 0.000121106
41286: 0.000121103
41287: 0.000121101
41288: 0.000121098
41289: 0.000121095
41290: 0.000121092
41291: 0.000121089
41292: 0.000121086
41293: 0.000121083
41294: 0.00012108
41295: 0.000121077
41296: 0.000121074
41297: 0.000121071
41298: 0.000121068
41299: 0.000121065
41300: 0.000121062
41301: 0.00012106
41302: 0.000121057
41303: 0.000121054
41304: 0.000121051
41305: 0.000121048
41306: 0.000121045
41307: 0.000121042
41308: 0.000121039
41309: 0.000121036
41310: 0.000121033
41311: 0.00012103
41312: 0.000121027
41313: 0.000121024
41314: 0.000121021
41315: 0.000121018
41316: 0.000121016
41317: 0.000121013
41318: 0.00012101
41319: 0.000121007
41320: 0.000121004
41321: 0.000121001
41322: 0.000120998
41323: 0.000120995
41324: 0.000120992
41325: 0.000120989
41326: 0.000120986
41327: 0.000120983
41328: 0.00012098
41329: 0.000120977
41330: 0.000120975
41331: 0.000120972
41332: 0.000120969
41333: 0.000120966
41334: 0.000120963
41335: 0.00012096
41336: 0.000120957
41337: 0.000120954
41338: 0.000120951
41339: 0.000120948
41340: 0.000120945
41341: 0.000120942
41342: 0.000120939
41343: 0.000120937
41344: 0.000120934
41345: 0.000120931
41346: 0.000120928
41347: 0.000120925
41348: 0.000120922
41349: 0.000120919
41350: 0.000120916
41351: 0.000120913
41352: 0.00012091
41353: 0.000120907
41354: 0.000120904
41355: 0.000120901
41356: 0.000120899
41357: 0.000120896
41358: 0.000120893
41359: 0.00012089
41360: 0.000120887
41361: 0.000120884
41362: 0.000120881
41363: 0.000120878
41364: 0.000120875
41365: 0.000120872
41366: 0.000120869
41367: 0.000120866
41368: 0.000120863
41369: 0.000120861
41370: 0.000120858
41371: 0.000120855
41372: 0.000120852
41373: 0.000120849
41374: 0.000120846
41375: 0.000120843
41376: 0.00012084
41377: 0.000120837
41378: 0.000120834
41379: 0.000120831
41380: 0.000120828
41381: 0.000120825
41382: 0.000120823
41383: 0.00012082
41384: 0.000120817
41385: 0.000120814
41386: 0.000120811
41387: 0.000120808
41388: 0.000120805
41389: 0.000120802
41390: 0.000120799
41391: 0.000120796
41392: 0.000120793
41393: 0.00012079
41394: 0.000120788
41395: 0.000120785
41396: 0.000120782
41397: 0.000120779
41398: 0.000120776
41399: 0.000120773
41400: 0.00012077
41401: 0.000120767
41402: 0.000120764
41403: 0.000120761
41404: 0.000120758
41405: 0.000120755
41406: 0.000120753
41407: 0.00012075
41408: 0.000120747
41409: 0.000120744
41410: 0.000120741
41411: 0.000120738
41412: 0.000120735
41413: 0.000120732
41414: 0.000120729
41415: 0.000120726
41416: 0.000120723
41417: 0.00012072
41418: 0.000120718
41419: 0.000120715
41420: 0.000120712
41421: 0.000120709
41422: 0.000120706
41423: 0.000120703
41424: 0.0001207
41425: 0.000120697
41426: 0.000120694
41427: 0.000120691
41428: 0.000120688
41429: 0.000120685
41430: 0.000120683
41431: 0.00012068
41432: 0.000120677
41433: 0.000120674
41434: 0.000120671
41435: 0.000120668
41436: 0.000120665
41437: 0.000120662
41438: 0.000120659
41439: 0.000120656
41440: 0.000120653
41441: 0.000120651
41442: 0.000120648
41443: 0.000120645
41444: 0.000120642
41445: 0.000120639
41446: 0.000120636
41447: 0.000120633
41448: 0.00012063
41449: 0.000120627
41450: 0.000120624
41451: 0.000120621
41452: 0.000120619
41453: 0.000120616
41454: 0.000120613
41455: 0.00012061
41456: 0.000120607
41457: 0.000120604
41458: 0.000120601
41459: 0.000120598
41460: 0.000120595
41461: 0.000120592
41462: 0.000120589
41463: 0.000120587
41464: 0.000120584
41465: 0.000120581
41466: 0.000120578
41467: 0.000120575
41468: 0.000120572
41469: 0.000120569
41470: 0.000120566
41471: 0.000120563
41472: 0.00012056
41473: 0.000120557
41474: 0.000120555
41475: 0.000120552
41476: 0.000120549
41477: 0.000120546
41478: 0.000120543
41479: 0.00012054
41480: 0.000120537
41481: 0.000120534
41482: 0.000120531
41483: 0.000120528
41484: 0.000120525
41485: 0.000120523
41486: 0.00012052
41487: 0.000120517
41488: 0.000120514
41489: 0.000120511
41490: 0.000120508
41491: 0.000120505
41492: 0.000120502
41493: 0.000120499
41494: 0.000120496
41495: 0.000120494
41496: 0.000120491
41497: 0.000120488
41498: 0.000120485
41499: 0.000120482
41500: 0.000120479
41501: 0.000120476
41502: 0.000120473
41503: 0.00012047
41504: 0.000120467
41505: 0.000120465
41506: 0.000120462
41507: 0.000120459
41508: 0.000120456
41509: 0.000120453
41510: 0.00012045
41511: 0.000120447
41512: 0.000120444
41513: 0.000120441
41514: 0.000120438
41515: 0.000120435
41516: 0.000120433
41517: 0.00012043
41518: 0.000120427
41519: 0.000120424
41520: 0.000120421
41521: 0.000120418
41522: 0.000120415
41523: 0.000120412
41524: 0.000120409
41525: 0.000120406
41526: 0.000120404
41527: 0.000120401
41528: 0.000120398
41529: 0.000120395
41530: 0.000120392
41531: 0.000120389
41532: 0.000120386
41533: 0.000120383
41534: 0.00012038
41535: 0.000120378
41536: 0.000120375
41537: 0.000120372
41538: 0.000120369
41539: 0.000120366
41540: 0.000120363
41541: 0.00012036
41542: 0.000120357
41543: 0.000120354
41544: 0.000120351
41545: 0.000120349
41546: 0.000120346
41547: 0.000120343
41548: 0.00012034
41549: 0.000120337
41550: 0.000120334
41551: 0.000120331
41552: 0.000120328
41553: 0.000120325
41554: 0.000120322
41555: 0.00012032
41556: 0.000120317
41557: 0.000120314
41558: 0.000120311
41559: 0.000120308
41560: 0.000120305
41561: 0.000120302
41562: 0.000120299
41563: 0.000120296
41564: 0.000120294
41565: 0.000120291
41566: 0.000120288
41567: 0.000120285
41568: 0.000120282
41569: 0.000120279
41570: 0.000120276
41571: 0.000120273
41572: 0.00012027
41573: 0.000120267
41574: 0.000120265
41575: 0.000120262
41576: 0.000120259
41577: 0.000120256
41578: 0.000120253
41579: 0.00012025
41580: 0.000120247
41581: 0.000120244
41582: 0.000120241
41583: 0.000120239
41584: 0.000120236
41585: 0.000120233
41586: 0.00012023
41587: 0.000120227
41588: 0.000120224
41589: 0.000120221
41590: 0.000120218
41591: 0.000120215
41592: 0.000120213
41593: 0.00012021
41594: 0.000120207
41595: 0.000120204
41596: 0.000120201
41597: 0.000120198
41598: 0.000120195
41599: 0.000120192
41600: 0.000120189
41601: 0.000120187
41602: 0.000120184
41603: 0.000120181
41604: 0.000120178
41605: 0.000120175
41606: 0.000120172
41607: 0.000120169
41608: 0.000120166
41609: 0.000120163
41610: 0.000120161
41611: 0.000120158
41612: 0.000120155
41613: 0.000120152
41614: 0.000120149
41615: 0.000120146
41616: 0.000120143
41617: 0.00012014
41618: 0.000120137
41619: 0.000120135
41620: 0.000120132
41621: 0.000120129
41622: 0.000120126
41623: 0.000120123
41624: 0.00012012
41625: 0.000120117
41626: 0.000120114
41627: 0.000120111
41628: 0.000120109
41629: 0.000120106
41630: 0.000120103
41631: 0.0001201
41632: 0.000120097
41633: 0.000120094
41634: 0.000120091
41635: 0.000120088
41636: 0.000120086
41637: 0.000120083
41638: 0.00012008
41639: 0.000120077
41640: 0.000120074
41641: 0.000120071
41642: 0.000120068
41643: 0.000120065
41644: 0.000120062
41645: 0.00012006
41646: 0.000120057
41647: 0.000120054
41648: 0.000120051
41649: 0.000120048
41650: 0.000120045
41651: 0.000120042
41652: 0.000120039
41653: 0.000120036
41654: 0.000120034
41655: 0.000120031
41656: 0.000120028
41657: 0.000120025
41658: 0.000120022
41659: 0.000120019
41660: 0.000120016
41661: 0.000120013
41662: 0.000120011
41663: 0.000120008
41664: 0.000120005
41665: 0.000120002
41666: 0.000119999
41667: 0.000119996
41668: 0.000119993
41669: 0.00011999
41670: 0.000119988
41671: 0.000119985
41672: 0.000119982
41673: 0.000119979
41674: 0.000119976
41675: 0.000119973
41676: 0.00011997
41677: 0.000119967
41678: 0.000119964
41679: 0.000119962
41680: 0.000119959
41681: 0.000119956
41682: 0.000119953
41683: 0.00011995
41684: 0.000119947
41685: 0.000119944
41686: 0.000119941
41687: 0.000119939
41688: 0.000119936
41689: 0.000119933
41690: 0.00011993
41691: 0.000119927
41692: 0.000119924
41693: 0.000119921
41694: 0.000119918
41695: 0.000119916
41696: 0.000119913
41697: 0.00011991
41698: 0.000119907
41699: 0.000119904
41700: 0.000119901
41701: 0.000119898
41702: 0.000119895
41703: 0.000119893
41704: 0.00011989
41705: 0.000119887
41706: 0.000119884
41707: 0.000119881
41708: 0.000119878
41709: 0.000119875
41710: 0.000119872
41711: 0.00011987
41712: 0.000119867
41713: 0.000119864
41714: 0.000119861
41715: 0.000119858
41716: 0.000119855
41717: 0.000119852
41718: 0.000119849
41719: 0.000119847
41720: 0.000119844
41721: 0.000119841
41722: 0.000119838
41723: 0.000119835
41724: 0.000119832
41725: 0.000119829
41726: 0.000119826
41727: 0.000119824
41728: 0.000119821
41729: 0.000119818
41730: 0.000119815
41731: 0.000119812
41732: 0.000119809
41733: 0.000119806
41734: 0.000119804
41735: 0.000119801
41736: 0.000119798
41737: 0.000119795
41738: 0.000119792
41739: 0.000119789
41740: 0.000119786
41741: 0.000119783
41742: 0.000119781
41743: 0.000119778
41744: 0.000119775
41745: 0.000119772
41746: 0.000119769
41747: 0.000119766
41748: 0.000119763
41749: 0.00011976
41750: 0.000119758
41751: 0.000119755
41752: 0.000119752
41753: 0.000119749
41754: 0.000119746
41755: 0.000119743
41756: 0.00011974
41757: 0.000119738
41758: 0.000119735
41759: 0.000119732
41760: 0.000119729
41761: 0.000119726
41762: 0.000119723
41763: 0.00011972
41764: 0.000119717
41765: 0.000119715
41766: 0.000119712
41767: 0.000119709
41768: 0.000119706
41769: 0.000119703
41770: 0.0001197
41771: 0.000119697
41772: 0.000119695
41773: 0.000119692
41774: 0.000119689
41775: 0.000119686
41776: 0.000119683
41777: 0.00011968
41778: 0.000119677
41779: 0.000119674
41780: 0.000119672
41781: 0.000119669
41782: 0.000119666
41783: 0.000119663
41784: 0.00011966
41785: 0.000119657
41786: 0.000119654
41787: 0.000119652
41788: 0.000119649
41789: 0.000119646
41790: 0.000119643
41791: 0.00011964
41792: 0.000119637
41793: 0.000119634
41794: 0.000119632
41795: 0.000119629
41796: 0.000119626
41797: 0.000119623
41798: 0.00011962
41799: 0.000119617
41800: 0.000119614
41801: 0.000119612
41802: 0.000119609
41803: 0.000119606
41804: 0.000119603
41805: 0.0001196
41806: 0.000119597
41807: 0.000119594
41808: 0.000119591
41809: 0.000119589
41810: 0.000119586
41811: 0.000119583
41812: 0.00011958
41813: 0.000119577
41814: 0.000119574
41815: 0.000119571
41816: 0.000119569
41817: 0.000119566
41818: 0.000119563
41819: 0.00011956
41820: 0.000119557
41821: 0.000119554
41822: 0.000119551
41823: 0.000119549
41824: 0.000119546
41825: 0.000119543
41826: 0.00011954
41827: 0.000119537
41828: 0.000119534
41829: 0.000119531
41830: 0.000119529
41831: 0.000119526
41832: 0.000119523
41833: 0.00011952
41834: 0.000119517
41835: 0.000119514
41836: 0.000119511
41837: 0.000119509
41838: 0.000119506
41839: 0.000119503
41840: 0.0001195
41841: 0.000119497
41842: 0.000119494
41843: 0.000119491
41844: 0.000119489
41845: 0.000119486
41846: 0.000119483
41847: 0.00011948
41848: 0.000119477
41849: 0.000119474
41850: 0.000119471
41851: 0.000119469
41852: 0.000119466
41853: 0.000119463
41854: 0.00011946
41855: 0.000119457
41856: 0.000119454
41857: 0.000119451
41858: 0.000119449
41859: 0.000119446
41860: 0.000119443
41861: 0.00011944
41862: 0.000119437
41863: 0.000119434
41864: 0.000119432
41865: 0.000119429
41866: 0.000119426
41867: 0.000119423
41868: 0.00011942
41869: 0.000119417
41870: 0.000119414
41871: 0.000119412
41872: 0.000119409
41873: 0.000119406
41874: 0.000119403
41875: 0.0001194
41876: 0.000119397
41877: 0.000119394
41878: 0.000119392
41879: 0.000119389
41880: 0.000119386
41881: 0.000119383
41882: 0.00011938
41883: 0.000119377
41884: 0.000119374
41885: 0.000119372
41886: 0.000119369
41887: 0.000119366
41888: 0.000119363
41889: 0.00011936
41890: 0.000119357
41891: 0.000119355
41892: 0.000119352
41893: 0.000119349
41894: 0.000119346
41895: 0.000119343
41896: 0.00011934
41897: 0.000119337
41898: 0.000119335
41899: 0.000119332
41900: 0.000119329
41901: 0.000119326
41902: 0.000119323
41903: 0.00011932
41904: 0.000119318
41905: 0.000119315
41906: 0.000119312
41907: 0.000119309
41908: 0.000119306
41909: 0.000119303
41910: 0.0001193
41911: 0.000119298
41912: 0.000119295
41913: 0.000119292
41914: 0.000119289
41915: 0.000119286
41916: 0.000119283
41917: 0.000119281
41918: 0.000119278
41919: 0.000119275
41920: 0.000119272
41921: 0.000119269
41922: 0.000119266
41923: 0.000119263
41924: 0.000119261
41925: 0.000119258
41926: 0.000119255
41927: 0.000119252
41928: 0.000119249
41929: 0.000119246
41930: 0.000119244
41931: 0.000119241
41932: 0.000119238
41933: 0.000119235
41934: 0.000119232
41935: 0.000119229
41936: 0.000119226
41937: 0.000119224
41938: 0.000119221
41939: 0.000119218
41940: 0.000119215
41941: 0.000119212
41942: 0.000119209
41943: 0.000119207
41944: 0.000119204
41945: 0.000119201
41946: 0.000119198
41947: 0.000119195
41948: 0.000119192
41949: 0.00011919
41950: 0.000119187
41951: 0.000119184
41952: 0.000119181
41953: 0.000119178
41954: 0.000119175
41955: 0.000119172
41956: 0.00011917
41957: 0.000119167
41958: 0.000119164
41959: 0.000119161
41960: 0.000119158
41961: 0.000119155
41962: 0.000119153
41963: 0.00011915
41964: 0.000119147
41965: 0.000119144
41966: 0.000119141
41967: 0.000119138
41968: 0.000119136
41969: 0.000119133
41970: 0.00011913
41971: 0.000119127
41972: 0.000119124
41973: 0.000119121
41974: 0.000119119
41975: 0.000119116
41976: 0.000119113
41977: 0.00011911
41978: 0.000119107
41979: 0.000119104
41980: 0.000119101
41981: 0.000119099
41982: 0.000119096
41983: 0.000119093
41984: 0.00011909
41985: 0.000119087
41986: 0.000119084
41987: 0.000119082
41988: 0.000119079
41989: 0.000119076
41990: 0.000119073
41991: 0.00011907
41992: 0.000119067
41993: 0.000119065
41994: 0.000119062
41995: 0.000119059
41996: 0.000119056
41997: 0.000119053
41998: 0.00011905
41999: 0.000119048
42000: 0.000119045
42001: 0.000119042
42002: 0.000119039
42003: 0.000119036
42004: 0.000119033
42005: 0.000119031
42006: 0.000119028
42007: 0.000119025
42008: 0.000119022
42009: 0.000119019
42010: 0.000119016
42011: 0.000119014
42012: 0.000119011
42013: 0.000119008
42014: 0.000119005
42015: 0.000119002
42016: 0.000118999
42017: 0.000118997
42018: 0.000118994
42019: 0.000118991
42020: 0.000118988
42021: 0.000118985
42022: 0.000118982
42023: 0.00011898
42024: 0.000118977
42025: 0.000118974
42026: 0.000118971
42027: 0.000118968
42028: 0.000118965
42029: 0.000118963
42030: 0.00011896
42031: 0.000118957
42032: 0.000118954
42033: 0.000118951
42034: 0.000118948
42035: 0.000118946
42036: 0.000118943
42037: 0.00011894
42038: 0.000118937
42039: 0.000118934
42040: 0.000118932
42041: 0.000118929
42042: 0.000118926
42043: 0.000118923
42044: 0.00011892
42045: 0.000118917
42046: 0.000118915
42047: 0.000118912
42048: 0.000118909
42049: 0.000118906
42050: 0.000118903
42051: 0.0001189
42052: 0.000118898
42053: 0.000118895
42054: 0.000118892
42055: 0.000118889
42056: 0.000118886
42057: 0.000118883
42058: 0.000118881
42059: 0.000118878
42060: 0.000118875
42061: 0.000118872
42062: 0.000118869
42063: 0.000118866
42064: 0.000118864
42065: 0.000118861
42066: 0.000118858
42067: 0.000118855
42068: 0.000118852
42069: 0.00011885
42070: 0.000118847
42071: 0.000118844
42072: 0.000118841
42073: 0.000118838
42074: 0.000118835
42075: 0.000118833
42076: 0.00011883
42077: 0.000118827
42078: 0.000118824
42079: 0.000118821
42080: 0.000118818
42081: 0.000118816
42082: 0.000118813
42083: 0.00011881
42084: 0.000118807
42085: 0.000118804
42086: 0.000118802
42087: 0.000118799
42088: 0.000118796
42089: 0.000118793
42090: 0.00011879
42091: 0.000118787
42092: 0.000118785
42093: 0.000118782
42094: 0.000118779
42095: 0.000118776
42096: 0.000118773
42097: 0.00011877
42098: 0.000118768
42099: 0.000118765
42100: 0.000118762
42101: 0.000118759
42102: 0.000118756
42103: 0.000118754
42104: 0.000118751
42105: 0.000118748
42106: 0.000118745
42107: 0.000118742
42108: 0.000118739
42109: 0.000118737
42110: 0.000118734
42111: 0.000118731
42112: 0.000118728
42113: 0.000118725
42114: 0.000118723
42115: 0.00011872
42116: 0.000118717
42117: 0.000118714
42118: 0.000118711
42119: 0.000118708
42120: 0.000118706
42121: 0.000118703
42122: 0.0001187
42123: 0.000118697
42124: 0.000118694
42125: 0.000118692
42126: 0.000118689
42127: 0.000118686
42128: 0.000118683
42129: 0.00011868
42130: 0.000118677
42131: 0.000118675
42132: 0.000118672
42133: 0.000118669
42134: 0.000118666
42135: 0.000118663
42136: 0.000118661
42137: 0.000118658
42138: 0.000118655
42139: 0.000118652
42140: 0.000118649
42141: 0.000118646
42142: 0.000118644
42143: 0.000118641
42144: 0.000118638
42145: 0.000118635
42146: 0.000118632
42147: 0.00011863
42148: 0.000118627
42149: 0.000118624
42150: 0.000118621
42151: 0.000118618
42152: 0.000118616
42153: 0.000118613
42154: 0.00011861
42155: 0.000118607
42156: 0.000118604
42157: 0.000118601
42158: 0.000118599
42159: 0.000118596
42160: 0.000118593
42161: 0.00011859
42162: 0.000118587
42163: 0.000118585
42164: 0.000118582
42165: 0.000118579
42166: 0.000118576
42167: 0.000118573
42168: 0.000118571
42169: 0.000118568
42170: 0.000118565
42171: 0.000118562
42172: 0.000118559
42173: 0.000118556
42174: 0.000118554
42175: 0.000118551
42176: 0.000118548
42177: 0.000118545
42178: 0.000118542
42179: 0.00011854
42180: 0.000118537
42181: 0.000118534
42182: 0.000118531
42183: 0.000118528
42184: 0.000118526
42185: 0.000118523
42186: 0.00011852
42187: 0.000118517
42188: 0.000118514
42189: 0.000118511
42190: 0.000118509
42191: 0.000118506
42192: 0.000118503
42193: 0.0001185
42194: 0.000118497
42195: 0.000118495
42196: 0.000118492
42197: 0.000118489
42198: 0.000118486
42199: 0.000118483
42200: 0.000118481
42201: 0.000118478
42202: 0.000118475
42203: 0.000118472
42204: 0.000118469
42205: 0.000118467
42206: 0.000118464
42207: 0.000118461
42208: 0.000118458
42209: 0.000118455
42210: 0.000118453
42211: 0.00011845
42212: 0.000118447
42213: 0.000118444
42214: 0.000118441
42215: 0.000118439
42216: 0.000118436
42217: 0.000118433
42218: 0.00011843
42219: 0.000118427
42220: 0.000118424
42221: 0.000118422
42222: 0.000118419
42223: 0.000118416
42224: 0.000118413
42225: 0.00011841
42226: 0.000118408
42227: 0.000118405
42228: 0.000118402
42229: 0.000118399
42230: 0.000118396
42231: 0.000118394
42232: 0.000118391
42233: 0.000118388
42234: 0.000118385
42235: 0.000118382
42236: 0.00011838
42237: 0.000118377
42238: 0.000118374
42239: 0.000118371
42240: 0.000118368
42241: 0.000118366
42242: 0.000118363
42243: 0.00011836
42244: 0.000118357
42245: 0.000118354
42246: 0.000118352
42247: 0.000118349
42248: 0.000118346
42249: 0.000118343
42250: 0.00011834
42251: 0.000118338
42252: 0.000118335
42253: 0.000118332
42254: 0.000118329
42255: 0.000118326
42256: 0.000118324
42257: 0.000118321
42258: 0.000118318
42259: 0.000118315
42260: 0.000118312
42261: 0.00011831
42262: 0.000118307
42263: 0.000118304
42264: 0.000118301
42265: 0.000118298
42266: 0.000118296
42267: 0.000118293
42268: 0.00011829
42269: 0.000118287
42270: 0.000118284
42271: 0.000118282
42272: 0.000118279
42273: 0.000118276
42274: 0.000118273
42275: 0.00011827
42276: 0.000118268
42277: 0.000118265
42278: 0.000118262
42279: 0.000118259
42280: 0.000118256
42281: 0.000118254
42282: 0.000118251
42283: 0.000118248
42284: 0.000118245
42285: 0.000118242
42286: 0.00011824
42287: 0.000118237
42288: 0.000118234
42289: 0.000118231
42290: 0.000118228
42291: 0.000118226
42292: 0.000118223
42293: 0.00011822
42294: 0.000118217
42295: 0.000118214
42296: 0.000118212
42297: 0.000118209
42298: 0.000118206
42299: 0.000118203
42300: 0.000118201
42301: 0.000118198
42302: 0.000118195
42303: 0.000118192
42304: 0.000118189
42305: 0.000118187
42306: 0.000118184
42307: 0.000118181
42308: 0.000118178
42309: 0.000118175
42310: 0.000118173
42311: 0.00011817
42312: 0.000118167
42313: 0.000118164
42314: 0.000118161
42315: 0.000118159
42316: 0.000118156
42317: 0.000118153
42318: 0.00011815
42319: 0.000118147
42320: 0.000118145
42321: 0.000118142
42322: 0.000118139
42323: 0.000118136
42324: 0.000118133
42325: 0.000118131
42326: 0.000118128
42327: 0.000118125
42328: 0.000118122
42329: 0.00011812
42330: 0.000118117
42331: 0.000118114
42332: 0.000118111
42333: 0.000118108
42334: 0.000118106
42335: 0.000118103
42336: 0.0001181
42337: 0.000118097
42338: 0.000118094
42339: 0.000118092
42340: 0.000118089
42341: 0.000118086
42342: 0.000118083
42343: 0.00011808
42344: 0.000118078
42345: 0.000118075
42346: 0.000118072
42347: 0.000118069
42348: 0.000118067
42349: 0.000118064
42350: 0.000118061
42351: 0.000118058
42352: 0.000118055
42353: 0.000118053
42354: 0.00011805
42355: 0.000118047
42356: 0.000118044
42357: 0.000118041
42358: 0.000118039
42359: 0.000118036
42360: 0.000118033
42361: 0.00011803
42362: 0.000118028
42363: 0.000118025
42364: 0.000118022
42365: 0.000118019
42366: 0.000118016
42367: 0.000118014
42368: 0.000118011
42369: 0.000118008
42370: 0.000118005
42371: 0.000118002
42372: 0.000118
42373: 0.000117997
42374: 0.000117994
42375: 0.000117991
42376: 0.000117989
42377: 0.000117986
42378: 0.000117983
42379: 0.00011798
42380: 0.000117977
42381: 0.000117975
42382: 0.000117972
42383: 0.000117969
42384: 0.000117966
42385: 0.000117963
42386: 0.000117961
42387: 0.000117958
42388: 0.000117955
42389: 0.000117952
42390: 0.00011795
42391: 0.000117947
42392: 0.000117944
42393: 0.000117941
42394: 0.000117938
42395: 0.000117936
42396: 0.000117933
42397: 0.00011793
42398: 0.000117927
42399: 0.000117925
42400: 0.000117922
42401: 0.000117919
42402: 0.000117916
42403: 0.000117913
42404: 0.000117911
42405: 0.000117908
42406: 0.000117905
42407: 0.000117902
42408: 0.0001179
42409: 0.000117897
42410: 0.000117894
42411: 0.000117891
42412: 0.000117888
42413: 0.000117886
42414: 0.000117883
42415: 0.00011788
42416: 0.000117877
42417: 0.000117874
42418: 0.000117872
42419: 0.000117869
42420: 0.000117866
42421: 0.000117863
42422: 0.000117861
42423: 0.000117858
42424: 0.000117855
42425: 0.000117852
42426: 0.000117849
42427: 0.000117847
42428: 0.000117844
42429: 0.000117841
42430: 0.000117838
42431: 0.000117836
42432: 0.000117833
42433: 0.00011783
42434: 0.000117827
42435: 0.000117824
42436: 0.000117822
42437: 0.000117819
42438: 0.000117816
42439: 0.000117813
42440: 0.000117811
42441: 0.000117808
42442: 0.000117805
42443: 0.000117802
42444: 0.0001178
42445: 0.000117797
42446: 0.000117794
42447: 0.000117791
42448: 0.000117788
42449: 0.000117786
42450: 0.000117783
42451: 0.00011778
42452: 0.000117777
42453: 0.000117775
42454: 0.000117772
42455: 0.000117769
42456: 0.000117766
42457: 0.000117763
42458: 0.000117761
42459: 0.000117758
42460: 0.000117755
42461: 0.000117752
42462: 0.00011775
42463: 0.000117747
42464: 0.000117744
42465: 0.000117741
42466: 0.000117738
42467: 0.000117736
42468: 0.000117733
42469: 0.00011773
42470: 0.000117727
42471: 0.000117725
42472: 0.000117722
42473: 0.000117719
42474: 0.000117716
42475: 0.000117714
42476: 0.000117711
42477: 0.000117708
42478: 0.000117705
42479: 0.000117702
42480: 0.0001177
42481: 0.000117697
42482: 0.000117694
42483: 0.000117691
42484: 0.000117689
42485: 0.000117686
42486: 0.000117683
42487: 0.00011768
42488: 0.000117678
42489: 0.000117675
42490: 0.000117672
42491: 0.000117669
42492: 0.000117666
42493: 0.000117664
42494: 0.000117661
42495: 0.000117658
42496: 0.000117655
42497: 0.000117653
42498: 0.00011765
42499: 0.000117647
42500: 0.000117644
42501: 0.000117642
42502: 0.000117639
42503: 0.000117636
42504: 0.000117633
42505: 0.00011763
42506: 0.000117628
42507: 0.000117625
42508: 0.000117622
42509: 0.000117619
42510: 0.000117617
42511: 0.000117614
42512: 0.000117611
42513: 0.000117608
42514: 0.000117606
42515: 0.000117603
42516: 0.0001176
42517: 0.000117597
42518: 0.000117594
42519: 0.000117592
42520: 0.000117589
42521: 0.000117586
42522: 0.000117583
42523: 0.000117581
42524: 0.000117578
42525: 0.000117575
42526: 0.000117572
42527: 0.00011757
42528: 0.000117567
42529: 0.000117564
42530: 0.000117561
42531: 0.000117559
42532: 0.000117556
42533: 0.000117553
42534: 0.00011755
42535: 0.000117547
42536: 0.000117545
42537: 0.000117542
42538: 0.000117539
42539: 0.000117536
42540: 0.000117534
42541: 0.000117531
42542: 0.000117528
42543: 0.000117525
42544: 0.000117523
42545: 0.00011752
42546: 0.000117517
42547: 0.000117514
42548: 0.000117512
42549: 0.000117509
42550: 0.000117506
42551: 0.000117503
42552: 0.000117501
42553: 0.000117498
42554: 0.000117495
42555: 0.000117492
42556: 0.000117489
42557: 0.000117487
42558: 0.000117484
42559: 0.000117481
42560: 0.000117478
42561: 0.000117476
42562: 0.000117473
42563: 0.00011747
42564: 0.000117467
42565: 0.000117465
42566: 0.000117462
42567: 0.000117459
42568: 0.000117456
42569: 0.000117454
42570: 0.000117451
42571: 0.000117448
42572: 0.000117445
42573: 0.000117443
42574: 0.00011744
42575: 0.000117437
42576: 0.000117434
42577: 0.000117432
42578: 0.000117429
42579: 0.000117426
42580: 0.000117423
42581: 0.000117421
42582: 0.000117418
42583: 0.000117415
42584: 0.000117412
42585: 0.000117409
42586: 0.000117407
42587: 0.000117404
42588: 0.000117401
42589: 0.000117398
42590: 0.000117396
42591: 0.000117393
42592: 0.00011739
42593: 0.000117387
42594: 0.000117385
42595: 0.000117382
42596: 0.000117379
42597: 0.000117376
42598: 0.000117374
42599: 0.000117371
42600: 0.000117368
42601: 0.000117365
42602: 0.000117363
42603: 0.00011736
42604: 0.000117357
42605: 0.000117354
42606: 0.000117352
42607: 0.000117349
42608: 0.000117346
42609: 0.000117343
42610: 0.000117341
42611: 0.000117338
42612: 0.000117335
42613: 0.000117332
42614: 0.00011733
42615: 0.000117327
42616: 0.000117324
42617: 0.000117321
42618: 0.000117319
42619: 0.000117316
42620: 0.000117313
42621: 0.00011731
42622: 0.000117308
42623: 0.000117305
42624: 0.000117302
42625: 0.000117299
42626: 0.000117297
42627: 0.000117294
42628: 0.000117291
42629: 0.000117288
42630: 0.000117286
42631: 0.000117283
42632: 0.00011728
42633: 0.000117277
42634: 0.000117275
42635: 0.000117272
42636: 0.000117269
42637: 0.000117266
42638: 0.000117264
42639: 0.000117261
42640: 0.000117258
42641: 0.000117255
42642: 0.000117253
42643: 0.00011725
42644: 0.000117247
42645: 0.000117244
42646: 0.000117242
42647: 0.000117239
42648: 0.000117236
42649: 0.000117233
42650: 0.000117231
42651: 0.000117228
42652: 0.000117225
42653: 0.000117222
42654: 0.00011722
42655: 0.000117217
42656: 0.000117214
42657: 0.000117211
42658: 0.000117209
42659: 0.000117206
42660: 0.000117203
42661: 0.0001172
42662: 0.000117198
42663: 0.000117195
42664: 0.000117192
42665: 0.000117189
42666: 0.000117187
42667: 0.000117184
42668: 0.000117181
42669: 0.000117178
42670: 0.000117176
42671: 0.000117173
42672: 0.00011717
42673: 0.000117167
42674: 0.000117165
42675: 0.000117162
42676: 0.000117159
42677: 0.000117156
42678: 0.000117154
42679: 0.000117151
42680: 0.000117148
42681: 0.000117145
42682: 0.000117143
42683: 0.00011714
42684: 0.000117137
42685: 0.000117134
42686: 0.000117132
42687: 0.000117129
42688: 0.000117126
42689: 0.000117123
42690: 0.000117121
42691: 0.000117118
42692: 0.000117115
42693: 0.000117112
42694: 0.00011711
42695: 0.000117107
42696: 0.000117104
42697: 0.000117102
42698: 0.000117099
42699: 0.000117096
42700: 0.000117093
42701: 0.000117091
42702: 0.000117088
42703: 0.000117085
42704: 0.000117082
42705: 0.00011708
42706: 0.000117077
42707: 0.000117074
42708: 0.000117071
42709: 0.000117069
42710: 0.000117066
42711: 0.000117063
42712: 0.00011706
42713: 0.000117058
42714: 0.000117055
42715: 0.000117052
42716: 0.000117049
42717: 0.000117047
42718: 0.000117044
42719: 0.000117041
42720: 0.000117038
42721: 0.000117036
42722: 0.000117033
42723: 0.00011703
42724: 0.000117028
42725: 0.000117025
42726: 0.000117022
42727: 0.000117019
42728: 0.000117017
42729: 0.000117014
42730: 0.000117011
42731: 0.000117008
42732: 0.000117006
42733: 0.000117003
42734: 0.000117
42735: 0.000116997
42736: 0.000116995
42737: 0.000116992
42738: 0.000116989
42739: 0.000116986
42740: 0.000116984
42741: 0.000116981
42742: 0.000116978
42743: 0.000116975
42744: 0.000116973
42745: 0.00011697
42746: 0.000116967
42747: 0.000116965
42748: 0.000116962
42749: 0.000116959
42750: 0.000116956
42751: 0.000116954
42752: 0.000116951
42753: 0.000116948
42754: 0.000116945
42755: 0.000116943
42756: 0.00011694
42757: 0.000116937
42758: 0.000116934
42759: 0.000116932
42760: 0.000116929
42761: 0.000116926
42762: 0.000116924
42763: 0.000116921
42764: 0.000116918
42765: 0.000116915
42766: 0.000116913
42767: 0.00011691
42768: 0.000116907
42769: 0.000116904
42770: 0.000116902
42771: 0.000116899
42772: 0.000116896
42773: 0.000116893
42774: 0.000116891
42775: 0.000116888
42776: 0.000116885
42777: 0.000116883
42778: 0.00011688
42779: 0.000116877
42780: 0.000116874
42781: 0.000116872
42782: 0.000116869
42783: 0.000116866
42784: 0.000116863
42785: 0.000116861
42786: 0.000116858
42787: 0.000116855
42788: 0.000116852
42789: 0.00011685
42790: 0.000116847
42791: 0.000116844
42792: 0.000116842
42793: 0.000116839
42794: 0.000116836
42795: 0.000116833
42796: 0.000116831
42797: 0.000116828
42798: 0.000116825
42799: 0.000116822
42800: 0.00011682
42801: 0.000116817
42802: 0.000116814
42803: 0.000116812
42804: 0.000116809
42805: 0.000116806
42806: 0.000116803
42807: 0.000116801
42808: 0.000116798
42809: 0.000116795
42810: 0.000116792
42811: 0.00011679
42812: 0.000116787
42813: 0.000116784
42814: 0.000116782
42815: 0.000116779
42816: 0.000116776
42817: 0.000116773
42818: 0.000116771
42819: 0.000116768
42820: 0.000116765
42821: 0.000116762
42822: 0.00011676
42823: 0.000116757
42824: 0.000116754
42825: 0.000116752
42826: 0.000116749
42827: 0.000116746
42828: 0.000116743
42829: 0.000116741
42830: 0.000116738
42831: 0.000116735
42832: 0.000116732
42833: 0.00011673
42834: 0.000116727
42835: 0.000116724
42836: 0.000116722
42837: 0.000116719
42838: 0.000116716
42839: 0.000116713
42840: 0.000116711
42841: 0.000116708
42842: 0.000116705
42843: 0.000116702
42844: 0.0001167
42845: 0.000116697
42846: 0.000116694
42847: 0.000116692
42848: 0.000116689
42849: 0.000116686
42850: 0.000116683
42851: 0.000116681
42852: 0.000116678
42853: 0.000116675
42854: 0.000116673
42855: 0.00011667
42856: 0.000116667
42857: 0.000116664
42858: 0.000116662
42859: 0.000116659
42860: 0.000116656
42861: 0.000116653
42862: 0.000116651
42863: 0.000116648
42864: 0.000116645
42865: 0.000116643
42866: 0.00011664
42867: 0.000116637
42868: 0.000116634
42869: 0.000116632
42870: 0.000116629
42871: 0.000116626
42872: 0.000116624
42873: 0.000116621
42874: 0.000116618
42875: 0.000116615
42876: 0.000116613
42877: 0.00011661
42878: 0.000116607
42879: 0.000116604
42880: 0.000116602
42881: 0.000116599
42882: 0.000116596
42883: 0.000116594
42884: 0.000116591
42885: 0.000116588
42886: 0.000116585
42887: 0.000116583
42888: 0.00011658
42889: 0.000116577
42890: 0.000116575
42891: 0.000116572
42892: 0.000116569
42893: 0.000116566
42894: 0.000116564
42895: 0.000116561
42896: 0.000116558
42897: 0.000116556
42898: 0.000116553
42899: 0.00011655
42900: 0.000116547
42901: 0.000116545
42902: 0.000116542
42903: 0.000116539
42904: 0.000116537
42905: 0.000116534
42906: 0.000116531
42907: 0.000116528
42908: 0.000116526
42909: 0.000116523
42910: 0.00011652
42911: 0.000116518
42912: 0.000116515
42913: 0.000116512
42914: 0.000116509
42915: 0.000116507
42916: 0.000116504
42917: 0.000116501
42918: 0.000116499
42919: 0.000116496
42920: 0.000116493
42921: 0.00011649
42922: 0.000116488
42923: 0.000116485
42924: 0.000116482
42925: 0.00011648
42926: 0.000116477
42927: 0.000116474
42928: 0.000116471
42929: 0.000116469
42930: 0.000116466
42931: 0.000116463
42932: 0.000116461
42933: 0.000116458
42934: 0.000116455
42935: 0.000116452
42936: 0.00011645
42937: 0.000116447
42938: 0.000116444
42939: 0.000116442
42940: 0.000116439
42941: 0.000116436
42942: 0.000116433
42943: 0.000116431
42944: 0.000116428
42945: 0.000116425
42946: 0.000116423
42947: 0.00011642
42948: 0.000116417
42949: 0.000116414
42950: 0.000116412
42951: 0.000116409
42952: 0.000116406
42953: 0.000116404
42954: 0.000116401
42955: 0.000116398
42956: 0.000116395
42957: 0.000116393
42958: 0.00011639
42959: 0.000116387
42960: 0.000116385
42961: 0.000116382
42962: 0.000116379
42963: 0.000116377
42964: 0.000116374
42965: 0.000116371
42966: 0.000116368
42967: 0.000116366
42968: 0.000116363
42969: 0.00011636
42970: 0.000116358
42971: 0.000116355
42972: 0.000116352
42973: 0.000116349
42974: 0.000116347
42975: 0.000116344
42976: 0.000116341
42977: 0.000116339
42978: 0.000116336
42979: 0.000116333
42980: 0.00011633
42981: 0.000116328
42982: 0.000116325
42983: 0.000116322
42984: 0.00011632
42985: 0.000116317
42986: 0.000116314
42987: 0.000116312
42988: 0.000116309
42989: 0.000116306
42990: 0.000116303
42991: 0.000116301
42992: 0.000116298
42993: 0.000116295
42994: 0.000116293
42995: 0.00011629
42996: 0.000116287
42997: 0.000116284
42998: 0.000116282
42999: 0.000116279
43000: 0.000116276
43001: 0.000116274
43002: 0.000116271
43003: 0.000116268
43004: 0.000116266
43005: 0.000116263
43006: 0.00011626
43007: 0.000116257
43008: 0.000116255
43009: 0.000116252
43010: 0.000116249
43011: 0.000116247
43012: 0.000116244
43013: 0.000116241
43014: 0.000116239
43015: 0.000116236
43016: 0.000116233
43017: 0.00011623
43018: 0.000116228
43019: 0.000116225
43020: 0.000116222
43021: 0.00011622
43022: 0.000116217
43023: 0.000116214
43024: 0.000116212
43025: 0.000116209
43026: 0.000116206
43027: 0.000116203
43028: 0.000116201
43029: 0.000116198
43030: 0.000116195
43031: 0.000116193
43032: 0.00011619
43033: 0.000116187
43034: 0.000116185
43035: 0.000116182
43036: 0.000116179
43037: 0.000116176
43038: 0.000116174
43039: 0.000116171
43040: 0.000116168
43041: 0.000116166
43042: 0.000116163
43043: 0.00011616
43044: 0.000116158
43045: 0.000116155
43046: 0.000116152
43047: 0.000116149
43048: 0.000116147
43049: 0.000116144
43050: 0.000116141
43051: 0.000116139
43052: 0.000116136
43053: 0.000116133
43054: 0.000116131
43055: 0.000116128
43056: 0.000116125
43057: 0.000116122
43058: 0.00011612
43059: 0.000116117
43060: 0.000116114
43061: 0.000116112
43062: 0.000116109
43063: 0.000116106
43064: 0.000116104
43065: 0.000116101
43066: 0.000116098
43067: 0.000116095
43068: 0.000116093
43069: 0.00011609
43070: 0.000116087
43071: 0.000116085
43072: 0.000116082
43073: 0.000116079
43074: 0.000116077
43075: 0.000116074
43076: 0.000116071
43077: 0.000116069
43078: 0.000116066
43079: 0.000116063
43080: 0.00011606
43081: 0.000116058
43082: 0.000116055
43083: 0.000116052
43084: 0.00011605
43085: 0.000116047
43086: 0.000116044
43087: 0.000116042
43088: 0.000116039
43089: 0.000116036
43090: 0.000116034
43091: 0.000116031
43092: 0.000116028
43093: 0.000116025
43094: 0.000116023
43095: 0.00011602
43096: 0.000116017
43097: 0.000116015
43098: 0.000116012
43099: 0.000116009
43100: 0.000116007
43101: 0.000116004
43102: 0.000116001
43103: 0.000115999
43104: 0.000115996
43105: 0.000115993
43106: 0.00011599
43107: 0.000115988
43108: 0.000115985
43109: 0.000115982
43110: 0.00011598
43111: 0.000115977
43112: 0.000115974
43113: 0.000115972
43114: 0.000115969
43115: 0.000115966
43116: 0.000115964
43117: 0.000115961
43118: 0.000115958
43119: 0.000115955
43120: 0.000115953
43121: 0.00011595
43122: 0.000115947
43123: 0.000115945
43124: 0.000115942
43125: 0.000115939
43126: 0.000115937
43127: 0.000115934
43128: 0.000115931
43129: 0.000115929
43130: 0.000115926
43131: 0.000115923
43132: 0.000115921
43133: 0.000115918
43134: 0.000115915
43135: 0.000115912
43136: 0.00011591
43137: 0.000115907
43138: 0.000115904
43139: 0.000115902
43140: 0.000115899
43141: 0.000115896
43142: 0.000115894
43143: 0.000115891
43144: 0.000115888
43145: 0.000115886
43146: 0.000115883
43147: 0.00011588
43148: 0.000115878
43149: 0.000115875
43150: 0.000115872
43151: 0.000115869
43152: 0.000115867
43153: 0.000115864
43154: 0.000115861
43155: 0.000115859
43156: 0.000115856
43157: 0.000115853
43158: 0.000115851
43159: 0.000115848
43160: 0.000115845
43161: 0.000115843
43162: 0.00011584
43163: 0.000115837
43164: 0.000115835
43165: 0.000115832
43166: 0.000115829
43167: 0.000115827
43168: 0.000115824
43169: 0.000115821
43170: 0.000115818
43171: 0.000115816
43172: 0.000115813
43173: 0.00011581
43174: 0.000115808
43175: 0.000115805
43176: 0.000115802
43177: 0.0001158
43178: 0.000115797
43179: 0.000115794
43180: 0.000115792
43181: 0.000115789
43182: 0.000115786
43183: 0.000115784
43184: 0.000115781
43185: 0.000115778
43186: 0.000115776
43187: 0.000115773
43188: 0.00011577
43189: 0.000115768
43190: 0.000115765
43191: 0.000115762
43192: 0.000115759
43193: 0.000115757
43194: 0.000115754
43195: 0.000115751
43196: 0.000115749
43197: 0.000115746
43198: 0.000115743
43199: 0.000115741
43200: 0.000115738
43201: 0.000115735
43202: 0.000115733
43203: 0.00011573
43204: 0.000115727
43205: 0.000115725
43206: 0.000115722
43207: 0.000115719
43208: 0.000115717
43209: 0.000115714
43210: 0.000115711
43211: 0.000115709
43212: 0.000115706
43213: 0.000115703
43214: 0.000115701
43215: 0.000115698
43216: 0.000115695
43217: 0.000115693
43218: 0.00011569
43219: 0.000115687
43220: 0.000115685
43221: 0.000115682
43222: 0.000115679
43223: 0.000115676
43224: 0.000115674
43225: 0.000115671
43226: 0.000115668
43227: 0.000115666
43228: 0.000115663
43229: 0.00011566
43230: 0.000115658
43231: 0.000115655
43232: 0.000115652
43233: 0.00011565
43234: 0.000115647
43235: 0.000115644
43236: 0.000115642
43237: 0.000115639
43238: 0.000115636
43239: 0.000115634
43240: 0.000115631
43241: 0.000115628
43242: 0.000115626
43243: 0.000115623
43244: 0.00011562
43245: 0.000115618
43246: 0.000115615
43247: 0.000115612
43248: 0.00011561
43249: 0.000115607
43250: 0.000115604
43251: 0.000115602
43252: 0.000115599
43253: 0.000115596
43254: 0.000115594
43255: 0.000115591
43256: 0.000115588
43257: 0.000115586
43258: 0.000115583
43259: 0.00011558
43260: 0.000115578
43261: 0.000115575
43262: 0.000115572
43263: 0.00011557
43264: 0.000115567
43265: 0.000115564
43266: 0.000115562
43267: 0.000115559
43268: 0.000115556
43269: 0.000115554
43270: 0.000115551
43271: 0.000115548
43272: 0.000115545
43273: 0.000115543
43274: 0.00011554
43275: 0.000115537
43276: 0.000115535
43277: 0.000115532
43278: 0.000115529
43279: 0.000115527
43280: 0.000115524
43281: 0.000115521
43282: 0.000115519
43283: 0.000115516
43284: 0.000115513
43285: 0.000115511
43286: 0.000115508
43287: 0.000115505
43288: 0.000115503
43289: 0.0001155
43290: 0.000115497
43291: 0.000115495
43292: 0.000115492
43293: 0.000115489
43294: 0.000115487
43295: 0.000115484
43296: 0.000115481
43297: 0.000115479
43298: 0.000115476
43299: 0.000115473
43300: 0.000115471
43301: 0.000115468
43302: 0.000115465
43303: 0.000115463
43304: 0.00011546
43305: 0.000115457
43306: 0.000115455
43307: 0.000115452
43308: 0.000115449
43309: 0.000115447
43310: 0.000115444
43311: 0.000115441
43312: 0.000115439
43313: 0.000115436
43314: 0.000115433
43315: 0.000115431
43316: 0.000115428
43317: 0.000115425
43318: 0.000115423
43319: 0.00011542
43320: 0.000115417
43321: 0.000115415
43322: 0.000115412
43323: 0.000115409
43324: 0.000115407
43325: 0.000115404
43326: 0.000115401
43327: 0.000115399
43328: 0.000115396
43329: 0.000115393
43330: 0.000115391
43331: 0.000115388
43332: 0.000115386
43333: 0.000115383
43334: 0.00011538
43335: 0.000115378
43336: 0.000115375
43337: 0.000115372
43338: 0.00011537
43339: 0.000115367
43340: 0.000115364
43341: 0.000115362
43342: 0.000115359
43343: 0.000115356
43344: 0.000115354
43345: 0.000115351
43346: 0.000115348
43347: 0.000115346
43348: 0.000115343
43349: 0.00011534
43350: 0.000115338
43351: 0.000115335
43352: 0.000115332
43353: 0.00011533
43354: 0.000115327
43355: 0.000115324
43356: 0.000115322
43357: 0.000115319
43358: 0.000115316
43359: 0.000115314
43360: 0.000115311
43361: 0.000115308
43362: 0.000115306
43363: 0.000115303
43364: 0.0001153
43365: 0.000115298
43366: 0.000115295
43367: 0.000115292
43368: 0.00011529
43369: 0.000115287
43370: 0.000115284
43371: 0.000115282
43372: 0.000115279
43373: 0.000115276
43374: 0.000115274
43375: 0.000115271
43376: 0.000115268
43377: 0.000115266
43378: 0.000115263
43379: 0.00011526
43380: 0.000115258
43381: 0.000115255
43382: 0.000115253
43383: 0.00011525
43384: 0.000115247
43385: 0.000115245
43386: 0.000115242
43387: 0.000115239
43388: 0.000115237
43389: 0.000115234
43390: 0.000115231
43391: 0.000115229
43392: 0.000115226
43393: 0.000115223
43394: 0.000115221
43395: 0.000115218
43396: 0.000115215
43397: 0.000115213
43398: 0.00011521
43399: 0.000115207
43400: 0.000115205
43401: 0.000115202
43402: 0.000115199
43403: 0.000115197
43404: 0.000115194
43405: 0.000115191
43406: 0.000115189
43407: 0.000115186
43408: 0.000115183
43409: 0.000115181
43410: 0.000115178
43411: 0.000115176
43412: 0.000115173
43413: 0.00011517
43414: 0.000115168
43415: 0.000115165
43416: 0.000115162
43417: 0.00011516
43418: 0.000115157
43419: 0.000115154
43420: 0.000115152
43421: 0.000115149
43422: 0.000115146
43423: 0.000115144
43424: 0.000115141
43425: 0.000115138
43426: 0.000115136
43427: 0.000115133
43428: 0.00011513
43429: 0.000115128
43430: 0.000115125
43431: 0.000115122
43432: 0.00011512
43433: 0.000115117
43434: 0.000115115
43435: 0.000115112
43436: 0.000115109
43437: 0.000115107
43438: 0.000115104
43439: 0.000115101
43440: 0.000115099
43441: 0.000115096
43442: 0.000115093
43443: 0.000115091
43444: 0.000115088
43445: 0.000115085
43446: 0.000115083
43447: 0.00011508
43448: 0.000115077
43449: 0.000115075
43450: 0.000115072
43451: 0.00011507
43452: 0.000115067
43453: 0.000115064
43454: 0.000115062
43455: 0.000115059
43456: 0.000115056
43457: 0.000115054
43458: 0.000115051
43459: 0.000115048
43460: 0.000115046
43461: 0.000115043
43462: 0.00011504
43463: 0.000115038
43464: 0.000115035
43465: 0.000115032
43466: 0.00011503
43467: 0.000115027
43468: 0.000115025
43469: 0.000115022
43470: 0.000115019
43471: 0.000115017
43472: 0.000115014
43473: 0.000115011
43474: 0.000115009
43475: 0.000115006
43476: 0.000115003
43477: 0.000115001
43478: 0.000114998
43479: 0.000114995
43480: 0.000114993
43481: 0.00011499
43482: 0.000114987
43483: 0.000114985
43484: 0.000114982
43485: 0.00011498
43486: 0.000114977
43487: 0.000114974
43488: 0.000114972
43489: 0.000114969
43490: 0.000114966
43491: 0.000114964
43492: 0.000114961
43493: 0.000114958
43494: 0.000114956
43495: 0.000114953
43496: 0.00011495
43497: 0.000114948
43498: 0.000114945
43499: 0.000114943
43500: 0.00011494
43501: 0.000114937
43502: 0.000114935
43503: 0.000114932
43504: 0.000114929
43505: 0.000114927
43506: 0.000114924
43507: 0.000114921
43508: 0.000114919
43509: 0.000114916
43510: 0.000114913
43511: 0.000114911
43512: 0.000114908
43513: 0.000114906
43514: 0.000114903
43515: 0.0001149
43516: 0.000114898
43517: 0.000114895
43518: 0.000114892
43519: 0.00011489
43520: 0.000114887
43521: 0.000114884
43522: 0.000114882
43523: 0.000114879
43524: 0.000114877
43525: 0.000114874
43526: 0.000114871
43527: 0.000114869
43528: 0.000114866
43529: 0.000114863
43530: 0.000114861
43531: 0.000114858
43532: 0.000114855
43533: 0.000114853
43534: 0.00011485
43535: 0.000114847
43536: 0.000114845
43537: 0.000114842
43538: 0.00011484
43539: 0.000114837
43540: 0.000114834
43541: 0.000114832
43542: 0.000114829
43543: 0.000114826
43544: 0.000114824
43545: 0.000114821
43546: 0.000114818
43547: 0.000114816
43548: 0.000114813
43549: 0.000114811
43550: 0.000114808
43551: 0.000114805
43552: 0.000114803
43553: 0.0001148
43554: 0.000114797
43555: 0.000114795
43556: 0.000114792
43557: 0.000114789
43558: 0.000114787
43559: 0.000114784
43560: 0.000114782
43561: 0.000114779
43562: 0.000114776
43563: 0.000114774
43564: 0.000114771
43565: 0.000114768
43566: 0.000114766
43567: 0.000114763
43568: 0.00011476
43569: 0.000114758
43570: 0.000114755
43571: 0.000114753
43572: 0.00011475
43573: 0.000114747
43574: 0.000114745
43575: 0.000114742
43576: 0.000114739
43577: 0.000114737
43578: 0.000114734
43579: 0.000114732
43580: 0.000114729
43581: 0.000114726
43582: 0.000114724
43583: 0.000114721
43584: 0.000114718
43585: 0.000114716
43586: 0.000114713
43587: 0.00011471
43588: 0.000114708
43589: 0.000114705
43590: 0.000114703
43591: 0.0001147
43592: 0.000114697
43593: 0.000114695
43594: 0.000114692
43595: 0.000114689
43596: 0.000114687
43597: 0.000114684
43598: 0.000114682
43599: 0.000114679
43600: 0.000114676
43601: 0.000114674
43602: 0.000114671
43603: 0.000114668
43604: 0.000114666
43605: 0.000114663
43606: 0.00011466
43607: 0.000114658
43608: 0.000114655
43609: 0.000114653
43610: 0.00011465
43611: 0.000114647
43612: 0.000114645
43613: 0.000114642
43614: 0.000114639
43615: 0.000114637
43616: 0.000114634
43617: 0.000114632
43618: 0.000114629
43619: 0.000114626
43620: 0.000114624
43621: 0.000114621
43622: 0.000114618
43623: 0.000114616
43624: 0.000114613
43625: 0.000114611
43626: 0.000114608
43627: 0.000114605
43628: 0.000114603
43629: 0.0001146
43630: 0.000114597
43631: 0.000114595
43632: 0.000114592
43633: 0.00011459
43634: 0.000114587
43635: 0.000114584
43636: 0.000114582
43637: 0.000114579
43638: 0.000114576
43639: 0.000114574
43640: 0.000114571
43641: 0.000114569
43642: 0.000114566
43643: 0.000114563
43644: 0.000114561
43645: 0.000114558
43646: 0.000114555
43647: 0.000114553
43648: 0.00011455
43649: 0.000114548
43650: 0.000114545
43651: 0.000114542
43652: 0.00011454
43653: 0.000114537
43654: 0.000114534
43655: 0.000114532
43656: 0.000114529
43657: 0.000114527
43658: 0.000114524
43659: 0.000114521
43660: 0.000114519
43661: 0.000114516
43662: 0.000114513
43663: 0.000114511
43664: 0.000114508
43665: 0.000114506
43666: 0.000114503
43667: 0.0001145
43668: 0.000114498
43669: 0.000114495
43670: 0.000114492
43671: 0.00011449
43672: 0.000114487
43673: 0.000114485
43674: 0.000114482
43675: 0.000114479
43676: 0.000114477
43677: 0.000114474
43678: 0.000114471
43679: 0.000114469
43680: 0.000114466
43681: 0.000114464
43682: 0.000114461
43683: 0.000114458
43684: 0.000114456
43685: 0.000114453
43686: 0.000114451
43687: 0.000114448
43688: 0.000114445
43689: 0.000114443
43690: 0.00011444
43691: 0.000114437
43692: 0.000114435
43693: 0.000114432
43694: 0.00011443
43695: 0.000114427
43696: 0.000114424
43697: 0.000114422
43698: 0.000114419
43699: 0.000114416
43700: 0.000114414
43701: 0.000114411
43702: 0.000114409
43703: 0.000114406
43704: 0.000114403
43705: 0.000114401
43706: 0.000114398
43707: 0.000114396
43708: 0.000114393
43709: 0.00011439
43710: 0.000114388
43711: 0.000114385
43712: 0.000114382
43713: 0.00011438
43714: 0.000114377
43715: 0.000114375
43716: 0.000114372
43717: 0.000114369
43718: 0.000114367
43719: 0.000114364
43720: 0.000114362
43721: 0.000114359
43722: 0.000114356
43723: 0.000114354
43724: 0.000114351
43725: 0.000114348
43726: 0.000114346
43727: 0.000114343
43728: 0.000114341
43729: 0.000114338
43730: 0.000114335
43731: 0.000114333
43732: 0.00011433
43733: 0.000114328
43734: 0.000114325
43735: 0.000114322
43736: 0.00011432
43737: 0.000114317
43738: 0.000114314
43739: 0.000114312
43740: 0.000114309
43741: 0.000114307
43742: 0.000114304
43743: 0.000114301
43744: 0.000114299
43745: 0.000114296
43746: 0.000114294
43747: 0.000114291
43748: 0.000114288
43749: 0.000114286
43750: 0.000114283
43751: 0.00011428
43752: 0.000114278
43753: 0.000114275
43754: 0.000114273
43755: 0.00011427
43756: 0.000114267
43757: 0.000114265
43758: 0.000114262
43759: 0.00011426
43760: 0.000114257
43761: 0.000114254
43762: 0.000114252
43763: 0.000114249
43764: 0.000114247
43765: 0.000114244
43766: 0.000114241
43767: 0.000114239
43768: 0.000114236
43769: 0.000114233
43770: 0.000114231
43771: 0.000114228
43772: 0.000114226
43773: 0.000114223
43774: 0.00011422
43775: 0.000114218
43776: 0.000114215
43777: 0.000114213
43778: 0.00011421
43779: 0.000114207
43780: 0.000114205
43781: 0.000114202
43782: 0.0001142
43783: 0.000114197
43784: 0.000114194
43785: 0.000114192
43786: 0.000114189
43787: 0.000114187
43788: 0.000114184
43789: 0.000114181
43790: 0.000114179
43791: 0.000114176
43792: 0.000114173
43793: 0.000114171
43794: 0.000114168
43795: 0.000114166
43796: 0.000114163
43797: 0.00011416
43798: 0.000114158
43799: 0.000114155
43800: 0.000114153
43801: 0.00011415
43802: 0.000114147
43803: 0.000114145
43804: 0.000114142
43805: 0.00011414
43806: 0.000114137
43807: 0.000114134
43808: 0.000114132
43809: 0.000114129
43810: 0.000114127
43811: 0.000114124
43812: 0.000114121
43813: 0.000114119
43814: 0.000114116
43815: 0.000114114
43816: 0.000114111
43817: 0.000114108
43818: 0.000114106
43819: 0.000114103
43820: 0.000114101
43821: 0.000114098
43822: 0.000114095
43823: 0.000114093
43824: 0.00011409
43825: 0.000114088
43826: 0.000114085
43827: 0.000114082
43828: 0.00011408
43829: 0.000114077
43830: 0.000114075
43831: 0.000114072
43832: 0.000114069
43833: 0.000114067
43834: 0.000114064
43835: 0.000114062
43836: 0.000114059
43837: 0.000114056
43838: 0.000114054
43839: 0.000114051
43840: 0.000114048
43841: 0.000114046
43842: 0.000114043
43843: 0.000114041
43844: 0.000114038
43845: 0.000114035
43846: 0.000114033
43847: 0.00011403
43848: 0.000114028
43849: 0.000114025
43850: 0.000114022
43851: 0.00011402
43852: 0.000114017
43853: 0.000114015
43854: 0.000114012
43855: 0.000114009
43856: 0.000114007
43857: 0.000114004
43858: 0.000114002
43859: 0.000113999
43860: 0.000113996
43861: 0.000113994
43862: 0.000113991
43863: 0.000113989
43864: 0.000113986
43865: 0.000113983
43866: 0.000113981
43867: 0.000113978
43868: 0.000113976
43869: 0.000113973
43870: 0.000113971
43871: 0.000113968
43872: 0.000113965
43873: 0.000113963
43874: 0.00011396
43875: 0.000113958
43876: 0.000113955
43877: 0.000113952
43878: 0.00011395
43879: 0.000113947
43880: 0.000113945
43881: 0.000113942
43882: 0.000113939
43883: 0.000113937
43884: 0.000113934
43885: 0.000113932
43886: 0.000113929
43887: 0.000113926
43888: 0.000113924
43889: 0.000113921
43890: 0.000113919
43891: 0.000113916
43892: 0.000113913
43893: 0.000113911
43894: 0.000113908
43895: 0.000113906
43896: 0.000113903
43897: 0.0001139
43898: 0.000113898
43899: 0.000113895
43900: 0.000113893
43901: 0.00011389
43902: 0.000113887
43903: 0.000113885
43904: 0.000113882
43905: 0.00011388
43906: 0.000113877
43907: 0.000113874
43908: 0.000113872
43909: 0.000113869
43910: 0.000113867
43911: 0.000113864
43912: 0.000113861
43913: 0.000113859
43914: 0.000113856
43915: 0.000113854
43916: 0.000113851
43917: 0.000113849
43918: 0.000113846
43919: 0.000113843
43920: 0.000113841
43921: 0.000113838
43922: 0.000113836
43923: 0.000113833
43924: 0.00011383
43925: 0.000113828
43926: 0.000113825
43927: 0.000113823
43928: 0.00011382
43929: 0.000113817
43930: 0.000113815
43931: 0.000113812
43932: 0.00011381
43933: 0.000113807
43934: 0.000113804
43935: 0.000113802
43936: 0.000113799
43937: 0.000113797
43938: 0.000113794
43939: 0.000113792
43940: 0.000113789
43941: 0.000113786
43942: 0.000113784
43943: 0.000113781
43944: 0.000113779
43945: 0.000113776
43946: 0.000113773
43947: 0.000113771
43948: 0.000113768
43949: 0.000113766
43950: 0.000113763
43951: 0.00011376
43952: 0.000113758
43953: 0.000113755
43954: 0.000113753
43955: 0.00011375
43956: 0.000113748
43957: 0.000113745
43958: 0.000113742
43959: 0.00011374
43960: 0.000113737
43961: 0.000113735
43962: 0.000113732
43963: 0.000113729
43964: 0.000113727
43965: 0.000113724
43966: 0.000113722
43967: 0.000113719
43968: 0.000113716
43969: 0.000113714
43970: 0.000113711
43971: 0.000113709
43972: 0.000113706
43973: 0.000113704
43974: 0.000113701
43975: 0.000113698
43976: 0.000113696
43977: 0.000113693
43978: 0.000113691
43979: 0.000113688
43980: 0.000113685
43981: 0.000113683
43982: 0.00011368
43983: 0.000113678
43984: 0.000113675
43985: 0.000113673
43986: 0.00011367
43987: 0.000113667
43988: 0.000113665
43989: 0.000113662
43990: 0.00011366
43991: 0.000113657
43992: 0.000113654
43993: 0.000113652
43994: 0.000113649
43995: 0.000113647
43996: 0.000113644
43997: 0.000113642
43998: 0.000113639
43999: 0.000113636
44000: 0.000113634
44001: 0.000113631
44002: 0.000113629
44003: 0.000113626
44004: 0.000113623
44005: 0.000113621
44006: 0.000113618
44007: 0.000113616
44008: 0.000113613
44009: 0.000113611
44010: 0.000113608
44011: 0.000113605
44012: 0.000113603
44013: 0.0001136
44014: 0.000113598
44015: 0.000113595
44016: 0.000113592
44017: 0.00011359
44018: 0.000113587
44019: 0.000113585
44020: 0.000113582
44021: 0.00011358
44022: 0.000113577
44023: 0.000113574
44024: 0.000113572
44025: 0.000113569
44026: 0.000113567
44027: 0.000113564
44028: 0.000113562
44029: 0.000113559
44030: 0.000113556
44031: 0.000113554
44032: 0.000113551
44033: 0.000113549
44034: 0.000113546
44035: 0.000113543
44036: 0.000113541
44037: 0.000113538
44038: 0.000113536
44039: 0.000113533
44040: 0.000113531
44041: 0.000113528
44042: 0.000113525
44043: 0.000113523
44044: 0.00011352
44045: 0.000113518
44046: 0.000113515
44047: 0.000113513
44048: 0.00011351
44049: 0.000113507
44050: 0.000113505
44051: 0.000113502
44052: 0.0001135
44053: 0.000113497
44054: 0.000113494
44055: 0.000113492
44056: 0.000113489
44057: 0.000113487
44058: 0.000113484
44059: 0.000113482
44060: 0.000113479
44061: 0.000113476
44062: 0.000113474
44063: 0.000113471
44064: 0.000113469
44065: 0.000113466
44066: 0.000113464
44067: 0.000113461
44068: 0.000113458
44069: 0.000113456
44070: 0.000113453
44071: 0.000113451
44072: 0.000113448
44073: 0.000113446
44074: 0.000113443
44075: 0.00011344
44076: 0.000113438
44077: 0.000113435
44078: 0.000113433
44079: 0.00011343
44080: 0.000113428
44081: 0.000113425
44082: 0.000113422
44083: 0.00011342
44084: 0.000113417
44085: 0.000113415
44086: 0.000113412
44087: 0.00011341
44088: 0.000113407
44089: 0.000113404
44090: 0.000113402
44091: 0.000113399
44092: 0.000113397
44093: 0.000113394
44094: 0.000113392
44095: 0.000113389
44096: 0.000113386
44097: 0.000113384
44098: 0.000113381
44099: 0.000113379
44100: 0.000113376
44101: 0.000113374
44102: 0.000113371
44103: 0.000113368
44104: 0.000113366
44105: 0.000113363
44106: 0.000113361
44107: 0.000113358
44108: 0.000113356
44109: 0.000113353
44110: 0.00011335
44111: 0.000113348
44112: 0.000113345
44113: 0.000113343
44114: 0.00011334
44115: 0.000113338
44116: 0.000113335
44117: 0.000113332
44118: 0.00011333
44119: 0.000113327
44120: 0.000113325
44121: 0.000113322
44122: 0.00011332
44123: 0.000113317
44124: 0.000113314
44125: 0.000113312
44126: 0.000113309
44127: 0.000113307
44128: 0.000113304
44129: 0.000113302
44130: 0.000113299
44131: 0.000113296
44132: 0.000113294
44133: 0.000113291
44134: 0.000113289
44135: 0.000113286
44136: 0.000113284
44137: 0.000113281
44138: 0.000113279
44139: 0.000113276
44140: 0.000113273
44141: 0.000113271
44142: 0.000113268
44143: 0.000113266
44144: 0.000113263
44145: 0.000113261
44146: 0.000113258
44147: 0.000113255
44148: 0.000113253
44149: 0.00011325
44150: 0.000113248
44151: 0.000113245
44152: 0.000113243
44153: 0.00011324
44154: 0.000113237
44155: 0.000113235
44156: 0.000113232
44157: 0.00011323
44158: 0.000113227
44159: 0.000113225
44160: 0.000113222
44161: 0.00011322
44162: 0.000113217
44163: 0.000113214
44164: 0.000113212
44165: 0.000113209
44166: 0.000113207
44167: 0.000113204
44168: 0.000113202
44169: 0.000113199
44170: 0.000113196
44171: 0.000113194
44172: 0.000113191
44173: 0.000113189
44174: 0.000113186
44175: 0.000113184
44176: 0.000113181
44177: 0.000113179
44178: 0.000113176
44179: 0.000113173
44180: 0.000113171
44181: 0.000113168
44182: 0.000113166
44183: 0.000113163
44184: 0.000113161
44185: 0.000113158
44186: 0.000113155
44187: 0.000113153
44188: 0.00011315
44189: 0.000113148
44190: 0.000113145
44191: 0.000113143
44192: 0.00011314
44193: 0.000113138
44194: 0.000113135
44195: 0.000113132
44196: 0.00011313
44197: 0.000113127
44198: 0.000113125
44199: 0.000113122
44200: 0.00011312
44201: 0.000113117
44202: 0.000113114
44203: 0.000113112
44204: 0.000113109
44205: 0.000113107
44206: 0.000113104
44207: 0.000113102
44208: 0.000113099
44209: 0.000113097
44210: 0.000113094
44211: 0.000113091
44212: 0.000113089
44213: 0.000113086
44214: 0.000113084
44215: 0.000113081
44216: 0.000113079
44217: 0.000113076
44218: 0.000113074
44219: 0.000113071
44220: 0.000113068
44221: 0.000113066
44222: 0.000113063
44223: 0.000113061
44224: 0.000113058
44225: 0.000113056
44226: 0.000113053
44227: 0.000113051
44228: 0.000113048
44229: 0.000113045
44230: 0.000113043
44231: 0.00011304
44232: 0.000113038
44233: 0.000113035
44234: 0.000113033
44235: 0.00011303
44236: 0.000113028
44237: 0.000113025
44238: 0.000113022
44239: 0.00011302
44240: 0.000113017
44241: 0.000113015
44242: 0.000113012
44243: 0.00011301
44244: 0.000113007
44245: 0.000113005
44246: 0.000113002
44247: 0.000112999
44248: 0.000112997
44249: 0.000112994
44250: 0.000112992
44251: 0.000112989
44252: 0.000112987
44253: 0.000112984
44254: 0.000112982
44255: 0.000112979
44256: 0.000112976
44257: 0.000112974
44258: 0.000112971
44259: 0.000112969
44260: 0.000112966
44261: 0.000112964
44262: 0.000112961
44263: 0.000112959
44264: 0.000112956
44265: 0.000112954
44266: 0.000112951
44267: 0.000112948
44268: 0.000112946
44269: 0.000112943
44270: 0.000112941
44271: 0.000112938
44272: 0.000112936
44273: 0.000112933
44274: 0.000112931
44275: 0.000112928
44276: 0.000112925
44277: 0.000112923
44278: 0.00011292
44279: 0.000112918
44280: 0.000112915
44281: 0.000112913
44282: 0.00011291
44283: 0.000112908
44284: 0.000112905
44285: 0.000112902
44286: 0.0001129
44287: 0.000112897
44288: 0.000112895
44289: 0.000112892
44290: 0.00011289
44291: 0.000112887
44292: 0.000112885
44293: 0.000112882
44294: 0.00011288
44295: 0.000112877
44296: 0.000112874
44297: 0.000112872
44298: 0.000112869
44299: 0.000112867
44300: 0.000112864
44301: 0.000112862
44302: 0.000112859
44303: 0.000112857
44304: 0.000112854
44305: 0.000112852
44306: 0.000112849
44307: 0.000112846
44308: 0.000112844
44309: 0.000112841
44310: 0.000112839
44311: 0.000112836
44312: 0.000112834
44313: 0.000112831
44314: 0.000112829
44315: 0.000112826
44316: 0.000112824
44317: 0.000112821
44318: 0.000112818
44319: 0.000112816
44320: 0.000112813
44321: 0.000112811
44322: 0.000112808
44323: 0.000112806
44324: 0.000112803
44325: 0.000112801
44326: 0.000112798
44327: 0.000112796
44328: 0.000112793
44329: 0.00011279
44330: 0.000112788
44331: 0.000112785
44332: 0.000112783
44333: 0.00011278
44334: 0.000112778
44335: 0.000112775
44336: 0.000112773
44337: 0.00011277
44338: 0.000112768
44339: 0.000112765
44340: 0.000112762
44341: 0.00011276
44342: 0.000112757
44343: 0.000112755
44344: 0.000112752
44345: 0.00011275
44346: 0.000112747
44347: 0.000112745
44348: 0.000112742
44349: 0.00011274
44350: 0.000112737
44351: 0.000112734
44352: 0.000112732
44353: 0.000112729
44354: 0.000112727
44355: 0.000112724
44356: 0.000112722
44357: 0.000112719
44358: 0.000112717
44359: 0.000112714
44360: 0.000112712
44361: 0.000112709
44362: 0.000112707
44363: 0.000112704
44364: 0.000112701
44365: 0.000112699
44366: 0.000112696
44367: 0.000112694
44368: 0.000112691
44369: 0.000112689
44370: 0.000112686
44371: 0.000112684
44372: 0.000112681
44373: 0.000112679
44374: 0.000112676
44375: 0.000112674
44376: 0.000112671
44377: 0.000112668
44378: 0.000112666
44379: 0.000112663
44380: 0.000112661
44381: 0.000112658
44382: 0.000112656
44383: 0.000112653
44384: 0.000112651
44385: 0.000112648
44386: 0.000112646
44387: 0.000112643
44388: 0.000112641
44389: 0.000112638
44390: 0.000112635
44391: 0.000112633
44392: 0.00011263
44393: 0.000112628
44394: 0.000112625
44395: 0.000112623
44396: 0.00011262
44397: 0.000112618
44398: 0.000112615
44399: 0.000112613
44400: 0.00011261
44401: 0.000112608
44402: 0.000112605
44403: 0.000112602
44404: 0.0001126
44405: 0.000112597
44406: 0.000112595
44407: 0.000112592
44408: 0.00011259
44409: 0.000112587
44410: 0.000112585
44411: 0.000112582
44412: 0.00011258
44413: 0.000112577
44414: 0.000112575
44415: 0.000112572
44416: 0.00011257
44417: 0.000112567
44418: 0.000112564
44419: 0.000112562
44420: 0.000112559
44421: 0.000112557
44422: 0.000112554
44423: 0.000112552
44424: 0.000112549
44425: 0.000112547
44426: 0.000112544
44427: 0.000112542
44428: 0.000112539
44429: 0.000112537
44430: 0.000112534
44431: 0.000112532
44432: 0.000112529
44433: 0.000112526
44434: 0.000112524
44435: 0.000112521
44436: 0.000112519
44437: 0.000112516
44438: 0.000112514
44439: 0.000112511
44440: 0.000112509
44441: 0.000112506
44442: 0.000112504
44443: 0.000112501
44444: 0.000112499
44445: 0.000112496
44446: 0.000112494
44447: 0.000112491
44448: 0.000112488
44449: 0.000112486
44450: 0.000112483
44451: 0.000112481
44452: 0.000112478
44453: 0.000112476
44454: 0.000112473
44455: 0.000112471
44456: 0.000112468
44457: 0.000112466
44458: 0.000112463
44459: 0.000112461
44460: 0.000112458
44461: 0.000112456
44462: 0.000112453
44463: 0.000112451
44464: 0.000112448
44465: 0.000112445
44466: 0.000112443
44467: 0.00011244
44468: 0.000112438
44469: 0.000112435
44470: 0.000112433
44471: 0.00011243
44472: 0.000112428
44473: 0.000112425
44474: 0.000112423
44475: 0.00011242
44476: 0.000112418
44477: 0.000112415
44478: 0.000112413
44479: 0.00011241
44480: 0.000112408
44481: 0.000112405
44482: 0.000112402
44483: 0.0001124
44484: 0.000112397
44485: 0.000112395
44486: 0.000112392
44487: 0.00011239
44488: 0.000112387
44489: 0.000112385
44490: 0.000112382
44491: 0.00011238
44492: 0.000112377
44493: 0.000112375
44494: 0.000112372
44495: 0.00011237
44496: 0.000112367
44497: 0.000112365
44498: 0.000112362
44499: 0.00011236
44500: 0.000112357
44501: 0.000112355
44502: 0.000112352
44503: 0.000112349
44504: 0.000112347
44505: 0.000112344
44506: 0.000112342
44507: 0.000112339
44508: 0.000112337
44509: 0.000112334
44510: 0.000112332
44511: 0.000112329
44512: 0.000112327
44513: 0.000112324
44514: 0.000112322
44515: 0.000112319
44516: 0.000112317
44517: 0.000112314
44518: 0.000112312
44519: 0.000112309
44520: 0.000112307
44521: 0.000112304
44522: 0.000112302
44523: 0.000112299
44524: 0.000112296
44525: 0.000112294
44526: 0.000112291
44527: 0.000112289
44528: 0.000112286
44529: 0.000112284
44530: 0.000112281
44531: 0.000112279
44532: 0.000112276
44533: 0.000112274
44534: 0.000112271
44535: 0.000112269
44536: 0.000112266
44537: 0.000112264
44538: 0.000112261
44539: 0.000112259
44540: 0.000112256
44541: 0.000112254
44542: 0.000112251
44543: 0.000112249
44544: 0.000112246
44545: 0.000112244
44546: 0.000112241
44547: 0.000112238
44548: 0.000112236
44549: 0.000112233
44550: 0.000112231
44551: 0.000112228
44552: 0.000112226
44553: 0.000112223
44554: 0.000112221
44555: 0.000112218
44556: 0.000112216
44557: 0.000112213
44558: 0.000112211
44559: 0.000112208
44560: 0.000112206
44561: 0.000112203
44562: 0.000112201
44563: 0.000112198
44564: 0.000112196
44565: 0.000112193
44566: 0.000112191
44567: 0.000112188
44568: 0.000112186
44569: 0.000112183
44570: 0.000112181
44571: 0.000112178
44572: 0.000112176
44573: 0.000112173
44574: 0.00011217
44575: 0.000112168
44576: 0.000112165
44577: 0.000112163
44578: 0.00011216
44579: 0.000112158
44580: 0.000112155
44581: 0.000112153
44582: 0.00011215
44583: 0.000112148
44584: 0.000112145
44585: 0.000112143
44586: 0.00011214
44587: 0.000112138
44588: 0.000112135
44589: 0.000112133
44590: 0.00011213
44591: 0.000112128
44592: 0.000112125
44593: 0.000112123
44594: 0.00011212
44595: 0.000112118
44596: 0.000112115
44597: 0.000112113
44598: 0.00011211
44599: 0.000112108
44600: 0.000112105
44601: 0.000112103
44602: 0.0001121
44603: 0.000112098
44604: 0.000112095
44605: 0.000112093
44606: 0.00011209
44607: 0.000112088
44608: 0.000112085
44609: 0.000112082
44610: 0.00011208
44611: 0.000112077
44612: 0.000112075
44613: 0.000112072
44614: 0.00011207
44615: 0.000112067
44616: 0.000112065
44617: 0.000112062
44618: 0.00011206
44619: 0.000112057
44620: 0.000112055
44621: 0.000112052
44622: 0.00011205
44623: 0.000112047
44624: 0.000112045
44625: 0.000112042
44626: 0.00011204
44627: 0.000112037
44628: 0.000112035
44629: 0.000112032
44630: 0.00011203
44631: 0.000112027
44632: 0.000112025
44633: 0.000112022
44634: 0.00011202
44635: 0.000112017
44636: 0.000112015
44637: 0.000112012
44638: 0.00011201
44639: 0.000112007
44640: 0.000112005
44641: 0.000112002
44642: 0.000112
44643: 0.000111997
44644: 0.000111995
44645: 0.000111992
44646: 0.00011199
44647: 0.000111987
44648: 0.000111985
44649: 0.000111982
44650: 0.00011198
44651: 0.000111977
44652: 0.000111975
44653: 0.000111972
44654: 0.00011197
44655: 0.000111967
44656: 0.000111965
44657: 0.000111962
44658: 0.00011196
44659: 0.000111957
44660: 0.000111955
44661: 0.000111952
44662: 0.000111949
44663: 0.000111947
44664: 0.000111944
44665: 0.000111942
44666: 0.000134327
44667: 0.000134324
44668: 0.000134321
44669: 0.000134318
44670: 0.000134315
44671: 0.000134312
44672: 0.000134309
44673: 0.000134306
44674: 0.000134303
44675: 0.0001343
44676: 0.000134297
44677: 0.000134294
44678: 0.000134291
44679: 0.000134288
44680: 0.000134285
44681: 0.000134282
44682: 0.000134279
44683: 0.000134276
44684: 0.000134273
44685: 0.00013427
44686: 0.000134267
44687: 0.000134264
44688: 0.000134261
44689: 0.000134258
44690: 0.000134255
44691: 0.000134252
44692: 0.000134249
44693: 0.000134246
44694: 0.000134243
44695: 0.00013424
44696: 0.000134237
44697: 0.000134234
44698: 0.000134231
44699: 0.000134228
44700: 0.000134225
44701: 0.000134222
44702: 0.000134219
44703: 0.000134216
44704: 0.000134213
44705: 0.00013421
44706: 0.000134207
44707: 0.000134204
44708: 0.000134201
44709: 0.000134198
44710: 0.000134195
44711: 0.000134192
44712: 0.000134189
44713: 0.000134186
44714: 0.000134183
44715: 0.00013418
44716: 0.000134177
44717: 0.000134174
44718: 0.000134171
44719: 0.000134168
44720: 0.000134165
44721: 0.000134162
44722: 0.000134159
44723: 0.000134156
44724: 0.000134153
44725: 0.00013415
44726: 0.000134147
44727: 0.000134144
44728: 0.000134141
44729: 0.000134138
44730: 0.000134135
44731: 0.000134132
44732: 0.000134129
44733: 0.000134126
44734: 0.000134123
44735: 0.00013412
44736: 0.000134117
44737: 0.000134114
44738: 0.000134111
44739: 0.000134108
44740: 0.000134105
44741: 0.000134102
44742: 0.000134099
44743: 0.000134096
44744: 0.000134093
44745: 0.00013409
44746: 0.000134087
44747: 0.000134084
44748: 0.000134081
44749: 0.000134078
44750: 0.000134075
44751: 0.000134072
44752: 0.000134069
44753: 0.000134066
44754: 0.000134063
44755: 0.00013406
44756: 0.000134057
44757: 0.000134054
44758: 0.000134051
44759: 0.000134048
44760: 0.000134045
44761: 0.000134042
44762: 0.000134039
44763: 0.000134036
44764: 0.000134033
44765: 0.00013403
44766: 0.000134027
44767: 0.000134024
44768: 0.000134021
44769: 0.000134018
44770: 0.000134015
44771: 0.000134012
44772: 0.000134009
44773: 0.000134006
44774: 0.000134003
44775: 0.000134
44776: 0.000133997
44777: 0.000133994
44778: 0.000133991
44779: 0.000133988
44780: 0.000133985
44781: 0.000133982
44782: 0.000133979
44783: 0.000133976
44784: 0.000133973
44785: 0.00013397
44786: 0.000133967
44787: 0.000133964
44788: 0.000133961
44789: 0.000133958
44790: 0.000133955
44791: 0.000133952
44792: 0.00013395
44793: 0.000133947
44794: 0.000133944
44795: 0.000133941
44796: 0.000133938
44797: 0.000133935
44798: 0.000133932
44799: 0.000133929
44800: 0.000133926
44801: 0.000133923
44802: 0.00013392
44803: 0.000133917
44804: 0.000133914
44805: 0.000133911
44806: 0.000133908
44807: 0.000133905
44808: 0.000133902
44809: 0.000133899
44810: 0.000133896
44811: 0.000133893
44812: 0.00013389
44813: 0.000133887
44814: 0.000133884
44815: 0.000133881
44816: 0.000133878
44817: 0.000133875
44818: 0.000133872
44819: 0.000133869
44820: 0.000133866
44821: 0.000133863
44822: 0.00013386
44823: 0.000133857
44824: 0.000133854
44825: 0.000133851
44826: 0.000133848
44827: 0.000133845
44828: 0.000133842
44829: 0.000133839
44830: 0.000133836
44831: 0.000133833
44832: 0.00013383
44833: 0.000133827
44834: 0.000133824
44835: 0.000133821
44836: 0.000133818
44837: 0.000133815
44838: 0.000133812
44839: 0.000133809
44840: 0.000133806
44841: 0.000133803
44842: 0.0001338
44843: 0.000133797
44844: 0.000133794
44845: 0.000133791
44846: 0.000133788
44847: 0.000133785
44848: 0.000133782
44849: 0.000133779
44850: 0.000133776
44851: 0.000133773
44852: 0.00013377
44853: 0.000133767
44854: 0.000133764
44855: 0.000133761
44856: 0.000133758
44857: 0.000133755
44858: 0.000133752
44859: 0.000133749
44860: 0.000133746
44861: 0.000133743
44862: 0.00013374
44863: 0.000133738
44864: 0.000133735
44865: 0.000133732
44866: 0.000133729
44867: 0.000133726
44868: 0.000133723
44869: 0.00013372
44870: 0.000133717
44871: 0.000133714
44872: 0.000133711
44873: 0.000133708
44874: 0.000133705
44875: 0.000133702
44876: 0.000133699
44877: 0.000133696
44878: 0.000133693
44879: 0.00013369
44880: 0.000133687
44881: 0.000133684
44882: 0.000133681
44883: 0.000133678
44884: 0.000133675
44885: 0.000133672
44886: 0.000133669
44887: 0.000133666
44888: 0.000133663
44889: 0.00013366
44890: 0.000133657
44891: 0.000133654
44892: 0.000133651
44893: 0.000133648
44894: 0.000133645
44895: 0.000133642
44896: 0.000133639
44897: 0.000133636
44898: 0.000133633
44899: 0.00013363
44900: 0.000133627
44901: 0.000133624
44902: 0.000133621
44903: 0.000133618
44904: 0.000133615
44905: 0.000133612
44906: 0.000133609
44907: 0.000133606
44908: 0.000133604
44909: 0.000133601
44910: 0.000133598
44911: 0.000133595
44912: 0.000133592
44913: 0.000133589
44914: 0.000133586
44915: 0.000133583
44916: 0.00013358
44917: 0.000133577
44918: 0.000133574
44919: 0.000133571
44920: 0.000133568
44921: 0.000133565
44922: 0.000133562
44923: 0.000133559
44924: 0.000133556
44925: 0.000133553
44926: 0.00013355
44927: 0.000133547
44928: 0.000133544
44929: 0.000133541
44930: 0.000133538
44931: 0.000133535
44932: 0.000133532
44933: 0.000133529
44934: 0.000133526
44935: 0.000133523
44936: 0.00013352
44937: 0.000133517
44938: 0.000133514
44939: 0.000133511
44940: 0.000133508
44941: 0.000133505
44942: 0.000133502
44943: 0.000133499
44944: 0.000133496
44945: 0.000133494
44946: 0.000133491
44947: 0.000133488
44948: 0.000133485
44949: 0.000133482
44950: 0.000133479
44951: 0.000133476
44952: 0.000133473
44953: 0.00013347
44954: 0.000133467
44955: 0.000133464
44956: 0.000133461
44957: 0.000133458
44958: 0.000133455
44959: 0.000133452
44960: 0.000133449
44961: 0.000133446
44962: 0.000133443
44963: 0.00013344
44964: 0.000133437
44965: 0.000133434
44966: 0.000133431
44967: 0.000133428
44968: 0.000133425
44969: 0.000133422
44970: 0.000133419
44971: 0.000133416
44972: 0.000133413
44973: 0.00013341
44974: 0.000133407
44975: 0.000133404
44976: 0.000133402
44977: 0.000133399
44978: 0.000133396
44979: 0.000133393
44980: 0.00013339
44981: 0.000133387
44982: 0.000133384
44983: 0.000133381
44984: 0.000133378
44985: 0.000133375
44986: 0.000133372
44987: 0.000133369
44988: 0.000133366
44989: 0.000133363
44990: 0.00013336
44991: 0.000133357
44992: 0.000133354
44993: 0.000133351
44994: 0.000133348
44995: 0.000133345
44996: 0.000133342
44997: 0.000133339
44998: 0.000133336
44999: 0.000133333
45000: 0.00013333
45001: 0.000133327
45002: 0.000133324
45003: 0.000133321
45004: 0.000133319
45005: 0.000133316
45006: 0.000133313
45007: 0.00013331
45008: 0.000133307
45009: 0.000133304
45010: 0.000133301
45011: 0.000133298
45012: 0.000133295
45013: 0.000133292
45014: 0.000133289
45015: 0.000133286
45016: 0.000133283
45017: 0.00013328
45018: 0.000133277
45019: 0.000133274
45020: 0.000133271
45021: 0.000133268
45022: 0.000133265
45023: 0.000133262
45024: 0.000133259
45025: 0.000133256
45026: 0.000133253
45027: 0.00013325
45028: 0.000133247
45029: 0.000133245
45030: 0.000133242
45031: 0.000133239
45032: 0.000133236
45033: 0.000133233
45034: 0.00013323
45035: 0.000133227
45036: 0.000133224
45037: 0.000133221
45038: 0.000133218
45039: 0.000133215
45040: 0.000133212
45041: 0.000133209
45042: 0.000133206
45043: 0.000133203
45044: 0.0001332
45045: 0.000133197
45046: 0.000133194
45047: 0.000133191
45048: 0.000133188
45049: 0.000133185
45050: 0.000133182
45051: 0.000133179
45052: 0.000133176
45053: 0.000133174
45054: 0.000133171
45055: 0.000133168
45056: 0.000133165
45057: 0.000133162
45058: 0.000133159
45059: 0.000133156
45060: 0.000133153
45061: 0.00013315
45062: 0.000133147
45063: 0.000133144
45064: 0.000133141
45065: 0.000133138
45066: 0.000133135
45067: 0.000133132
45068: 0.000133129
45069: 0.000133126
45070: 0.000133123
45071: 0.00013312
45072: 0.000133117
45073: 0.000133114
45074: 0.000133111
45075: 0.000133109
45076: 0.000133106
45077: 0.000133103
45078: 0.0001331
45079: 0.000133097
45080: 0.000133094
45081: 0.000133091
45082: 0.000133088
45083: 0.000133085
45084: 0.000133082
45085: 0.000133079
45086: 0.000133076
45087: 0.000133073
45088: 0.00013307
45089: 0.000133067
45090: 0.000133064
45091: 0.000133061
45092: 0.000133058
45093: 0.000133055
45094: 0.000133052
45095: 0.000133049
45096: 0.000133047
45097: 0.000133044
45098: 0.000133041
45099: 0.000133038
45100: 0.000133035
45101: 0.000133032
45102: 0.000133029
45103: 0.000133026
45104: 0.000133023
45105: 0.00013302
45106: 0.000133017
45107: 0.000133014
45108: 0.000133011
45109: 0.000133008
45110: 0.000133005
45111: 0.000133002
45112: 0.000132999
45113: 0.000132996
45114: 0.000132993
45115: 0.000132991
45116: 0.000132988
45117: 0.000132985
45118: 0.000132982
45119: 0.000132979
45120: 0.000132976
45121: 0.000132973
45122: 0.00013297
45123: 0.000132967
45124: 0.000132964
45125: 0.000132961
45126: 0.000132958
45127: 0.000132955
45128: 0.000132952
45129: 0.000132949
45130: 0.000132946
45131: 0.000132943
45132: 0.00013294
45133: 0.000132937
45134: 0.000132935
45135: 0.000132932
45136: 0.000132929
45137: 0.000132926
45138: 0.000132923
45139: 0.00013292
45140: 0.000132917
45141: 0.000132914
45142: 0.000132911
45143: 0.000132908
45144: 0.000132905
45145: 0.000132902
45146: 0.000132899
45147: 0.000132896
45148: 0.000132893
45149: 0.00013289
45150: 0.000132887
45151: 0.000132884
45152: 0.000132882
45153: 0.000132879
45154: 0.000132876
45155: 0.000132873
45156: 0.00013287
45157: 0.000132867
45158: 0.000132864
45159: 0.000132861
45160: 0.000132858
45161: 0.000132855
45162: 0.000132852
45163: 0.000132849
45164: 0.000132846
45165: 0.000132843
45166: 0.00013284
45167: 0.000132837
45168: 0.000132834
45169: 0.000132832
45170: 0.000132829
45171: 0.000132826
45172: 0.000132823
45173: 0.00013282
45174: 0.000132817
45175: 0.000132814
45176: 0.000132811
45177: 0.000132808
45178: 0.000132805
45179: 0.000132802
45180: 0.000132799
45181: 0.000132796
45182: 0.000132793
45183: 0.00013279
45184: 0.000132787
45185: 0.000132784
45186: 0.000132782
45187: 0.000132779
45188: 0.000132776
45189: 0.000132773
45190: 0.00013277
45191: 0.000132767
45192: 0.000132764
45193: 0.000132761
45194: 0.000132758
45195: 0.000132755
45196: 0.000132752
45197: 0.000132749
45198: 0.000132746
45199: 0.000132743
45200: 0.00013274
45201: 0.000132737
45202: 0.000132735
45203: 0.000132732
45204: 0.000132729
45205: 0.000132726
45206: 0.000132723
45207: 0.00013272
45208: 0.000132717
45209: 0.000132714
45210: 0.000132711
45211: 0.000132708
45212: 0.000132705
45213: 0.000132702
45214: 0.000132699
45215: 0.000132696
45216: 0.000132693
45217: 0.000132691
45218: 0.000132688
45219: 0.000132685
45220: 0.000132682
45221: 0.000132679
45222: 0.000132676
45223: 0.000132673
45224: 0.00013267
45225: 0.000132667
45226: 0.000132664
45227: 0.000132661
45228: 0.000132658
45229: 0.000132655
45230: 0.000132652
45231: 0.000132649
45232: 0.000132647
45233: 0.000132644
45234: 0.000132641
45235: 0.000132638
45236: 0.000132635
45237: 0.000132632
45238: 0.000132629
45239: 0.000132626
45240: 0.000132623
45241: 0.00013262
45242: 0.000132617
45243: 0.000132614
45244: 0.000132611
45245: 0.000132608
45246: 0.000132605
45247: 0.000132603
45248: 0.0001326
45249: 0.000132597
45250: 0.000132594
45251: 0.000132591
45252: 0.000132588
45253: 0.000132585
45254: 0.000132582
45255: 0.000132579
45256: 0.000132576
45257: 0.000132573
45258: 0.00013257
45259: 0.000132567
45260: 0.000132564
45261: 0.000132562
45262: 0.000132559
45263: 0.000132556
45264: 0.000132553
45265: 0.00013255
45266: 0.000132547
45267: 0.000132544
45268: 0.000132541
45269: 0.000132538
45270: 0.000132535
45271: 0.000132532
45272: 0.000132529
45273: 0.000132526
45274: 0.000132523
45275: 0.000132521
45276: 0.000132518
45277: 0.000132515
45278: 0.000132512
45279: 0.000132509
45280: 0.000132506
45281: 0.000132503
45282: 0.0001325
45283: 0.000132497
45284: 0.000132494
45285: 0.000132491
45286: 0.000132488
45287: 0.000132485
45288: 0.000132483
45289: 0.00013248
45290: 0.000132477
45291: 0.000132474
45292: 0.000132471
45293: 0.000132468
45294: 0.000132465
45295: 0.000132462
45296: 0.000132459
45297: 0.000132456
45298: 0.000132453
45299: 0.00013245
45300: 0.000132447
45301: 0.000132444
45302: 0.000132442
45303: 0.000132439
45304: 0.000132436
45305: 0.000132433
45306: 0.00013243
45307: 0.000132427
45308: 0.000132424
45309: 0.000132421
45310: 0.000132418
45311: 0.000132415
45312: 0.000132412
45313: 0.000132409
45314: 0.000132406
45315: 0.000132404
45316: 0.000132401
45317: 0.000132398
45318: 0.000132395
45319: 0.000132392
45320: 0.000132389
45321: 0.000132386
45322: 0.000132383
45323: 0.00013238
45324: 0.000132377
45325: 0.000132374
45326: 0.000132371
45327: 0.000132369
45328: 0.000132366
45329: 0.000132363
45330: 0.00013236
45331: 0.000132357
45332: 0.000132354
45333: 0.000132351
45334: 0.000132348
45335: 0.000132345
45336: 0.000132342
45337: 0.000132339
45338: 0.000132336
45339: 0.000132333
45340: 0.000132331
45341: 0.000132328
45342: 0.000132325
45343: 0.000132322
45344: 0.000132319
45345: 0.000132316
45346: 0.000132313
45347: 0.00013231
45348: 0.000132307
45349: 0.000132304
45350: 0.000132301
45351: 0.000132298
45352: 0.000132296
45353: 0.000132293
45354: 0.00013229
45355: 0.000132287
45356: 0.000132284
45357: 0.000132281
45358: 0.000132278
45359: 0.000132275
45360: 0.000132272
45361: 0.000132269
45362: 0.000132266
45363: 0.000132263
45364: 0.000132261
45365: 0.000132258
45366: 0.000132255
45367: 0.000132252
45368: 0.000132249
45369: 0.000132246
45370: 0.000132243
45371: 0.00013224
45372: 0.000132237
45373: 0.000132234
45374: 0.000132231
45375: 0.000132228
45376: 0.000132226
45377: 0.000132223
45378: 0.00013222
45379: 0.000132217
45380: 0.000132214
45381: 0.000132211
45382: 0.000132208
45383: 0.000132205
45384: 0.000132202
45385: 0.000132199
45386: 0.000132196
45387: 0.000132194
45388: 0.000132191
45389: 0.000132188
45390: 0.000132185
45391: 0.000132182
45392: 0.000132179
45393: 0.000132176
45394: 0.000132173
45395: 0.00013217
45396: 0.000132167
45397: 0.000132164
45398: 0.000132162
45399: 0.000132159
45400: 0.000132156
45401: 0.000132153
45402: 0.00013215
45403: 0.000132147
45404: 0.000132144
45405: 0.000132141
45406: 0.000132138
45407: 0.000132135
45408: 0.000132132
45409: 0.000132129
45410: 0.000132127
45411: 0.000132124
45412: 0.000132121
45413: 0.000132118
45414: 0.000132115
45415: 0.000132112
45416: 0.000132109
45417: 0.000132106
45418: 0.000132103
45419: 0.0001321
45420: 0.000132097
45421: 0.000132095
45422: 0.000132092
45423: 0.000132089
45424: 0.000132086
45425: 0.000132083
45426: 0.00013208
45427: 0.000132077
45428: 0.000132074
45429: 0.000132071
45430: 0.000132068
45431: 0.000132066
45432: 0.000132063
45433: 0.00013206
45434: 0.000132057
45435: 0.000132054
45436: 0.000132051
45437: 0.000132048
45438: 0.000132045
45439: 0.000132042
45440: 0.000132039
45441: 0.000132036
45442: 0.000132034
45443: 0.000132031
45444: 0.000132028
45445: 0.000132025
45446: 0.000132022
45447: 0.000132019
45448: 0.000132016
45449: 0.000132013
45450: 0.00013201
45451: 0.000132007
45452: 0.000132004
45453: 0.000132002
45454: 0.000131999
45455: 0.000131996
45456: 0.000131993
45457: 0.00013199
45458: 0.000131987
45459: 0.000131984
45460: 0.000131981
45461: 0.000131978
45462: 0.000131975
45463: 0.000131973
45464: 0.00013197
45465: 0.000131967
45466: 0.000131964
45467: 0.000131961
45468: 0.000131958
45469: 0.000131955
45470: 0.000131952
45471: 0.000131949
45472: 0.000131946
45473: 0.000131944
45474: 0.000131941
45475: 0.000131938
45476: 0.000131935
45477: 0.000131932
45478: 0.000131929
45479: 0.000131926
45480: 0.000131923
45481: 0.00013192
45482: 0.000131917
45483: 0.000131915
45484: 0.000131912
45485: 0.000131909
45486: 0.000131906
45487: 0.000131903
45488: 0.0001319
45489: 0.000131897
45490: 0.000131894
45491: 0.000131891
45492: 0.000131888
45493: 0.000131886
45494: 0.000131883
45495: 0.00013188
45496: 0.000131877
45497: 0.000131874
45498: 0.000131871
45499: 0.000131868
45500: 0.000131865
45501: 0.000131862
45502: 0.000131859
45503: 0.000131857
45504: 0.000131854
45505: 0.000131851
45506: 0.000131848
45507: 0.000131845
45508: 0.000131842
45509: 0.000131839
45510: 0.000131836
45511: 0.000131833
45512: 0.00013183
45513: 0.000131828
45514: 0.000131825
45515: 0.000131822
45516: 0.000131819
45517: 0.000131816
45518: 0.000131813
45519: 0.00013181
45520: 0.000131807
45521: 0.000131804
45522: 0.000131802
45523: 0.000131799
45524: 0.000131796
45525: 0.000131793
45526: 0.00013179
45527: 0.000131787
45528: 0.000131784
45529: 0.000131781
45530: 0.000131778
45531: 0.000131775
45532: 0.000131773
45533: 0.00013177
45534: 0.000131767
45535: 0.000131764
45536: 0.000131761
45537: 0.000131758
45538: 0.000131755
45539: 0.000131752
45540: 0.000131749
45541: 0.000131747
45542: 0.000131744
45543: 0.000131741
45544: 0.000131738
45545: 0.000131735
45546: 0.000131732
45547: 0.000131729
45548: 0.000131726
45549: 0.000131723
45550: 0.00013172
45551: 0.000131718
45552: 0.000131715
45553: 0.000131712
45554: 0.000131709
45555: 0.000131706
45556: 0.000131703
45557: 0.0001317
45558: 0.000131697
45559: 0.000131694
45560: 0.000131692
45561: 0.000131689
45562: 0.000131686
45563: 0.000131683
45564: 0.00013168
45565: 0.000131677
45566: 0.000131674
45567: 0.000131671
45568: 0.000131668
45569: 0.000131666
45570: 0.000131663
45571: 0.00013166
45572: 0.000131657
45573: 0.000131654
45574: 0.000131651
45575: 0.000131648
45576: 0.000131645
45577: 0.000131642
45578: 0.00013164
45579: 0.000131637
45580: 0.000131634
45581: 0.000131631
45582: 0.000131628
45583: 0.000131625
45584: 0.000131622
45585: 0.000131619
45586: 0.000131616
45587: 0.000131614
45588: 0.000131611
45589: 0.000131608
45590: 0.000131605
45591: 0.000131602
45592: 0.000131599
45593: 0.000131596
45594: 0.000131593
45595: 0.00013159
45596: 0.000131588
45597: 0.000131585
45598: 0.000131582
45599: 0.000131579
45600: 0.000131576
45601: 0.000131573
45602: 0.00013157
45603: 0.000131567
45604: 0.000131565
45605: 0.000131562
45606: 0.000131559
45607: 0.000131556
45608: 0.000131553
45609: 0.00013155
45610: 0.000131547
45611: 0.000131544
45612: 0.000131541
45613: 0.000131539
45614: 0.000131536
45615: 0.000131533
45616: 0.00013153
45617: 0.000131527
45618: 0.000131524
45619: 0.000131521
45620: 0.000131518
45621: 0.000131515
45622: 0.000131513
45623: 0.00013151
45624: 0.000131507
45625: 0.000131504
45626: 0.000131501
45627: 0.000131498
45628: 0.000131495
45629: 0.000131492
45630: 0.00013149
45631: 0.000131487
45632: 0.000131484
45633: 0.000131481
45634: 0.000131478
45635: 0.000131475
45636: 0.000131472
45637: 0.000131469
45638: 0.000131467
45639: 0.000131464
45640: 0.000131461
45641: 0.000131458
45642: 0.000131455
45643: 0.000131452
45644: 0.000131449
45645: 0.000131446
45646: 0.000131443
45647: 0.000131441
45648: 0.000131438
45649: 0.000131435
45650: 0.000131432
45651: 0.000131429
45652: 0.000131426
45653: 0.000131423
45654: 0.00013142
45655: 0.000131418
45656: 0.000131415
45657: 0.000131412
45658: 0.000131409
45659: 0.000131406
45660: 0.000131403
45661: 0.0001314
45662: 0.000131397
45663: 0.000131395
45664: 0.000131392
45665: 0.000131389
45666: 0.000131386
45667: 0.000131383
45668: 0.00013138
45669: 0.000131377
45670: 0.000131374
45671: 0.000131372
45672: 0.000131369
45673: 0.000131366
45674: 0.000131363
45675: 0.00013136
45676: 0.000131357
45677: 0.000131354
45678: 0.000131351
45679: 0.000131349
45680: 0.000131346
45681: 0.000131343
45682: 0.00013134
45683: 0.000131337
45684: 0.000131334
45685: 0.000131331
45686: 0.000131328
45687: 0.000131326
45688: 0.000131323
45689: 0.00013132
45690: 0.000131317
45691: 0.000131314
45692: 0.000131311
45693: 0.000131308
45694: 0.000131305
45695: 0.000131303
45696: 0.0001313
45697: 0.000131297
45698: 0.000131294
45699: 0.000131291
45700: 0.000131288
45701: 0.000131285
45702: 0.000131282
45703: 0.00013128
45704: 0.000131277
45705: 0.000131274
45706: 0.000131271
45707: 0.000131268
45708: 0.000131265
45709: 0.000131262
45710: 0.000131259
45711: 0.000131257
45712: 0.000131254
45713: 0.000131251
45714: 0.000131248
45715: 0.000131245
45716: 0.000131242
45717: 0.000131239
45718: 0.000131236
45719: 0.000131234
45720: 0.000131231
45721: 0.000131228
45722: 0.000131225
45723: 0.000131222
45724: 0.000131219
45725: 0.000131216
45726: 0.000131214
45727: 0.000131211
45728: 0.000131208
45729: 0.000131205
45730: 0.000131202
45731: 0.000131199
45732: 0.000131196
45733: 0.000131193
45734: 0.000131191
45735: 0.000131188
45736: 0.000131185
45737: 0.000131182
45738: 0.000131179
45739: 0.000131176
45740: 0.000131173
45741: 0.00013117
45742: 0.000131168
45743: 0.000131165
45744: 0.000131162
45745: 0.000131159
45746: 0.000131156
45747: 0.000131153
45748: 0.00013115
45749: 0.000131148
45750: 0.000131145
45751: 0.000131142
45752: 0.000131139
45753: 0.000131136
45754: 0.000131133
45755: 0.00013113
45756: 0.000131127
45757: 0.000131125
45758: 0.000131122
45759: 0.000131119
45760: 0.000131116
45761: 0.000131113
45762: 0.00013111
45763: 0.000131107
45764: 0.000131105
45765: 0.000131102
45766: 0.000131099
45767: 0.000131096
45768: 0.000131093
45769: 0.00013109
45770: 0.000131087
45771: 0.000131085
45772: 0.000131082
45773: 0.000131079
45774: 0.000131076
45775: 0.000131073
45776: 0.00013107
45777: 0.000131067
45778: 0.000131064
45779: 0.000131062
45780: 0.000131059
45781: 0.000131056
45782: 0.000131053
45783: 0.00013105
45784: 0.000131047
45785: 0.000131044
45786: 0.000131042
45787: 0.000131039
45788: 0.000131036
45789: 0.000131033
45790: 0.00013103
45791: 0.000131027
45792: 0.000131024
45793: 0.000131022
45794: 0.000131019
45795: 0.000131016
45796: 0.000131013
45797: 0.00013101
45798: 0.000131007
45799: 0.000131004
45800: 0.000131002
45801: 0.000130999
45802: 0.000130996
45803: 0.000130993
45804: 0.00013099
45805: 0.000130987
45806: 0.000130984
45807: 0.000130981
45808: 0.000130979
45809: 0.000130976
45810: 0.000130973
45811: 0.00013097
45812: 0.000130967
45813: 0.000130964
45814: 0.000130961
45815: 0.000130959
45816: 0.000130956
45817: 0.000130953
45818: 0.00013095
45819: 0.000130947
45820: 0.000130944
45821: 0.000130941
45822: 0.000130939
45823: 0.000130936
45824: 0.000130933
45825: 0.00013093
45826: 0.000130927
45827: 0.000130924
45828: 0.000130921
45829: 0.000130919
45830: 0.000130916
45831: 0.000130913
45832: 0.00013091
45833: 0.000130907
45834: 0.000130904
45835: 0.000130901
45836: 0.000130899
45837: 0.000130896
45838: 0.000130893
45839: 0.00013089
45840: 0.000130887
45841: 0.000130884
45842: 0.000130881
45843: 0.000130879
45844: 0.000130876
45845: 0.000130873
45846: 0.00013087
45847: 0.000130867
45848: 0.000130864
45849: 0.000130862
45850: 0.000130859
45851: 0.000130856
45852: 0.000130853
45853: 0.00013085
45854: 0.000130847
45855: 0.000130844
45856: 0.000130842
45857: 0.000130839
45858: 0.000130836
45859: 0.000130833
45860: 0.00013083
45861: 0.000130827
45862: 0.000130824
45863: 0.000130822
45864: 0.000130819
45865: 0.000130816
45866: 0.000130813
45867: 0.00013081
45868: 0.000130807
45869: 0.000130804
45870: 0.000130802
45871: 0.000130799
45872: 0.000130796
45873: 0.000130793
45874: 0.00013079
45875: 0.000130787
45876: 0.000130784
45877: 0.000130782
45878: 0.000130779
45879: 0.000130776
45880: 0.000130773
45881: 0.00013077
45882: 0.000130767
45883: 0.000130765
45884: 0.000130762
45885: 0.000130759
45886: 0.000130756
45887: 0.000130753
45888: 0.00013075
45889: 0.000130747
45890: 0.000130745
45891: 0.000130742
45892: 0.000130739
45893: 0.000130736
45894: 0.000130733
45895: 0.00013073
45896: 0.000130727
45897: 0.000130725
45898: 0.000130722
45899: 0.000130719
45900: 0.000130716
45901: 0.000130713
45902: 0.00013071
45903: 0.000130708
45904: 0.000130705
45905: 0.000130702
45906: 0.000130699
45907: 0.000130696
45908: 0.000130693
45909: 0.00013069
45910: 0.000130688
45911: 0.000130685
45912: 0.000130682
45913: 0.000130679
45914: 0.000130676
45915: 0.000130673
45916: 0.000130671
45917: 0.000130668
45918: 0.000130665
45919: 0.000130662
45920: 0.000130659
45921: 0.000130656
45922: 0.000130653
45923: 0.000130651
45924: 0.000130648
45925: 0.000130645
45926: 0.000130642
45927: 0.000130639
45928: 0.000130636
45929: 0.000130634
45930: 0.000130631
45931: 0.000130628
45932: 0.000130625
45933: 0.000130622
45934: 0.000130619
45935: 0.000130617
45936: 0.000130614
45937: 0.000130611
45938: 0.000130608
45939: 0.000130605
45940: 0.000130602
45941: 0.000130599
45942: 0.000130597
45943: 0.000130594
45944: 0.000130591
45945: 0.000130588
45946: 0.000130585
45947: 0.000130582
45948: 0.00013058
45949: 0.000130577
45950: 0.000130574
45951: 0.000130571
45952: 0.000130568
45953: 0.000130565
45954: 0.000130563
45955: 0.00013056
45956: 0.000130557
45957: 0.000130554
45958: 0.000130551
45959: 0.000130548
45960: 0.000130545
45961: 0.000130543
45962: 0.00013054
45963: 0.000130537
45964: 0.000130534
45965: 0.000130531
45966: 0.000130528
45967: 0.000130526
45968: 0.000130523
45969: 0.00013052
45970: 0.000130517
45971: 0.000130514
45972: 0.000130511
45973: 0.000130509
45974: 0.000130506
45975: 0.000130503
45976: 0.0001305
45977: 0.000130497
45978: 0.000130494
45979: 0.000130492
45980: 0.000130489
45981: 0.000130486
45982: 0.000130483
45983: 0.00013048
45984: 0.000130477
45985: 0.000130474
45986: 0.000130472
45987: 0.000130469
45988: 0.000130466
45989: 0.000130463
45990: 0.00013046
45991: 0.000130457
45992: 0.000130455
45993: 0.000130452
45994: 0.000130449
45995: 0.000130446
45996: 0.000130443
45997: 0.00013044
45998: 0.000130438
45999: 0.000130435
46000: 0.000130432
46001: 0.000130429
46002: 0.000130426
46003: 0.000130423
46004: 0.000130421
46005: 0.000130418
46006: 0.000130415
46007: 0.000130412
46008: 0.000130409
46009: 0.000130406
46010: 0.000130404
46011: 0.000130401
46012: 0.000130398
46013: 0.000130395
46014: 0.000130392
46015: 0.000130389
46016: 0.000130387
46017: 0.000130384
46018: 0.000130381
46019: 0.000130378
46020: 0.000130375
46021: 0.000130372
46022: 0.00013037
46023: 0.000130367
46024: 0.000130364
46025: 0.000130361
46026: 0.000130358
46027: 0.000130355
46028: 0.000130353
46029: 0.00013035
46030: 0.000130347
46031: 0.000130344
46032: 0.000130341
46033: 0.000130338
46034: 0.000130336
46035: 0.000130333
46036: 0.00013033
46037: 0.000130327
46038: 0.000130324
46039: 0.000130321
46040: 0.000130319
46041: 0.000130316
46042: 0.000130313
46043: 0.00013031
46044: 0.000130307
46045: 0.000130304
46046: 0.000130302
46047: 0.000130299
46048: 0.000130296
46049: 0.000130293
46050: 0.00013029
46051: 0.000130288
46052: 0.000130285
46053: 0.000130282
46054: 0.000130279
46055: 0.000130276
46056: 0.000130273
46057: 0.000130271
46058: 0.000130268
46059: 0.000130265
46060: 0.000130262
46061: 0.000130259
46062: 0.000130256
46063: 0.000130254
46064: 0.000130251
46065: 0.000130248
46066: 0.000130245
46067: 0.000130242
46068: 0.000130239
46069: 0.000130237
46070: 0.000130234
46071: 0.000130231
46072: 0.000130228
46073: 0.000130225
46074: 0.000130222
46075: 0.00013022
46076: 0.000130217
46077: 0.000130214
46078: 0.000130211
46079: 0.000130208
46080: 0.000130206
46081: 0.000130203
46082: 0.0001302
46083: 0.000130197
46084: 0.000130194
46085: 0.000130191
46086: 0.000130189
46087: 0.000130186
46088: 0.000130183
46089: 0.00013018
46090: 0.000130177
46091: 0.000130174
46092: 0.000130172
46093: 0.000130169
46094: 0.000130166
46095: 0.000130163
46096: 0.00013016
46097: 0.000130157
46098: 0.000130155
46099: 0.000130152
46100: 0.000130149
46101: 0.000130146
46102: 0.000130143
46103: 0.000130141
46104: 0.000130138
46105: 0.000130135
46106: 0.000130132
46107: 0.000130129
46108: 0.000130126
46109: 0.000130124
46110: 0.000130121
46111: 0.000130118
46112: 0.000130115
46113: 0.000130112
46114: 0.00013011
46115: 0.000130107
46116: 0.000130104
46117: 0.000130101
46118: 0.000130098
46119: 0.000130095
46120: 0.000130093
46121: 0.00013009
46122: 0.000130087
46123: 0.000130084
46124: 0.000130081
46125: 0.000130078
46126: 0.000130076
46127: 0.000130073
46128: 0.00013007
46129: 0.000130067
46130: 0.000130064
46131: 0.000130062
46132: 0.000130059
46133: 0.000130056
46134: 0.000130053
46135: 0.00013005
46136: 0.000130047
46137: 0.000130045
46138: 0.000130042
46139: 0.000130039
46140: 0.000130036
46141: 0.000130033
46142: 0.000130031
46143: 0.000130028
46144: 0.000130025
46145: 0.000130022
46146: 0.000130019
46147: 0.000130016
46148: 0.000130014
46149: 0.000130011
46150: 0.000130008
46151: 0.000130005
46152: 0.000130002
46153: 0.00013
46154: 0.000129997
46155: 0.000129994
46156: 0.000129991
46157: 0.000129988
46158: 0.000129985
46159: 0.000129983
46160: 0.00012998
46161: 0.000129977
46162: 0.000129974
46163: 0.000129971
46164: 0.000129969
46165: 0.000129966
46166: 0.000129963
46167: 0.00012996
46168: 0.000129957
46169: 0.000129955
46170: 0.000129952
46171: 0.000129949
46172: 0.000129946
46173: 0.000129943
46174: 0.00012994
46175: 0.000129938
46176: 0.000129935
46177: 0.000129932
46178: 0.000129929
46179: 0.000129926
46180: 0.000129924
46181: 0.000129921
46182: 0.000129918
46183: 0.000129915
46184: 0.000129912
46185: 0.000129909
46186: 0.000129907
46187: 0.000129904
46188: 0.000129901
46189: 0.000129898
46190: 0.000129895
46191: 0.000151541
46192: 0.000151538
46193: 0.000151535
46194: 0.000151532
46195: 0.000151528
46196: 0.000151525
46197: 0.000151522
46198: 0.000151518
46199: 0.000151515
46200: 0.000151512
46201: 0.000151509
46202: 0.000151505
46203: 0.000151502
46204: 0.000151499
46205: 0.000151495
46206: 0.000151492
46207: 0.000151489
46208: 0.000151486
46209: 0.000151482
46210: 0.000151479
46211: 0.000151476
46212: 0.000151473
46213: 0.000151469
46214: 0.000151466
46215: 0.000151463
46216: 0.000151459
46217: 0.000151456
46218: 0.000151453
46219: 0.00015145
46220: 0.000151446
46221: 0.000151443
46222: 0.00015144
46223: 0.000151436
46224: 0.000151433
46225: 0.00015143
46226: 0.000151427
46227: 0.000151423
46228: 0.00015142
46229: 0.000151417
46230: 0.000151414
46231: 0.00015141
46232: 0.000151407
46233: 0.000151404
46234: 0.0001514
46235: 0.000151397
46236: 0.000151394
46237: 0.000151391
46238: 0.000151387
46239: 0.000151384
46240: 0.000151381
46241: 0.000151378
46242: 0.000151374
46243: 0.000151371
46244: 0.000151368
46245: 0.000151364
46246: 0.000151361
46247: 0.000151358
46248: 0.000151355
46249: 0.000151351
46250: 0.000151348
46251: 0.000151345
46252: 0.000151342
46253: 0.000151338
46254: 0.000151335
46255: 0.000151332
46256: 0.000151328
46257: 0.000151325
46258: 0.000151322
46259: 0.000151319
46260: 0.000151315
46261: 0.000151312
46262: 0.000151309
46263: 0.000151306
46264: 0.000151302
46265: 0.000151299
46266: 0.000151296
46267: 0.000151292
46268: 0.000151289
46269: 0.000151286
46270: 0.000151283
46271: 0.000151279
46272: 0.000151276
46273: 0.000151273
46274: 0.00015127
46275: 0.000151266
46276: 0.000151263
46277: 0.00015126
46278: 0.000151257
46279: 0.000151253
46280: 0.00015125
46281: 0.000151247
46282: 0.000151243
46283: 0.00015124
46284: 0.000151237
46285: 0.000151234
46286: 0.00015123
46287: 0.000151227
46288: 0.000151224
46289: 0.000151221
46290: 0.000151217
46291: 0.000151214
46292: 0.000151211
46293: 0.000151207
46294: 0.000151204
46295: 0.000151201
46296: 0.000151198
46297: 0.000151194
46298: 0.000151191
46299: 0.000151188
46300: 0.000151185
46301: 0.000151181
46302: 0.000151178
46303: 0.000151175
46304: 0.000151172
46305: 0.000151168
46306: 0.000151165
46307: 0.000151162
46308: 0.000151159
46309: 0.000151155
46310: 0.000151152
46311: 0.000151149
46312: 0.000151145
46313: 0.000151142
46314: 0.000151139
46315: 0.000151136
46316: 0.000151132
46317: 0.000151129
46318: 0.000151126
46319: 0.000151123
46320: 0.000151119
46321: 0.000151116
46322: 0.000151113
46323: 0.00015111
46324: 0.000151106
46325: 0.000151103
46326: 0.0001511
46327: 0.000151097
46328: 0.000151093
46329: 0.00015109
46330: 0.000151087
46331: 0.000151083
46332: 0.00015108
46333: 0.000151077
46334: 0.000151074
46335: 0.00015107
46336: 0.000151067
46337: 0.000151064
46338: 0.000151061
46339: 0.000151057
46340: 0.000151054
46341: 0.000151051
46342: 0.000151048
46343: 0.000151044
46344: 0.000151041
46345: 0.000151038
46346: 0.000151035
46347: 0.000151031
46348: 0.000151028
46349: 0.000151025
46350: 0.000151022
46351: 0.000151018
46352: 0.000151015
46353: 0.000151012
46354: 0.000151009
46355: 0.000151005
46356: 0.000151002
46357: 0.000150999
46358: 0.000150995
46359: 0.000150992
46360: 0.000150989
46361: 0.000150986
46362: 0.000150982
46363: 0.000150979
46364: 0.000150976
46365: 0.000150973
46366: 0.000150969
46367: 0.000150966
46368: 0.000150963
46369: 0.00015096
46370: 0.000150956
46371: 0.000150953
46372: 0.00015095
46373: 0.000150947
46374: 0.000150943
46375: 0.00015094
46376: 0.000150937
46377: 0.000150934
46378: 0.00015093
46379: 0.000150927
46380: 0.000150924
46381: 0.000150921
46382: 0.000150917
46383: 0.000150914
46384: 0.000150911
46385: 0.000150908
46386: 0.000150904
46387: 0.000150901
46388: 0.000150898
46389: 0.000150895
46390: 0.000150891
46391: 0.000150888
46392: 0.000150885
46393: 0.000150882
46394: 0.000150878
46395: 0.000150875
46396: 0.000150872
46397: 0.000150869
46398: 0.000150865
46399: 0.000150862
46400: 0.000150859
46401: 0.000150856
46402: 0.000150852
46403: 0.000150849
46404: 0.000150846
46405: 0.000150843
46406: 0.000150839
46407: 0.000150836
46408: 0.000150833
46409: 0.00015083
46410: 0.000150826
46411: 0.000150823
46412: 0.00015082
46413: 0.000150817
46414: 0.000150813
46415: 0.00015081
46416: 0.000150807
46417: 0.000150804
46418: 0.0001508
46419: 0.000150797
46420: 0.000150794
46421: 0.000150791
46422: 0.000150787
46423: 0.000150784
46424: 0.000150781
46425: 0.000150778
46426: 0.000150774
46427: 0.000150771
46428: 0.000150768
46429: 0.000150765
46430: 0.000150761
46431: 0.000150758
46432: 0.000150755
46433: 0.000150752
46434: 0.000150748
46435: 0.000150745
46436: 0.000150742
46437: 0.000150739
46438: 0.000150735
46439: 0.000150732
46440: 0.000150729
46441: 0.000150726
46442: 0.000150722
46443: 0.000150719
46444: 0.000150716
46445: 0.000150713
46446: 0.000150709
46447: 0.000150706
46448: 0.000150703
46449: 0.0001507
46450: 0.000150696
46451: 0.000150693
46452: 0.00015069
46453: 0.000150687
46454: 0.000150683
46455: 0.00015068
46456: 0.000150677
46457: 0.000150674
46458: 0.00015067
46459: 0.000150667
46460: 0.000150664
46461: 0.000150661
46462: 0.000150658
46463: 0.000150654
46464: 0.000150651
46465: 0.000150648
46466: 0.000150645
46467: 0.000150641
46468: 0.000150638
46469: 0.000150635
46470: 0.000150632
46471: 0.000150628
46472: 0.000150625
46473: 0.000150622
46474: 0.000150619
46475: 0.000150615
46476: 0.000150612
46477: 0.000150609
46478: 0.000150606
46479: 0.000150602
46480: 0.000150599
46481: 0.000150596
46482: 0.000150593
46483: 0.000150589
46484: 0.000150586
46485: 0.000150583
46486: 0.00015058
46487: 0.000150576
46488: 0.000150573
46489: 0.00015057
46490: 0.000150567
46491: 0.000150564
46492: 0.00015056
46493: 0.000150557
46494: 0.000150554
46495: 0.000150551
46496: 0.000150547
46497: 0.000150544
46498: 0.000150541
46499: 0.000150538
46500: 0.000150534
46501: 0.000150531
46502: 0.000150528
46503: 0.000150525
46504: 0.000150521
46505: 0.000150518
46506: 0.000150515
46507: 0.000150512
46508: 0.000150509
46509: 0.000150505
46510: 0.000150502
46511: 0.000150499
46512: 0.000150496
46513: 0.000150492
46514: 0.000150489
46515: 0.000150486
46516: 0.000150483
46517: 0.000150479
46518: 0.000150476
46519: 0.000150473
46520: 0.00015047
46521: 0.000150466
46522: 0.000150463
46523: 0.00015046
46524: 0.000150457
46525: 0.000150454
46526: 0.00015045
46527: 0.000150447
46528: 0.000150444
46529: 0.000150441
46530: 0.000150437
46531: 0.000150434
46532: 0.000150431
46533: 0.000150428
46534: 0.000150424
46535: 0.000150421
46536: 0.000150418
46537: 0.000150415
46538: 0.000150411
46539: 0.000150408
46540: 0.000150405
46541: 0.000150402
46542: 0.000150399
46543: 0.000150395
46544: 0.000150392
46545: 0.000150389
46546: 0.000150386
46547: 0.000150382
46548: 0.000150379
46549: 0.000150376
46550: 0.000150373
46551: 0.000150369
46552: 0.000150366
46553: 0.000150363
46554: 0.00015036
46555: 0.000150357
46556: 0.000150353
46557: 0.00015035
46558: 0.000150347
46559: 0.000150344
46560: 0.00015034
46561: 0.000150337
46562: 0.000150334
46563: 0.000150331
46564: 0.000150327
46565: 0.000150324
46566: 0.000150321
46567: 0.000150318
46568: 0.000150315
46569: 0.000150311
46570: 0.000150308
46571: 0.000150305
46572: 0.000150302
46573: 0.000150298
46574: 0.000150295
46575: 0.000150292
46576: 0.000150289
46577: 0.000150286
46578: 0.000150282
46579: 0.000150279
46580: 0.000150276
46581: 0.000150273
46582: 0.000150269
46583: 0.000150266
46584: 0.000150263
46585: 0.00015026
46586: 0.000150257
46587: 0.000150253
46588: 0.00015025
46589: 0.000150247
46590: 0.000150244
46591: 0.00015024
46592: 0.000150237
46593: 0.000150234
46594: 0.000150231
46595: 0.000150227
46596: 0.000150224
46597: 0.000150221
46598: 0.000150218
46599: 0.000150215
46600: 0.000150211
46601: 0.000150208
46602: 0.000150205
46603: 0.000150202
46604: 0.000150198
46605: 0.000150195
46606: 0.000150192
46607: 0.000150189
46608: 0.000150186
46609: 0.000150182
46610: 0.000150179
46611: 0.000150176
46612: 0.000150173
46613: 0.000150169
46614: 0.000150166
46615: 0.000150163
46616: 0.00015016
46617: 0.000150157
46618: 0.000150153
46619: 0.00015015
46620: 0.000150147
46621: 0.000150144
46622: 0.00015014
46623: 0.000150137
46624: 0.000150134
46625: 0.000150131
46626: 0.000150128
46627: 0.000150124
46628: 0.000150121
46629: 0.000150118
46630: 0.000150115
46631: 0.000150112
46632: 0.000150108
46633: 0.000150105
46634: 0.000150102
46635: 0.000150099
46636: 0.000150095
46637: 0.000150092
46638: 0.000150089
46639: 0.000150086
46640: 0.000150083
46641: 0.000150079
46642: 0.000150076
46643: 0.000150073
46644: 0.00015007
46645: 0.000150066
46646: 0.000150063
46647: 0.00015006
46648: 0.000150057
46649: 0.000150054
46650: 0.00015005
46651: 0.000150047
46652: 0.000150044
46653: 0.000150041
46654: 0.000150038
46655: 0.000150034
46656: 0.000150031
46657: 0.000150028
46658: 0.000150025
46659: 0.000150021
46660: 0.000150018
46661: 0.000150015
46662: 0.000150012
46663: 0.000150009
46664: 0.000150005
46665: 0.000150002
46666: 0.000149999
46667: 0.000149996
46668: 0.000149993
46669: 0.000149989
46670: 0.000149986
46671: 0.000149983
46672: 0.00014998
46673: 0.000149976
46674: 0.000149973
46675: 0.00014997
46676: 0.000149967
46677: 0.000149964
46678: 0.00014996
46679: 0.000149957
46680: 0.000149954
46681: 0.000149951
46682: 0.000149948
46683: 0.000149944
46684: 0.000149941
46685: 0.000149938
46686: 0.000149935
46687: 0.000149931
46688: 0.000149928
46689: 0.000149925
46690: 0.000149922
46691: 0.000149919
46692: 0.000149915
46693: 0.000149912
46694: 0.000149909
46695: 0.000149906
46696: 0.000149903
46697: 0.000149899
46698: 0.000149896
46699: 0.000149893
46700: 0.00014989
46701: 0.000149887
46702: 0.000149883
46703: 0.00014988
46704: 0.000149877
46705: 0.000149874
46706: 0.00014987
46707: 0.000149867
46708: 0.000149864
46709: 0.000149861
46710: 0.000149858
46711: 0.000149854
46712: 0.000149851
46713: 0.000149848
46714: 0.000149845
46715: 0.000149842
46716: 0.000149838
46717: 0.000149835
46718: 0.000149832
46719: 0.000149829
46720: 0.000149826
46721: 0.000149822
46722: 0.000149819
46723: 0.000149816
46724: 0.000149813
46725: 0.00014981
46726: 0.000149806
46727: 0.000149803
46728: 0.0001498
46729: 0.000149797
46730: 0.000149793
46731: 0.00014979
46732: 0.000149787
46733: 0.000149784
46734: 0.000149781
46735: 0.000149777
46736: 0.000149774
46737: 0.000149771
46738: 0.000149768
46739: 0.000149765
46740: 0.000149761
46741: 0.000149758
46742: 0.000149755
46743: 0.000149752
46744: 0.000149749
46745: 0.000149745
46746: 0.000149742
46747: 0.000149739
46748: 0.000149736
46749: 0.000149733
46750: 0.000149729
46751: 0.000149726
46752: 0.000149723
46753: 0.00014972
46754: 0.000149717
46755: 0.000149713
46756: 0.00014971
46757: 0.000149707
46758: 0.000149704
46759: 0.000149701
46760: 0.000149697
46761: 0.000149694
46762: 0.000149691
46763: 0.000149688
46764: 0.000149685
46765: 0.000149681
46766: 0.000149678
46767: 0.000149675
46768: 0.000149672
46769: 0.000149669
46770: 0.000149665
46771: 0.000149662
46772: 0.000149659
46773: 0.000149656
46774: 0.000149653
46775: 0.000149649
46776: 0.000149646
46777: 0.000149643
46778: 0.00014964
46779: 0.000149637
46780: 0.000149633
46781: 0.00014963
46782: 0.000149627
46783: 0.000149624
46784: 0.000149621
46785: 0.000149617
46786: 0.000149614
46787: 0.000149611
46788: 0.000149608
46789: 0.000149605
46790: 0.000149601
46791: 0.000149598
46792: 0.000149595
46793: 0.000149592
46794: 0.000149589
46795: 0.000149585
46796: 0.000149582
46797: 0.000149579
46798: 0.000149576
46799: 0.000149573
46800: 0.000149569
46801: 0.000149566
46802: 0.000149563
46803: 0.00014956
46804: 0.000149557
46805: 0.000149553
46806: 0.00014955
46807: 0.000149547
46808: 0.000149544
46809: 0.000149541
46810: 0.000149538
46811: 0.000149534
46812: 0.000149531
46813: 0.000149528
46814: 0.000149525
46815: 0.000149522
46816: 0.000149518
46817: 0.000149515
46818: 0.000149512
46819: 0.000149509
46820: 0.000149506
46821: 0.000149502
46822: 0.000149499
46823: 0.000149496
46824: 0.000149493
46825: 0.00014949
46826: 0.000149486
46827: 0.000149483
46828: 0.00014948
46829: 0.000149477
46830: 0.000149474
46831: 0.00014947
46832: 0.000149467
46833: 0.000149464
46834: 0.000149461
46835: 0.000149458
46836: 0.000149454
46837: 0.000149451
46838: 0.000149448
46839: 0.000149445
46840: 0.000149442
46841: 0.000149439
46842: 0.000149435
46843: 0.000149432
46844: 0.000149429
46845: 0.000149426
46846: 0.000149423
46847: 0.000149419
46848: 0.000149416
46849: 0.000149413
46850: 0.00014941
46851: 0.000149407
46852: 0.000149403
46853: 0.0001494
46854: 0.000149397
46855: 0.000149394
46856: 0.000149391
46857: 0.000149388
46858: 0.000149384
46859: 0.000149381
46860: 0.000149378
46861: 0.000149375
46862: 0.000149372
46863: 0.000149368
46864: 0.000149365
46865: 0.000149362
46866: 0.000149359
46867: 0.000149356
46868: 0.000149352
46869: 0.000149349
46870: 0.000149346
46871: 0.000149343
46872: 0.00014934
46873: 0.000149337
46874: 0.000149333
46875: 0.00014933
46876: 0.000149327
46877: 0.000149324
46878: 0.000149321
46879: 0.000149317
46880: 0.000149314
46881: 0.000149311
46882: 0.000149308
46883: 0.000149305
46884: 0.000149301
46885: 0.000149298
46886: 0.000149295
46887: 0.000149292
46888: 0.000149289
46889: 0.000149286
46890: 0.000149282
46891: 0.000149279
46892: 0.000149276
46893: 0.000149273
46894: 0.00014927
46895: 0.000149266
46896: 0.000149263
46897: 0.00014926
46898: 0.000149257
46899: 0.000149254
46900: 0.000149251
46901: 0.000149247
46902: 0.000149244
46903: 0.000149241
46904: 0.000149238
46905: 0.000149235
46906: 0.000149231
46907: 0.000149228
46908: 0.000149225
46909: 0.000149222
46910: 0.000149219
46911: 0.000149216
46912: 0.000149212
46913: 0.000149209
46914: 0.000149206
46915: 0.000149203
46916: 0.0001492
46917: 0.000149196
46918: 0.000149193
46919: 0.00014919
46920: 0.000149187
46921: 0.000149184
46922: 0.000149181
46923: 0.000149177
46924: 0.000149174
46925: 0.000149171
46926: 0.000149168
46927: 0.000149165
46928: 0.000149161
46929: 0.000149158
46930: 0.000149155
46931: 0.000149152
46932: 0.000149149
46933: 0.000149146
46934: 0.000149142
46935: 0.000149139
46936: 0.000149136
46937: 0.000149133
46938: 0.00014913
46939: 0.000149127
46940: 0.000149123
46941: 0.00014912
46942: 0.000149117
46943: 0.000149114
46944: 0.000149111
46945: 0.000149107
46946: 0.000149104
46947: 0.000149101
46948: 0.000149098
46949: 0.000149095
46950: 0.000149092
46951: 0.000149088
46952: 0.000149085
46953: 0.000149082
46954: 0.000149079
46955: 0.000149076
46956: 0.000149073
46957: 0.000149069
46958: 0.000149066
46959: 0.000149063
46960: 0.00014906
46961: 0.000149057
46962: 0.000149054
46963: 0.00014905
46964: 0.000149047
46965: 0.000149044
46966: 0.000149041
46967: 0.000149038
46968: 0.000149034
46969: 0.000149031
46970: 0.000149028
46971: 0.000149025
46972: 0.000149022
46973: 0.000149019
46974: 0.000149015
46975: 0.000149012
46976: 0.000149009
46977: 0.000149006
46978: 0.000149003
46979: 0.000149
46980: 0.000148996
46981: 0.000148993
46982: 0.00014899
46983: 0.000148987
46984: 0.000148984
46985: 0.000148981
46986: 0.000148977
46987: 0.000148974
46988: 0.000148971
46989: 0.000148968
46990: 0.000148965
46991: 0.000148962
46992: 0.000148958
46993: 0.000148955
46994: 0.000148952
46995: 0.000148949
46996: 0.000148946
46997: 0.000148943
46998: 0.000148939
46999: 0.000148936
47000: 0.000148933
47001: 0.00014893
47002: 0.000148927
47003: 0.000148923
47004: 0.00014892
47005: 0.000148917
47006: 0.000148914
47007: 0.000148911
47008: 0.000148908
47009: 0.000148904
47010: 0.000148901
47011: 0.000148898
47012: 0.000148895
47013: 0.000148892
47014: 0.000148889
47015: 0.000148885
47016: 0.000148882
47017: 0.000148879
47018: 0.000148876
47019: 0.000148873
47020: 0.00014887
47021: 0.000148866
47022: 0.000148863
47023: 0.00014886
47024: 0.000148857
47025: 0.000148854
47026: 0.000148851
47027: 0.000148847
47028: 0.000148844
47029: 0.000148841
47030: 0.000148838
47031: 0.000148835
47032: 0.000148832
47033: 0.000148829
47034: 0.000148825
47035: 0.000148822
47036: 0.000148819
47037: 0.000148816
47038: 0.000148813
47039: 0.00014881
47040: 0.000148806
47041: 0.000148803
47042: 0.0001488
47043: 0.000148797
47044: 0.000148794
47045: 0.000148791
47046: 0.000148787
47047: 0.000148784
47048: 0.000148781
47049: 0.000148778
47050: 0.000148775
47051: 0.000148772
47052: 0.000148768
47053: 0.000148765
47054: 0.000148762
47055: 0.000148759
47056: 0.000148756
47057: 0.000148753
47058: 0.000148749
47059: 0.000148746
47060: 0.000148743
47061: 0.00014874
47062: 0.000148737
47063: 0.000148734
47064: 0.00014873
47065: 0.000148727
47066: 0.000148724
47067: 0.000148721
47068: 0.000148718
47069: 0.000148715
47070: 0.000148712
47071: 0.000148708
47072: 0.000148705
47073: 0.000148702
47074: 0.000148699
47075: 0.000148696
47076: 0.000148693
47077: 0.000148689
47078: 0.000148686
47079: 0.000148683
47080: 0.00014868
47081: 0.000148677
47082: 0.000148674
47083: 0.00014867
47084: 0.000148667
47085: 0.000148664
47086: 0.000148661
47087: 0.000148658
47088: 0.000148655
47089: 0.000148652
47090: 0.000148648
47091: 0.000148645
47092: 0.000148642
47093: 0.000148639
47094: 0.000148636
47095: 0.000148633
47096: 0.000148629
47097: 0.000148626
47098: 0.000148623
47099: 0.00014862
47100: 0.000148617
47101: 0.000148614
47102: 0.00014861
47103: 0.000148607
47104: 0.000148604
47105: 0.000148601
47106: 0.000148598
47107: 0.000148595
47108: 0.000148592
47109: 0.000148588
47110: 0.000148585
47111: 0.000148582
47112: 0.000148579
47113: 0.000148576
47114: 0.000148573
47115: 0.000148569
47116: 0.000148566
47117: 0.000148563
47118: 0.00014856
47119: 0.000148557
47120: 0.000148554
47121: 0.000148551
47122: 0.000148547
47123: 0.000148544
47124: 0.000148541
47125: 0.000148538
47126: 0.000148535
47127: 0.000148532
47128: 0.000148529
47129: 0.000148525
47130: 0.000148522
47131: 0.000148519
47132: 0.000148516
47133: 0.000148513
47134: 0.00014851
47135: 0.000148506
47136: 0.000148503
47137: 0.0001485
47138: 0.000148497
47139: 0.000148494
47140: 0.000148491
47141: 0.000148488
47142: 0.000148484
47143: 0.000148481
47144: 0.000148478
47145: 0.000148475
47146: 0.000148472
47147: 0.000148469
47148: 0.000148466
47149: 0.000148462
47150: 0.000148459
47151: 0.000148456
47152: 0.000148453
47153: 0.00014845
47154: 0.000148447
47155: 0.000148443
47156: 0.00014844
47157: 0.000148437
47158: 0.000148434
47159: 0.000148431
47160: 0.000148428
47161: 0.000148425
47162: 0.000148421
47163: 0.000148418
47164: 0.000148415
47165: 0.000148412
47166: 0.000148409
47167: 0.000148406
47168: 0.000148403
47169: 0.000148399
47170: 0.000148396
47171: 0.000148393
47172: 0.00014839
47173: 0.000148387
47174: 0.000148384
47175: 0.000148381
47176: 0.000148377
47177: 0.000148374
47178: 0.000148371
47179: 0.000148368
47180: 0.000148365
47181: 0.000148362
47182: 0.000148359
47183: 0.000148355
47184: 0.000148352
47185: 0.000148349
47186: 0.000148346
47187: 0.000148343
47188: 0.00014834
47189: 0.000148337
47190: 0.000148333
47191: 0.00014833
47192: 0.000148327
47193: 0.000148324
47194: 0.000148321
47195: 0.000148318
47196: 0.000148315
47197: 0.000148311
47198: 0.000148308
47199: 0.000148305
47200: 0.000148302
47201: 0.000148299
47202: 0.000148296
47203: 0.000148293
47204: 0.000148289
47205: 0.000148286
47206: 0.000148283
47207: 0.00014828
47208: 0.000148277
47209: 0.000148274
47210: 0.000148271
47211: 0.000148267
47212: 0.000148264
47213: 0.000148261
47214: 0.000148258
47215: 0.000148255
47216: 0.000148252
47217: 0.000148249
47218: 0.000148245
47219: 0.000148242
47220: 0.000148239
47221: 0.000148236
47222: 0.000148233
47223: 0.00014823
47224: 0.000148227
47225: 0.000148223
47226: 0.00014822
47227: 0.000148217
47228: 0.000148214
47229: 0.000148211
47230: 0.000148208
47231: 0.000148205
47232: 0.000148201
47233: 0.000148198
47234: 0.000148195
47235: 0.000148192
47236: 0.000148189
47237: 0.000148186
47238: 0.000148183
47239: 0.00014818
47240: 0.000148176
47241: 0.000148173
47242: 0.00014817
47243: 0.000148167
47244: 0.000148164
47245: 0.000148161
47246: 0.000148158
47247: 0.000148154
47248: 0.000148151
47249: 0.000148148
47250: 0.000148145
47251: 0.000148142
47252: 0.000148139
47253: 0.000148136
47254: 0.000148132
47255: 0.000148129
47256: 0.000148126
47257: 0.000148123
47258: 0.00014812
47259: 0.000148117
47260: 0.000148114
47261: 0.000148111
47262: 0.000148107
47263: 0.000148104
47264: 0.000148101
47265: 0.000148098
47266: 0.000148095
47267: 0.000148092
47268: 0.000148089
47269: 0.000148085
47270: 0.000148082
47271: 0.000148079
47272: 0.000148076
47273: 0.000148073
47274: 0.00014807
47275: 0.000148067
47276: 0.000148064
47277: 0.00014806
47278: 0.000148057
47279: 0.000148054
47280: 0.000148051
47281: 0.000148048
47282: 0.000148045
47283: 0.000148042
47284: 0.000148038
47285: 0.000148035
47286: 0.000148032
47287: 0.000148029
47288: 0.000148026
47289: 0.000148023
47290: 0.00014802
47291: 0.000148017
47292: 0.000148013
47293: 0.00014801
47294: 0.000148007
47295: 0.000148004
47296: 0.000148001
47297: 0.000147998
47298: 0.000147995
47299: 0.000147992
47300: 0.000147988
47301: 0.000147985
47302: 0.000147982
47303: 0.000147979
47304: 0.000147976
47305: 0.000147973
47306: 0.00014797
47307: 0.000147967
47308: 0.000147963
47309: 0.00014796
47310: 0.000147957
47311: 0.000147954
47312: 0.000147951
47313: 0.000147948
47314: 0.000147945
47315: 0.000147941
47316: 0.000147938
47317: 0.000147935
47318: 0.000147932
47319: 0.000147929
47320: 0.000147926
47321: 0.000147923
47322: 0.00014792
47323: 0.000147916
47324: 0.000147913
47325: 0.00014791
47326: 0.000147907
47327: 0.000147904
47328: 0.000147901
47329: 0.000147898
47330: 0.000147895
47331: 0.000147891
47332: 0.000147888
47333: 0.000147885
47334: 0.000147882
47335: 0.000147879
47336: 0.000147876
47337: 0.000147873
47338: 0.00014787
47339: 0.000147866
47340: 0.000147863
47341: 0.00014786
47342: 0.000147857
47343: 0.000147854
47344: 0.000147851
47345: 0.000147848
47346: 0.000147845
47347: 0.000147842
47348: 0.000147838
47349: 0.000147835
47350: 0.000147832
47351: 0.000147829
47352: 0.000147826
47353: 0.000147823
47354: 0.00014782
47355: 0.000147817
47356: 0.000147813
47357: 0.00014781
47358: 0.000147807
47359: 0.000147804
47360: 0.000147801
47361: 0.000147798
47362: 0.000147795
47363: 0.000147792
47364: 0.000147788
47365: 0.000147785
47366: 0.000147782
47367: 0.000147779
47368: 0.000147776
47369: 0.000147773
47370: 0.00014777
47371: 0.000147767
47372: 0.000147763
47373: 0.00014776
47374: 0.000147757
47375: 0.000147754
47376: 0.000147751
47377: 0.000147748
47378: 0.000147745
47379: 0.000147742
47380: 0.000147739
47381: 0.000147735
47382: 0.000147732
47383: 0.000147729
47384: 0.000147726
47385: 0.000147723
47386: 0.00014772
47387: 0.000147717
47388: 0.000147714
47389: 0.00014771
47390: 0.000147707
47391: 0.000147704
47392: 0.000147701
47393: 0.000147698
47394: 0.000147695
47395: 0.000147692
47396: 0.000147689
47397: 0.000147686
47398: 0.000147682
47399: 0.000147679
47400: 0.000147676
47401: 0.000147673
47402: 0.00014767
47403: 0.000147667
47404: 0.000147664
47405: 0.000147661
47406: 0.000147658
47407: 0.000147654
47408: 0.000147651
47409: 0.000147648
47410: 0.000147645
47411: 0.000147642
47412: 0.000147639
47413: 0.000147636
47414: 0.000147633
47415: 0.000147629
47416: 0.000147626
47417: 0.000147623
47418: 0.00014762
47419: 0.000147617
47420: 0.000147614
47421: 0.000147611
47422: 0.000147608
47423: 0.000147605
47424: 0.000147601
47425: 0.000147598
47426: 0.000147595
47427: 0.000147592
47428: 0.000147589
47429: 0.000147586
47430: 0.000147583
47431: 0.00014758
47432: 0.000147577
47433: 0.000147573
47434: 0.00014757
47435: 0.000147567
47436: 0.000147564
47437: 0.000147561
47438: 0.000147558
47439: 0.000147555
47440: 0.000147552
47441: 0.000147549
47442: 0.000147545
47443: 0.000147542
47444: 0.000147539
47445: 0.000147536
47446: 0.000147533
47447: 0.00014753
47448: 0.000147527
47449: 0.000147524
47450: 0.000147521
47451: 0.000147517
47452: 0.000147514
47453: 0.000147511
47454: 0.000147508
47455: 0.000147505
47456: 0.000147502
47457: 0.000147499
47458: 0.000147496
47459: 0.000147493
47460: 0.00014749
47461: 0.000147486
47462: 0.000147483
47463: 0.00014748
47464: 0.000147477
47465: 0.000147474
47466: 0.000147471
47467: 0.000147468
47468: 0.000147465
47469: 0.000147462
47470: 0.000147458
47471: 0.000147455
47472: 0.000147452
47473: 0.000147449
47474: 0.000147446
47475: 0.000147443
47476: 0.00014744
47477: 0.000147437
47478: 0.000147434
47479: 0.00014743
47480: 0.000147427
47481: 0.000147424
47482: 0.000147421
47483: 0.000147418
47484: 0.000147415
47485: 0.000147412
47486: 0.000147409
47487: 0.000147406
47488: 0.000147403
47489: 0.000147399
47490: 0.000147396
47491: 0.000147393
47492: 0.00014739
47493: 0.000147387
47494: 0.000147384
47495: 0.000147381
47496: 0.000147378
47497: 0.000147375
47498: 0.000147372
47499: 0.000147368
47500: 0.000147365
47501: 0.000147362
47502: 0.000147359
47503: 0.000147356
47504: 0.000147353
47505: 0.00014735
47506: 0.000147347
47507: 0.000147344
47508: 0.000147341
47509: 0.000147337
47510: 0.000147334
47511: 0.000147331
47512: 0.000147328
47513: 0.000147325
47514: 0.000147322
47515: 0.000147319
47516: 0.000147316
47517: 0.000147313
47518: 0.000147309
47519: 0.000147306
47520: 0.000147303
47521: 0.0001473
47522: 0.000147297
47523: 0.000147294
47524: 0.000147291
47525: 0.000147288
47526: 0.000147285
47527: 0.000147282
47528: 0.000147279
47529: 0.000147275
47530: 0.000147272
47531: 0.000147269
47532: 0.000147266
47533: 0.000147263
47534: 0.00014726
47535: 0.000147257
47536: 0.000147254
47537: 0.000147251
47538: 0.000147248
47539: 0.000147244
47540: 0.000147241
47541: 0.000147238
47542: 0.000147235
47543: 0.000147232
47544: 0.000147229
47545: 0.000147226
47546: 0.000147223
47547: 0.00014722
47548: 0.000147217
47549: 0.000147213
47550: 0.00014721
47551: 0.000147207
47552: 0.000147204
47553: 0.000147201
47554: 0.000147198
47555: 0.000147195
47556: 0.000147192
47557: 0.000147189
47558: 0.000147186
47559: 0.000147183
47560: 0.000147179
47561: 0.000147176
47562: 0.000147173
47563: 0.00014717
47564: 0.000147167
47565: 0.000147164
47566: 0.000147161
47567: 0.000147158
47568: 0.000147155
47569: 0.000147152
47570: 0.000147148
47571: 0.000147145
47572: 0.000147142
47573: 0.000147139
47574: 0.000147136
47575: 0.000147133
47576: 0.00014713
47577: 0.000147127
47578: 0.000147124
47579: 0.000147121
47580: 0.000147118
47581: 0.000147114
47582: 0.000147111
47583: 0.000147108
47584: 0.000147105
47585: 0.000147102
47586: 0.000147099
47587: 0.000147096
47588: 0.000147093
47589: 0.00014709
47590: 0.000147087
47591: 0.000147084
47592: 0.00014708
47593: 0.000147077
47594: 0.000147074
47595: 0.000147071
47596: 0.000147068
47597: 0.000147065
47598: 0.000147062
47599: 0.000147059
47600: 0.000147056
47601: 0.000147053
47602: 0.00014705
47603: 0.000147046
47604: 0.000147043
47605: 0.00014704
47606: 0.000147037
47607: 0.000147034
47608: 0.000147031
47609: 0.000147028
47610: 0.000147025
47611: 0.000147022
47612: 0.000147019
47613: 0.000147016
47614: 0.000147012
47615: 0.000147009
47616: 0.000147006
47617: 0.000147003
47618: 0.000147
47619: 0.000146997
47620: 0.000146994
47621: 0.000146991
47622: 0.000146988
47623: 0.000146985
47624: 0.000146982
47625: 0.000146979
47626: 0.000146975
47627: 0.000146972
47628: 0.000146969
47629: 0.000146966
47630: 0.000146963
47631: 0.00014696
47632: 0.000146957
47633: 0.000146954
47634: 0.000146951
47635: 0.000146948
47636: 0.000146945
47637: 0.000146942
47638: 0.000146938
47639: 0.000146935
47640: 0.000146932
47641: 0.000146929
47642: 0.000146926
47643: 0.000146923
47644: 0.00014692
47645: 0.000146917
47646: 0.000146914
47647: 0.000146911
47648: 0.000146908
47649: 0.000146905
47650: 0.000146901
47651: 0.000146898
47652: 0.000146895
47653: 0.000146892
47654: 0.000146889
47655: 0.000146886
47656: 0.000146883
47657: 0.00014688
47658: 0.000146877
47659: 0.000146874
47660: 0.000146871
47661: 0.000146868
47662: 0.000146864
47663: 0.000146861
47664: 0.000146858
47665: 0.000146855
47666: 0.000146852
47667: 0.000146849
47668: 0.000146846
47669: 0.000146843
47670: 0.00014684
47671: 0.000146837
47672: 0.000146834
47673: 0.000146831
47674: 0.000146827
47675: 0.000146824
47676: 0.000146821
47677: 0.000146818
47678: 0.000146815
47679: 0.000146812
47680: 0.000146809
47681: 0.000146806
47682: 0.000146803
47683: 0.0001468
47684: 0.000146797
47685: 0.000146794
47686: 0.000146791
47687: 0.000146787
47688: 0.000146784
47689: 0.000146781
47690: 0.000146778
47691: 0.000146775
47692: 0.000146772
47693: 0.000146769
47694: 0.000146766
47695: 0.000146763
47696: 0.00014676
47697: 0.000146757
47698: 0.000146754
47699: 0.000146751
47700: 0.000146747
47701: 0.000146744
47702: 0.000146741
47703: 0.000146738
47704: 0.000146735
47705: 0.000146732
47706: 0.000146729
47707: 0.000146726
47708: 0.000146723
47709: 0.00014672
47710: 0.000146717
47711: 0.000146714
47712: 0.000146711
47713: 0.000146707
47714: 0.000146704
47715: 0.000146701
47716: 0.000146698
47717: 0.000146695
47718: 0.000146692
47719: 0.000146689
47720: 0.000146686
47721: 0.000146683
47722: 0.00014668
47723: 0.000146677
47724: 0.000146674
47725: 0.000146671
47726: 0.000146668
47727: 0.000146664
47728: 0.000146661
47729: 0.000146658
47730: 0.000146655
47731: 0.000146652
47732: 0.000146649
47733: 0.000146646
47734: 0.000146643
47735: 0.00014664
47736: 0.000146637
47737: 0.000146634
47738: 0.000146631
47739: 0.000146628
47740: 0.000146624
47741: 0.000146621
47742: 0.000146618
47743: 0.000146615
47744: 0.000146612
47745: 0.000146609
47746: 0.000146606
47747: 0.000146603
47748: 0.0001466
47749: 0.000146597
47750: 0.000146594
47751: 0.000146591
47752: 0.000146588
47753: 0.000146585
47754: 0.000146582
47755: 0.000146578
47756: 0.000146575
47757: 0.000146572
47758: 0.000146569
47759: 0.000146566
47760: 0.000146563
47761: 0.00014656
47762: 0.000146557
47763: 0.000146554
47764: 0.000146551
47765: 0.000146548
47766: 0.000146545
47767: 0.000146542
47768: 0.000146539
47769: 0.000146535
47770: 0.000146532
47771: 0.000146529
47772: 0.000146526
47773: 0.000146523
47774: 0.00014652
47775: 0.000146517
47776: 0.000146514
47777: 0.000146511
47778: 0.000146508
47779: 0.000146505
47780: 0.000146502
47781: 0.000146499
47782: 0.000146496
47783: 0.000146493
47784: 0.000146489
47785: 0.000146486
47786: 0.000146483
47787: 0.00014648
47788: 0.000146477
47789: 0.000146474
47790: 0.000146471
47791: 0.000146468
47792: 0.000146465
47793: 0.000146462
47794: 0.000146459
47795: 0.000146456
47796: 0.000146453
47797: 0.00014645
47798: 0.000146447
47799: 0.000146444
47800: 0.00014644
47801: 0.000146437
47802: 0.000146434
47803: 0.000146431
47804: 0.000146428
47805: 0.000146425
47806: 0.000146422
47807: 0.000146419
47808: 0.000146416
47809: 0.000146413
47810: 0.00014641
47811: 0.000146407
47812: 0.000146404
47813: 0.000146401
47814: 0.000146398
47815: 0.000146395
47816: 0.000146391
47817: 0.000146388
47818: 0.000146385
47819: 0.000146382
47820: 0.000146379
47821: 0.000146376
47822: 0.000146373
47823: 0.00014637
47824: 0.000146367
47825: 0.000146364
47826: 0.000146361
47827: 0.000146358
47828: 0.000146355
47829: 0.000146352
47830: 0.000146349
47831: 0.000146346
47832: 0.000146342
47833: 0.000146339
47834: 0.000146336
47835: 0.000146333
47836: 0.00014633
47837: 0.000146327
47838: 0.000146324
47839: 0.000146321
47840: 0.000146318
47841: 0.000146315
47842: 0.000146312
47843: 0.000146309
47844: 0.000146306
47845: 0.000146303
47846: 0.0001463
47847: 0.000146297
47848: 0.000146294
47849: 0.00014629
47850: 0.000146287
47851: 0.000146284
47852: 0.000146281
47853: 0.000146278
47854: 0.000146275
47855: 0.000146272
47856: 0.000146269
47857: 0.000146266
47858: 0.000146263
47859: 0.00014626
47860: 0.000146257
47861: 0.000146254
47862: 0.000146251
47863: 0.000146248
47864: 0.000146245
47865: 0.000146242
47866: 0.000146239
47867: 0.000146235
47868: 0.000146232
47869: 0.000146229
47870: 0.000146226
47871: 0.000146223
47872: 0.00014622
47873: 0.000146217
47874: 0.000146214
47875: 0.000146211
47876: 0.000146208
47877: 0.000146205
47878: 0.000146202
47879: 0.000146199
47880: 0.000146196
47881: 0.000146193
47882: 0.00014619
47883: 0.000146187
47884: 0.000146184
47885: 0.000146181
47886: 0.000146177
47887: 0.000146174
47888: 0.000146171
47889: 0.000146168
47890: 0.000146165
47891: 0.000146162
47892: 0.000146159
47893: 0.000146156
47894: 0.000146153
47895: 0.00014615
47896: 0.000146147
47897: 0.000146144
47898: 0.000146141
47899: 0.000146138
47900: 0.000146135
47901: 0.000146132
47902: 0.000146129
47903: 0.000146126
47904: 0.000146123
47905: 0.000146119
47906: 0.000146116
47907: 0.000146113
47908: 0.00014611
47909: 0.000146107
47910: 0.000146104
47911: 0.000146101
47912: 0.000146098
47913: 0.000146095
47914: 0.000146092
47915: 0.000146089
47916: 0.000146086
47917: 0.000146083
47918: 0.00014608
47919: 0.000146077
47920: 0.000146074
47921: 0.000146071
47922: 0.000146068
47923: 0.000146065
47924: 0.000146062
47925: 0.000146059
47926: 0.000146055
47927: 0.000146052
47928: 0.000146049
47929: 0.000146046
47930: 0.000146043
47931: 0.00014604
47932: 0.000146037
47933: 0.000146034
47934: 0.000146031
47935: 0.000146028
47936: 0.000146025
47937: 0.000146022
47938: 0.000146019
47939: 0.000146016
47940: 0.000146013
47941: 0.00014601
47942: 0.000146007
47943: 0.000146004
47944: 0.000146001
47945: 0.000145998
47946: 0.000145995
47947: 0.000145991
47948: 0.000145988
47949: 0.000145985
47950: 0.000145982
47951: 0.000145979
47952: 0.000145976
47953: 0.000145973
47954: 0.00014597
47955: 0.000145967
47956: 0.000145964
47957: 0.000145961
47958: 0.000145958
47959: 0.000145955
47960: 0.000145952
47961: 0.000145949
47962: 0.000145946
47963: 0.000145943
47964: 0.00014594
47965: 0.000145937
47966: 0.000145934
47967: 0.000145931
47968: 0.000145928
47969: 0.000145925
47970: 0.000145921
47971: 0.000145918
47972: 0.000145915
47973: 0.000145912
47974: 0.000145909
47975: 0.000145906
47976: 0.000145903
47977: 0.0001459
47978: 0.000145897
47979: 0.000145894
47980: 0.000145891
47981: 0.000145888
47982: 0.000145885
47983: 0.000145882
47984: 0.000145879
47985: 0.000145876
47986: 0.000145873
47987: 0.00014587
47988: 0.000145867
47989: 0.000145864
47990: 0.000145861
47991: 0.000145858
47992: 0.000145855
47993: 0.000145852
47994: 0.000145849
47995: 0.000145845
47996: 0.000145842
47997: 0.000145839
47998: 0.000145836
47999: 0.000145833
48000: 0.00014583
48001: 0.000145827
48002: 0.000145824
48003: 0.000145821
48004: 0.000145818
48005: 0.000145815
48006: 0.000145812
48007: 0.000145809
48008: 0.000145806
48009: 0.000145803
48010: 0.0001458
48011: 0.000145797
48012: 0.000145794
48013: 0.000145791
48014: 0.000145788
48015: 0.000145785
48016: 0.000145782
48017: 0.000145779
48018: 0.000145776
48019: 0.000145773
48020: 0.00014577
48021: 0.000145767
48022: 0.000145763
48023: 0.00014576
48024: 0.000145757
48025: 0.000145754
48026: 0.000145751
48027: 0.000145748
48028: 0.000145745
48029: 0.000145742
48030: 0.000145739
48031: 0.000145736
48032: 0.000145733
48033: 0.00014573
48034: 0.000145727
48035: 0.000145724
48036: 0.000145721
48037: 0.000145718
48038: 0.000145715
48039: 0.000145712
48040: 0.000145709
48041: 0.000145706
48042: 0.000145703
48043: 0.0001457
48044: 0.000145697
48045: 0.000145694
48046: 0.000145691
48047: 0.000145688
48048: 0.000145685
48049: 0.000145682
48050: 0.000145679
48051: 0.000145676
48052: 0.000145672
48053: 0.000145669
48054: 0.000145666
48055: 0.000145663
48056: 0.00014566
48057: 0.000145657
48058: 0.000145654
48059: 0.000145651
48060: 0.000145648
48061: 0.000145645
48062: 0.000145642
48063: 0.000145639
48064: 0.000145636
48065: 0.000145633
48066: 0.00014563
48067: 0.000145627
48068: 0.000145624
48069: 0.000145621
48070: 0.000145618
48071: 0.000145615
48072: 0.000145612
48073: 0.000145609
48074: 0.000145606
48075: 0.000145603
48076: 0.0001456
48077: 0.000145597
48078: 0.000145594
48079: 0.000145591
48080: 0.000145588
48081: 0.000145585
48082: 0.000145582
48083: 0.000145579
48084: 0.000145576
48085: 0.000145573
48086: 0.000145569
48087: 0.000145566
48088: 0.000145563
48089: 0.00014556
48090: 0.000145557
48091: 0.000145554
48092: 0.000145551
48093: 0.000145548
48094: 0.000145545
48095: 0.000145542
48096: 0.000145539
48097: 0.000145536
48098: 0.000145533
48099: 0.00014553
48100: 0.000145527
48101: 0.000145524
48102: 0.000145521
48103: 0.000145518
48104: 0.000145515
48105: 0.000145512
48106: 0.000145509
48107: 0.000145506
48108: 0.000145503
48109: 0.0001455
48110: 0.000145497
48111: 0.000145494
48112: 0.000145491
48113: 0.000145488
48114: 0.000145485
48115: 0.000145482
48116: 0.000145479
48117: 0.000145476
48118: 0.000145473
48119: 0.00014547
48120: 0.000145467
48121: 0.000145464
48122: 0.000145461
48123: 0.000145458
48124: 0.000145455
48125: 0.000145452
48126: 0.000145449
48127: 0.000145445
48128: 0.000145442
48129: 0.000145439
48130: 0.000145436
48131: 0.000145433
48132: 0.00014543
48133: 0.000145427
48134: 0.000145424
48135: 0.000145421
48136: 0.000145418
48137: 0.000145415
48138: 0.000145412
48139: 0.000145409
48140: 0.000145406
48141: 0.000145403
48142: 0.0001454
48143: 0.000145397
48144: 0.000145394
48145: 0.000145391
48146: 0.000145388
48147: 0.000145385
48148: 0.000145382
48149: 0.000145379
48150: 0.000145376
48151: 0.000145373
48152: 0.00014537
48153: 0.000145367
48154: 0.000145364
48155: 0.000145361
48156: 0.000145358
48157: 0.000145355
48158: 0.000145352
48159: 0.000145349
48160: 0.000145346
48161: 0.000145343
48162: 0.00014534
48163: 0.000145337
48164: 0.000145334
48165: 0.000145331
48166: 0.000145328
48167: 0.000145325
48168: 0.000145322
48169: 0.000145319
48170: 0.000145316
48171: 0.000145313
48172: 0.00014531
48173: 0.000145307
48174: 0.000145304
48175: 0.000145301
48176: 0.000145298
48177: 0.000145295
48178: 0.000145292
48179: 0.000145289
48180: 0.000145285
48181: 0.000145282
48182: 0.000145279
48183: 0.000145276
48184: 0.000145273
48185: 0.00014527
48186: 0.000145267
48187: 0.000145264
48188: 0.000145261
48189: 0.000145258
48190: 0.000145255
48191: 0.000145252
48192: 0.000145249
48193: 0.000145246
48194: 0.000145243
48195: 0.00014524
48196: 0.000145237
48197: 0.000145234
48198: 0.000145231
48199: 0.000145228
48200: 0.000145225
48201: 0.000145222
48202: 0.000145219
48203: 0.000145216
48204: 0.000145213
48205: 0.00014521
48206: 0.000145207
48207: 0.000145204
48208: 0.000145201
48209: 0.000145198
48210: 0.000145195
48211: 0.000145192
48212: 0.000145189
48213: 0.000145186
48214: 0.000145183
48215: 0.00014518
48216: 0.000145177
48217: 0.000145174
48218: 0.000145171
48219: 0.000145168
48220: 0.000145165
48221: 0.000145162
48222: 0.000145159
48223: 0.000145156
48224: 0.000145153
48225: 0.00014515
48226: 0.000145147
48227: 0.000145144
48228: 0.000145141
48229: 0.000145138
48230: 0.000145135
48231: 0.000145132
48232: 0.000145129
48233: 0.000145126
48234: 0.000145123
48235: 0.00014512
48236: 0.000145117
48237: 0.000145114
48238: 0.000145111
48239: 0.000145108
48240: 0.000145105
48241: 0.000145102
48242: 0.000145099
48243: 0.000145096
48244: 0.000145093
48245: 0.00014509
48246: 0.000145087
48247: 0.000145084
48248: 0.000145081
48249: 0.000145078
48250: 0.000145075
48251: 0.000145072
48252: 0.000145069
48253: 0.000145066
48254: 0.000145063
48255: 0.00014506
48256: 0.000145057
48257: 0.000145054
48258: 0.000145051
48259: 0.000145048
48260: 0.000145045
48261: 0.000145042
48262: 0.000145039
48263: 0.000145036
48264: 0.000145033
48265: 0.00014503
48266: 0.000145027
48267: 0.000145024
48268: 0.000145021
48269: 0.000145018
48270: 0.000145015
48271: 0.000145012
48272: 0.000145009
48273: 0.000145006
48274: 0.000145003
48275: 0.000145
48276: 0.000144997
48277: 0.000144994
48278: 0.000144991
48279: 0.000144988
48280: 0.000144985
48281: 0.000144982
48282: 0.000144979
48283: 0.000144976
48284: 0.000144973
48285: 0.00014497
48286: 0.000144967
48287: 0.000144964
48288: 0.000144961
48289: 0.000144958
48290: 0.000144955
48291: 0.000144952
48292: 0.000144949
48293: 0.000144946
48294: 0.000144943
48295: 0.00014494
48296: 0.000144937
48297: 0.000144934
48298: 0.000144931
48299: 0.000144928
48300: 0.000144925
48301: 0.000144922
48302: 0.000144919
48303: 0.000144916
48304: 0.000144913
48305: 0.00014491
48306: 0.000144907
48307: 0.000144904
48308: 0.000144901
48309: 0.000144898
48310: 0.000144895
48311: 0.000144892
48312: 0.000144889
48313: 0.000144886
48314: 0.000144883
48315: 0.00014488
48316: 0.000144877
48317: 0.000144874
48318: 0.000144871
48319: 0.000144868
48320: 0.000144865
48321: 0.000144862
48322: 0.000144859
48323: 0.000144856
48324: 0.000144853
48325: 0.00014485
48326: 0.000144847
48327: 0.000144844
48328: 0.000144841
48329: 0.000144838
48330: 0.000144835
48331: 0.000144832
48332: 0.000144829
48333: 0.000144826
48334: 0.000144823
48335: 0.00014482
48336: 0.000144817
48337: 0.000144814
48338: 0.000144811
48339: 0.000144808
48340: 0.000144805
48341: 0.000144802
48342: 0.000144799
48343: 0.000144796
48344: 0.000144793
48345: 0.00014479
48346: 0.000144787
48347: 0.000144784
48348: 0.000144781
48349: 0.000144778
48350: 0.000144775
48351: 0.000144772
48352: 0.000144769
48353: 0.000144766
48354: 0.000144763
48355: 0.00014476
48356: 0.000144757
48357: 0.000144754
48358: 0.000144751
48359: 0.000144748
48360: 0.000144745
48361: 0.000144742
48362: 0.000144739
48363: 0.000144736
48364: 0.000144733
48365: 0.00014473
48366: 0.000144727
48367: 0.000144724
48368: 0.000144721
48369: 0.000144718
48370: 0.000144715
48371: 0.000144712
48372: 0.000144709
48373: 0.000144706
48374: 0.000144703
48375: 0.0001447
48376: 0.000144697
48377: 0.000144694
48378: 0.000144691
48379: 0.000144688
48380: 0.000144685
48381: 0.000144682
48382: 0.000144679
48383: 0.000144676
48384: 0.000144673
48385: 0.00014467
48386: 0.000144667
48387: 0.000144664
48388: 0.000144661
48389: 0.000144658
48390: 0.000144655
48391: 0.000144652
48392: 0.000144649
48393: 0.000144646
48394: 0.000144643
48395: 0.00014464
48396: 0.000144637
48397: 0.000144634
48398: 0.000144631
48399: 0.000144628
48400: 0.000144625
48401: 0.000144622
48402: 0.000144619
48403: 0.000144616
48404: 0.000144613
48405: 0.00014461
48406: 0.000144607
48407: 0.000144604
48408: 0.000144601
48409: 0.000144598
48410: 0.000144595
48411: 0.000144592
48412: 0.000144589
48413: 0.000144586
48414: 0.000144583
48415: 0.00014458
48416: 0.000144577
48417: 0.000144574
48418: 0.000144571
48419: 0.000144568
48420: 0.000144565
48421: 0.000144562
48422: 0.000144559
48423: 0.000144556
48424: 0.000144553
48425: 0.00014455
48426: 0.000144547
48427: 0.000144544
48428: 0.000144541
48429: 0.000144539
48430: 0.000144536
48431: 0.000144533
48432: 0.00014453
48433: 0.000144527
48434: 0.000144524
48435: 0.000144521
48436: 0.000144518
48437: 0.000144515
48438: 0.000144512
48439: 0.000144509
48440: 0.000144506
48441: 0.000144503
48442: 0.0001445
48443: 0.000144497
48444: 0.000144494
48445: 0.000144491
48446: 0.000144488
48447: 0.000144485
48448: 0.000144482
48449: 0.000144479
48450: 0.000144476
48451: 0.000144473
48452: 0.00014447
48453: 0.000144467
48454: 0.000144464
48455: 0.000144461
48456: 0.000144458
48457: 0.000144455
48458: 0.000144452
48459: 0.000144449
48460: 0.000144446
48461: 0.000144443
48462: 0.00014444
48463: 0.000144437
48464: 0.000144434
48465: 0.000144431
48466: 0.000144428
48467: 0.000144425
48468: 0.000144422
48469: 0.000144419
48470: 0.000144416
48471: 0.000144413
48472: 0.00014441
48473: 0.000144407
48474: 0.000144404
48475: 0.000144401
48476: 0.000144398
48477: 0.000144395
48478: 0.000144392
48479: 0.000144389
48480: 0.000144386
48481: 0.000144383
48482: 0.000144381
48483: 0.000144378
48484: 0.000144375
48485: 0.000144372
48486: 0.000144369
48487: 0.000144366
48488: 0.000144363
48489: 0.00014436
48490: 0.000144357
48491: 0.000144354
48492: 0.000144351
48493: 0.000144348
48494: 0.000144345
48495: 0.000144342
48496: 0.000144339
48497: 0.000144336
48498: 0.000144333
48499: 0.00014433
48500: 0.000144327
48501: 0.000144324
48502: 0.000144321
48503: 0.000144318
48504: 0.000144315
48505: 0.000144312
48506: 0.000144309
48507: 0.000144306
48508: 0.000144303
48509: 0.0001443
48510: 0.000144297
48511: 0.000144294
48512: 0.000144291
48513: 0.000144288
48514: 0.000144285
48515: 0.000144282
48516: 0.000144279
48517: 0.000144276
48518: 0.000144273
48519: 0.00014427
48520: 0.000144267
48521: 0.000144264
48522: 0.000144261
48523: 0.000144259
48524: 0.000144256
48525: 0.000144253
48526: 0.00014425
48527: 0.000144247
48528: 0.000144244
48529: 0.000144241
48530: 0.000144238
48531: 0.000144235
48532: 0.000144232
48533: 0.000144229
48534: 0.000144226
48535: 0.000144223
48536: 0.00014422
48537: 0.000144217
48538: 0.000144214
48539: 0.000144211
48540: 0.000144208
48541: 0.000144205
48542: 0.000144202
48543: 0.000144199
48544: 0.000144196
48545: 0.000144193
48546: 0.00014419
48547: 0.000144187
48548: 0.000144184
48549: 0.000144181
48550: 0.000144178
48551: 0.000144175
48552: 0.000144172
48553: 0.000144169
48554: 0.000144166
48555: 0.000144163
48556: 0.00014416
48557: 0.000144158
48558: 0.000144155
48559: 0.000144152
48560: 0.000144149
48561: 0.000144146
48562: 0.000144143
48563: 0.00014414
48564: 0.000144137
48565: 0.000144134
48566: 0.000144131
48567: 0.000144128
48568: 0.000144125
48569: 0.000144122
48570: 0.000144119
48571: 0.000144116
48572: 0.000144113
48573: 0.00014411
48574: 0.000144107
48575: 0.000144104
48576: 0.000144101
48577: 0.000144098
48578: 0.000144095
48579: 0.000144092
48580: 0.000144089
48581: 0.000144086
48582: 0.000144083
48583: 0.00014408
48584: 0.000144077
48585: 0.000144074
48586: 0.000144071
48587: 0.000144068
48588: 0.000144066
48589: 0.000144063
48590: 0.00014406
48591: 0.000144057
48592: 0.000144054
48593: 0.000144051
48594: 0.000144048
48595: 0.000144045
48596: 0.000144042
48597: 0.000144039
48598: 0.000144036
48599: 0.000144033
48600: 0.00014403
48601: 0.000144027
48602: 0.000144024
48603: 0.000144021
48604: 0.000144018
48605: 0.000144015
48606: 0.000144012
48607: 0.000144009
48608: 0.000144006
48609: 0.000144003
48610: 0.000144
48611: 0.000143997
48612: 0.000143994
48613: 0.000143991
48614: 0.000143988
48615: 0.000143986
48616: 0.000143983
48617: 0.00014398
48618: 0.000143977
48619: 0.000143974
48620: 0.000143971
48621: 0.000143968
48622: 0.000143965
48623: 0.000143962
48624: 0.000143959
48625: 0.000143956
48626: 0.000143953
48627: 0.00014395
48628: 0.000143947
48629: 0.000143944
48630: 0.000143941
48631: 0.000143938
48632: 0.000143935
48633: 0.000143932
48634: 0.000143929
48635: 0.000143926
48636: 0.000143923
48637: 0.00014392
48638: 0.000143917
48639: 0.000143914
48640: 0.000143912
48641: 0.000143909
48642: 0.000143906
48643: 0.000143903
48644: 0.0001439
48645: 0.000143897
48646: 0.000143894
48647: 0.000143891
48648: 0.000143888
48649: 0.000143885
48650: 0.000143882
48651: 0.000143879
48652: 0.000143876
48653: 0.000143873
48654: 0.00014387
48655: 0.000143867
48656: 0.000143864
48657: 0.000143861
48658: 0.000143858
48659: 0.000143855
48660: 0.000143852
48661: 0.000143849
48662: 0.000143846
48663: 0.000143843
48664: 0.000143841
48665: 0.000143838
48666: 0.000143835
48667: 0.000143832
48668: 0.000143829
48669: 0.000143826
48670: 0.000143823
48671: 0.00014382
48672: 0.000143817
48673: 0.000143814
48674: 0.000143811
48675: 0.000143808
48676: 0.000143805
48677: 0.000143802
48678: 0.000143799
48679: 0.000143796
48680: 0.000143793
48681: 0.00014379
48682: 0.000143787
48683: 0.000143784
48684: 0.000143781
48685: 0.000143778
48686: 0.000143776
48687: 0.000143773
48688: 0.00014377
48689: 0.000143767
48690: 0.000143764
48691: 0.000143761
48692: 0.000143758
48693: 0.000143755
48694: 0.000143752
48695: 0.000143749
48696: 0.000143746
48697: 0.000143743
48698: 0.00014374
48699: 0.000143737
48700: 0.000143734
48701: 0.000143731
48702: 0.000143728
48703: 0.000143725
48704: 0.000143722
48705: 0.000143719
48706: 0.000143717
48707: 0.000143714
48708: 0.000143711
48709: 0.000143708
48710: 0.000143705
48711: 0.000143702
48712: 0.000143699
48713: 0.000143696
48714: 0.000143693
48715: 0.00014369
48716: 0.000143687
48717: 0.000143684
48718: 0.000143681
48719: 0.000143678
48720: 0.000143675
48721: 0.000143672
48722: 0.000143669
48723: 0.000143666
48724: 0.000143663
48725: 0.00014366
48726: 0.000143658
48727: 0.000143655
48728: 0.000143652
48729: 0.000143649
48730: 0.000143646
48731: 0.000143643
48732: 0.00014364
48733: 0.000143637
48734: 0.000143634
48735: 0.000143631
48736: 0.000143628
48737: 0.000143625
48738: 0.000143622
48739: 0.000143619
48740: 0.000143616
48741: 0.000143613
48742: 0.00014361
48743: 0.000143607
48744: 0.000143604
48745: 0.000143602
48746: 0.000143599
48747: 0.000143596
48748: 0.000143593
48749: 0.00014359
48750: 0.000143587
48751: 0.000143584
48752: 0.000143581
48753: 0.000143578
48754: 0.000143575
48755: 0.000143572
48756: 0.000143569
48757: 0.000143566
48758: 0.000143563
48759: 0.00014356
48760: 0.000143557
48761: 0.000143554
48762: 0.000143551
48763: 0.000143549
48764: 0.000143546
48765: 0.000143543
48766: 0.00014354
48767: 0.000143537
48768: 0.000143534
48769: 0.000143531
48770: 0.000143528
48771: 0.000143525
48772: 0.000143522
48773: 0.000143519
48774: 0.000143516
48775: 0.000143513
48776: 0.00014351
48777: 0.000143507
48778: 0.000143504
48779: 0.000143501
48780: 0.000143498
48781: 0.000143496
48782: 0.000143493
48783: 0.00014349
48784: 0.000143487
48785: 0.000143484
48786: 0.000143481
48787: 0.000143478
48788: 0.000143475
48789: 0.000143472
48790: 0.000143469
48791: 0.000143466
48792: 0.000143463
48793: 0.00014346
48794: 0.000143457
48795: 0.000143454
48796: 0.000143451
48797: 0.000143449
48798: 0.000143446
48799: 0.000143443
48800: 0.00014344
48801: 0.000143437
48802: 0.000143434
48803: 0.000143431
48804: 0.000143428
48805: 0.000143425
48806: 0.000143422
48807: 0.000143419
48808: 0.000143416
48809: 0.000143413
48810: 0.00014341
48811: 0.000143407
48812: 0.000143404
48813: 0.000143401
48814: 0.000143399
48815: 0.000143396
48816: 0.000143393
48817: 0.00014339
48818: 0.000143387
48819: 0.000143384
48820: 0.000143381
48821: 0.000143378
48822: 0.000143375
48823: 0.000143372
48824: 0.000143369
48825: 0.000143366
48826: 0.000143363
48827: 0.00014336
48828: 0.000143357
48829: 0.000143354
48830: 0.000143352
48831: 0.000143349
48832: 0.000143346
48833: 0.000143343
48834: 0.00014334
48835: 0.000143337
48836: 0.000143334
48837: 0.000143331
48838: 0.000143328
48839: 0.000143325
48840: 0.000143322
48841: 0.000143319
48842: 0.000143316
48843: 0.000143313
48844: 0.00014331
48845: 0.000143308
48846: 0.000143305
48847: 0.000143302
48848: 0.000143299
48849: 0.000143296
48850: 0.000143293
48851: 0.00014329
48852: 0.000143287
48853: 0.000143284
48854: 0.000143281
48855: 0.000143278
48856: 0.000143275
48857: 0.000143272
48858: 0.000143269
48859: 0.000143266
48860: 0.000143264
48861: 0.000143261
48862: 0.000143258
48863: 0.000143255
48864: 0.000143252
48865: 0.000143249
48866: 0.000143246
48867: 0.000143243
48868: 0.00014324
48869: 0.000143237
48870: 0.000143234
48871: 0.000143231
48872: 0.000143228
48873: 0.000143225
48874: 0.000143223
48875: 0.00014322
48876: 0.000143217
48877: 0.000143214
48878: 0.000143211
48879: 0.000143208
48880: 0.000143205
48881: 0.000143202
48882: 0.000143199
48883: 0.000143196
48884: 0.000143193
48885: 0.00014319
48886: 0.000143187
48887: 0.000143184
48888: 0.000143181
48889: 0.000143179
48890: 0.000143176
48891: 0.000143173
48892: 0.00014317
48893: 0.000143167
48894: 0.000143164
48895: 0.000143161
48896: 0.000143158
48897: 0.000143155
48898: 0.000143152
48899: 0.000143149
48900: 0.000143146
48901: 0.000143143
48902: 0.000143141
48903: 0.000143138
48904: 0.000143135
48905: 0.000143132
48906: 0.000143129
48907: 0.000143126
48908: 0.000143123
48909: 0.00014312
48910: 0.000143117
48911: 0.000143114
48912: 0.000143111
48913: 0.000143108
48914: 0.000143105
48915: 0.000143102
48916: 0.0001431
48917: 0.000143097
48918: 0.000143094
48919: 0.000143091
48920: 0.000143088
48921: 0.000143085
48922: 0.000143082
48923: 0.000143079
48924: 0.000143076
48925: 0.000143073
48926: 0.00014307
48927: 0.000143067
48928: 0.000143064
48929: 0.000143062
48930: 0.000143059
48931: 0.000143056
48932: 0.000143053
48933: 0.00014305
48934: 0.000143047
48935: 0.000143044
48936: 0.000143041
48937: 0.000143038
48938: 0.000143035
48939: 0.000143032
48940: 0.000143029
48941: 0.000143026
48942: 0.000143024
48943: 0.000143021
48944: 0.000143018
48945: 0.000143015
48946: 0.000143012
48947: 0.000143009
48948: 0.000143006
48949: 0.000143003
48950: 0.000143
48951: 0.000142997
48952: 0.000142994
48953: 0.000142991
48954: 0.000142988
48955: 0.000142986
48956: 0.000142983
48957: 0.00014298
48958: 0.000142977
48959: 0.000142974
48960: 0.000142971
48961: 0.000142968
48962: 0.000142965
48963: 0.000142962
48964: 0.000142959
48965: 0.000142956
48966: 0.000142953
48967: 0.00014295
48968: 0.000142948
48969: 0.000142945
48970: 0.000142942
48971: 0.000142939
48972: 0.000142936
48973: 0.000142933
48974: 0.00014293
48975: 0.000142927
48976: 0.000142924
48977: 0.000142921
48978: 0.000142918
48979: 0.000142915
48980: 0.000142913
48981: 0.00014291
48982: 0.000142907
48983: 0.000142904
48984: 0.000142901
48985: 0.000142898
48986: 0.000142895
48987: 0.000142892
48988: 0.000142889
48989: 0.000142886
48990: 0.000142883
48991: 0.00014288
48992: 0.000142878
48993: 0.000142875
48994: 0.000142872
48995: 0.000142869
48996: 0.000142866
48997: 0.000142863
48998: 0.00014286
48999: 0.000142857
49000: 0.000142854
49001: 0.000142851
49002: 0.000142848
49003: 0.000142845
49004: 0.000142843
49005: 0.00014284
49006: 0.000142837
49007: 0.000142834
49008: 0.000142831
49009: 0.000142828
49010: 0.000142825
49011: 0.000142822
49012: 0.000142819
49013: 0.000142816
49014: 0.000142813
49015: 0.000142811
49016: 0.000142808
49017: 0.000142805
49018: 0.000142802
49019: 0.000142799
49020: 0.000142796
49021: 0.000142793
49022: 0.00014279
49023: 0.000142787
49024: 0.000142784
49025: 0.000142781
49026: 0.000142778
49027: 0.000142776
49028: 0.000142773
49029: 0.00014277
49030: 0.000142767
49031: 0.000142764
49032: 0.000142761
49033: 0.000142758
49034: 0.000142755
49035: 0.000142752
49036: 0.000142749
49037: 0.000142746
49038: 0.000142744
49039: 0.000142741
49040: 0.000142738
49041: 0.000142735
49042: 0.000142732
49043: 0.000142729
49044: 0.000142726
49045: 0.000142723
49046: 0.00014272
49047: 0.000142717
49048: 0.000142714
49049: 0.000142712
49050: 0.000142709
49051: 0.000142706
49052: 0.000142703
49053: 0.0001427
49054: 0.000142697
49055: 0.000142694
49056: 0.000142691
49057: 0.000142688
49058: 0.000142685
49059: 0.000142682
49060: 0.00014268
49061: 0.000142677
49062: 0.000142674
49063: 0.000142671
49064: 0.000142668
49065: 0.000142665
49066: 0.000142662
49067: 0.000142659
49068: 0.000142656
49069: 0.000142653
49070: 0.00014265
49071: 0.000142648
49072: 0.000142645
49073: 0.000142642
49074: 0.000142639
49075: 0.000142636
49076: 0.000142633
49077: 0.00014263
49078: 0.000142627
49079: 0.000142624
49080: 0.000142621
49081: 0.000142618
49082: 0.000142616
49083: 0.000142613
49084: 0.00014261
49085: 0.000142607
49086: 0.000142604
49087: 0.000142601
49088: 0.000142598
49089: 0.000142595
49090: 0.000142592
49091: 0.000142589
49092: 0.000142587
49093: 0.000142584
49094: 0.000142581
49095: 0.000142578
49096: 0.000142575
49097: 0.000142572
49098: 0.000142569
49099: 0.000142566
49100: 0.000142563
49101: 0.00014256
49102: 0.000142557
49103: 0.000142555
49104: 0.000142552
49105: 0.000142549
49106: 0.000142546
49107: 0.000142543
49108: 0.00014254
49109: 0.000142537
49110: 0.000142534
49111: 0.000142531
49112: 0.000142528
49113: 0.000142526
49114: 0.000142523
49115: 0.00014252
49116: 0.000142517
49117: 0.000142514
49118: 0.000142511
49119: 0.000142508
49120: 0.000142505
49121: 0.000142502
49122: 0.000142499
49123: 0.000142497
49124: 0.000142494
49125: 0.000142491
49126: 0.000142488
49127: 0.000142485
49128: 0.000142482
49129: 0.000142479
49130: 0.000142476
49131: 0.000142473
49132: 0.00014247
49133: 0.000142468
49134: 0.000142465
49135: 0.000142462
49136: 0.000142459
49137: 0.000142456
49138: 0.000142453
49139: 0.00014245
49140: 0.000142447
49141: 0.000142444
49142: 0.000142441
49143: 0.000142439
49144: 0.000142436
49145: 0.000142433
49146: 0.00014243
49147: 0.000142427
49148: 0.000142424
49149: 0.000142421
49150: 0.000142418
49151: 0.000142415
49152: 0.000142412
49153: 0.00014241
49154: 0.000142407
49155: 0.000142404
49156: 0.000142401
49157: 0.000142398
49158: 0.000142395
49159: 0.000142392
49160: 0.000142389
49161: 0.000142386
49162: 0.000142383
49163: 0.000142381
49164: 0.000142378
49165: 0.000142375
49166: 0.000142372
49167: 0.000142369
49168: 0.000142366
49169: 0.000142363
49170: 0.00014236
49171: 0.000142357
49172: 0.000142355
49173: 0.000142352
49174: 0.000142349
49175: 0.000142346
49176: 0.000142343
49177: 0.00014234
49178: 0.000142337
49179: 0.000142334
49180: 0.000142331
49181: 0.000142328
49182: 0.000142326
49183: 0.000142323
49184: 0.00014232
49185: 0.000142317
49186: 0.000142314
49187: 0.000142311
49188: 0.000142308
49189: 0.000142305
49190: 0.000142302
49191: 0.0001423
49192: 0.000142297
49193: 0.000142294
49194: 0.000142291
49195: 0.000142288
49196: 0.000142285
49197: 0.000142282
49198: 0.000142279
49199: 0.000142276
49200: 0.000142274
49201: 0.000142271
49202: 0.000142268
49203: 0.000142265
49204: 0.000142262
49205: 0.000142259
49206: 0.000142256
49207: 0.000142253
49208: 0.00014225
49209: 0.000142248
49210: 0.000142245
49211: 0.000142242
49212: 0.000142239
49213: 0.000142236
49214: 0.000142233
49215: 0.00014223
49216: 0.000142227
49217: 0.000142224
49218: 0.000142221
49219: 0.000142219
49220: 0.000142216
49221: 0.000142213
49222: 0.00014221
49223: 0.000142207
49224: 0.000142204
49225: 0.000142201
49226: 0.000142198
49227: 0.000142195
49228: 0.000142193
49229: 0.00014219
49230: 0.000142187
49231: 0.000142184
49232: 0.000142181
49233: 0.000142178
49234: 0.000142175
49235: 0.000142172
49236: 0.00014217
49237: 0.000142167
49238: 0.000142164
49239: 0.000142161
49240: 0.000142158
49241: 0.000142155
49242: 0.000142152
49243: 0.000142149
49244: 0.000142146
49245: 0.000142144
49246: 0.000142141
49247: 0.000142138
49248: 0.000142135
49249: 0.000142132
49250: 0.000142129
49251: 0.000142126
49252: 0.000142123
49253: 0.00014212
49254: 0.000142118
49255: 0.000142115
49256: 0.000142112
49257: 0.000142109
49258: 0.000142106
49259: 0.000142103
49260: 0.0001421
49261: 0.000142097
49262: 0.000142094
49263: 0.000142092
49264: 0.000142089
49265: 0.000142086
49266: 0.000142083
49267: 0.00014208
49268: 0.000142077
49269: 0.000142074
49270: 0.000142071
49271: 0.000142069
49272: 0.000142066
49273: 0.000142063
49274: 0.00014206
49275: 0.000142057
49276: 0.000142054
49277: 0.000142051
49278: 0.000142048
49279: 0.000142045
49280: 0.000142043
49281: 0.00014204
49282: 0.000142037
49283: 0.000142034
49284: 0.000142031
49285: 0.000142028
49286: 0.000142025
49287: 0.000142022
49288: 0.00014202
49289: 0.000142017
49290: 0.000142014
49291: 0.000142011
49292: 0.000142008
49293: 0.000142005
49294: 0.000142002
49295: 0.000141999
49296: 0.000141996
49297: 0.000141994
49298: 0.000141991
49299: 0.000141988
49300: 0.000141985
49301: 0.000141982
49302: 0.000141979
49303: 0.000141976
49304: 0.000141973
49305: 0.000141971
49306: 0.000141968
49307: 0.000141965
49308: 0.000141962
49309: 0.000141959
49310: 0.000141956
49311: 0.000141953
49312: 0.00014195
49313: 0.000141948
49314: 0.000141945
49315: 0.000141942
49316: 0.000141939
49317: 0.000141936
49318: 0.000141933
49319: 0.00014193
49320: 0.000141927
49321: 0.000141924
49322: 0.000141922
49323: 0.000141919
49324: 0.000141916
49325: 0.000141913
49326: 0.00014191
49327: 0.000141907
49328: 0.000141904
49329: 0.000141901
49330: 0.000141899
49331: 0.000141896
49332: 0.000141893
49333: 0.00014189
49334: 0.000141887
49335: 0.000141884
49336: 0.000141881
49337: 0.000141878
49338: 0.000141876
49339: 0.000141873
49340: 0.00014187
49341: 0.000141867
49342: 0.000141864
49343: 0.000141861
49344: 0.000141858
49345: 0.000141855
49346: 0.000141853
49347: 0.00014185
49348: 0.000141847
49349: 0.000141844
49350: 0.000141841
49351: 0.000141838
49352: 0.000141835
49353: 0.000141832
49354: 0.00014183
49355: 0.000141827
49356: 0.000141824
49357: 0.000141821
49358: 0.000141818
49359: 0.000141815
49360: 0.000141812
49361: 0.000141809
49362: 0.000141807
49363: 0.000141804
49364: 0.000141801
49365: 0.000141798
49366: 0.000141795
49367: 0.000141792
49368: 0.000141789
49369: 0.000141787
49370: 0.000141784
49371: 0.000141781
49372: 0.000141778
49373: 0.000141775
49374: 0.000141772
49375: 0.000141769
49376: 0.000141766
49377: 0.000141764
49378: 0.000141761
49379: 0.000141758
49380: 0.000141755
49381: 0.000141752
49382: 0.000141749
49383: 0.000141746
49384: 0.000141743
49385: 0.000141741
49386: 0.000141738
49387: 0.000141735
49388: 0.000141732
49389: 0.000141729
49390: 0.000141726
49391: 0.000141723
49392: 0.00014172
49393: 0.000141718
49394: 0.000141715
49395: 0.000141712
49396: 0.000141709
49397: 0.000141706
49398: 0.000141703
49399: 0.0001417
49400: 0.000141698
49401: 0.000141695
49402: 0.000141692
49403: 0.000141689
49404: 0.000141686
49405: 0.000141683
49406: 0.00014168
49407: 0.000141677
49408: 0.000141675
49409: 0.000141672
49410: 0.000141669
49411: 0.000141666
49412: 0.000141663
49413: 0.00014166
49414: 0.000141657
49415: 0.000141655
49416: 0.000141652
49417: 0.000141649
49418: 0.000141646
49419: 0.000141643
49420: 0.00014164
49421: 0.000141637
49422: 0.000141634
49423: 0.000141632
49424: 0.000141629
49425: 0.000141626
49426: 0.000141623
49427: 0.00014162
49428: 0.000141617
49429: 0.000141614
49430: 0.000141612
49431: 0.000141609
49432: 0.000141606
49433: 0.000141603
49434: 0.0001416
49435: 0.000141597
49436: 0.000141594
49437: 0.000141591
49438: 0.000141589
49439: 0.000141586
49440: 0.000141583
49441: 0.00014158
49442: 0.000141577
49443: 0.000141574
49444: 0.000141571
49445: 0.000141569
49446: 0.000141566
49447: 0.000141563
49448: 0.00014156
49449: 0.000141557
49450: 0.000141554
49451: 0.000141551
49452: 0.000141549
49453: 0.000141546
49454: 0.000141543
49455: 0.00014154
49456: 0.000141537
49457: 0.000141534
49458: 0.000141531
49459: 0.000141529
49460: 0.000141526
49461: 0.000141523
49462: 0.00014152
49463: 0.000141517
49464: 0.000141514
49465: 0.000141511
49466: 0.000141508
49467: 0.000141506
49468: 0.000141503
49469: 0.0001415
49470: 0.000141497
49471: 0.000141494
49472: 0.000141491
49473: 0.000141488
49474: 0.000141486
49475: 0.000141483
49476: 0.00014148
49477: 0.000141477
49478: 0.000141474
49479: 0.000141471
49480: 0.000141468
49481: 0.000141466
49482: 0.000141463
49483: 0.00014146
49484: 0.000141457
49485: 0.000141454
49486: 0.000141451
49487: 0.000141448
49488: 0.000141446
49489: 0.000141443
49490: 0.00014144
49491: 0.000141437
49492: 0.000141434
49493: 0.000141431
49494: 0.000141428
49495: 0.000141426
49496: 0.000141423
49497: 0.00014142
49498: 0.000141417
49499: 0.000141414
49500: 0.000141411
49501: 0.000141408
49502: 0.000141406
49503: 0.000141403
49504: 0.0001414
49505: 0.000141397
49506: 0.000141394
49507: 0.000141391
49508: 0.000141388
49509: 0.000141386
49510: 0.000141383
49511: 0.00014138
49512: 0.000141377
49513: 0.000141374
49514: 0.000141371
49515: 0.000141368
49516: 0.000141366
49517: 0.000141363
49518: 0.00014136
49519: 0.000141357
49520: 0.000141354
49521: 0.000141351
49522: 0.000141348
49523: 0.000141346
49524: 0.000141343
49525: 0.00014134
49526: 0.000141337
49527: 0.000141334
49528: 0.000141331
49529: 0.000141328
49530: 0.000141326
49531: 0.000141323
49532: 0.00014132
49533: 0.000141317
49534: 0.000141314
49535: 0.000141311
49536: 0.000141309
49537: 0.000141306
49538: 0.000141303
49539: 0.0001413
49540: 0.000141297
49541: 0.000141294
49542: 0.000141291
49543: 0.000141289
49544: 0.000141286
49545: 0.000141283
49546: 0.00014128
49547: 0.000141277
49548: 0.000141274
49549: 0.000141271
49550: 0.000141269
49551: 0.000141266
49552: 0.000141263
49553: 0.00014126
49554: 0.000141257
49555: 0.000141254
49556: 0.000141251
49557: 0.000141249
49558: 0.000141246
49559: 0.000141243
49560: 0.00014124
49561: 0.000141237
49562: 0.000141234
49563: 0.000141232
49564: 0.000141229
49565: 0.000141226
49566: 0.000141223
49567: 0.00014122
49568: 0.000141217
49569: 0.000141214
49570: 0.000141212
49571: 0.000141209
49572: 0.000141206
49573: 0.000141203
49574: 0.0001412
49575: 0.000141197
49576: 0.000141195
49577: 0.000141192
49578: 0.000141189
49579: 0.000141186
49580: 0.000141183
49581: 0.00014118
49582: 0.000141177
49583: 0.000141175
49584: 0.000141172
49585: 0.000141169
49586: 0.000141166
49587: 0.000141163
49588: 0.00014116
49589: 0.000141157
49590: 0.000141155
49591: 0.000141152
49592: 0.000141149
49593: 0.000141146
49594: 0.000141143
49595: 0.00014114
49596: 0.000141138
49597: 0.000141135
49598: 0.000141132
49599: 0.000141129
49600: 0.000141126
49601: 0.000141123
49602: 0.00014112
49603: 0.000141118
49604: 0.000141115
49605: 0.000141112
49606: 0.000141109
49607: 0.000141106
49608: 0.000141103
49609: 0.000141101
49610: 0.000141098
49611: 0.000141095
49612: 0.000141092
49613: 0.000141089
49614: 0.000141086
49615: 0.000141084
49616: 0.000141081
49617: 0.000141078
49618: 0.000141075
49619: 0.000141072
49620: 0.000141069
49621: 0.000141066
49622: 0.000141064
49623: 0.000141061
49624: 0.000141058
49625: 0.000141055
49626: 0.000141052
49627: 0.000141049
49628: 0.000141047
49629: 0.000141044
49630: 0.000141041
49631: 0.000141038
49632: 0.000141035
49633: 0.000141032
49634: 0.00014103
49635: 0.000141027
49636: 0.000141024
49637: 0.000141021
49638: 0.000141018
49639: 0.000141015
49640: 0.000141012
49641: 0.00014101
49642: 0.000141007
49643: 0.000141004
49644: 0.000141001
49645: 0.000140998
49646: 0.000140995
49647: 0.000140993
49648: 0.00014099
49649: 0.000140987
49650: 0.000140984
49651: 0.000140981
49652: 0.000140978
49653: 0.000140976
49654: 0.000140973
49655: 0.00014097
49656: 0.000140967
49657: 0.000140964
49658: 0.000140961
49659: 0.000140959
49660: 0.000140956
49661: 0.000140953
49662: 0.00014095
49663: 0.000140947
49664: 0.000140944
49665: 0.000140941
49666: 0.000140939
49667: 0.000140936
49668: 0.000140933
49669: 0.00014093
49670: 0.000140927
49671: 0.000140924
49672: 0.000140922
49673: 0.000140919
49674: 0.000140916
49675: 0.000140913
49676: 0.00014091
49677: 0.000140907
49678: 0.000140905
49679: 0.000140902
49680: 0.000140899
49681: 0.000140896
49682: 0.000140893
49683: 0.00014089
49684: 0.000140888
49685: 0.000140885
49686: 0.000140882
49687: 0.000140879
49688: 0.000140876
49689: 0.000140873
49690: 0.000140871
49691: 0.000140868
49692: 0.000140865
49693: 0.000140862
49694: 0.000140859
49695: 0.000140856
49696: 0.000140854
49697: 0.000140851
49698: 0.000140848
49699: 0.000140845
49700: 0.000140842
49701: 0.000140839
49702: 0.000140837
49703: 0.000140834
49704: 0.000140831
49705: 0.000140828
49706: 0.000140825
49707: 0.000140822
49708: 0.00014082
49709: 0.000140817
49710: 0.000140814
49711: 0.000140811
49712: 0.000140808
49713: 0.000140805
49714: 0.000140803
49715: 0.0001408
49716: 0.000140797
49717: 0.000140794
49718: 0.000140791
49719: 0.000140788
49720: 0.000140786
49721: 0.000140783
49722: 0.00014078
49723: 0.000140777
49724: 0.000140774
49725: 0.000140771
49726: 0.000140769
49727: 0.000140766
49728: 0.000140763
49729: 0.00014076
49730: 0.000140757
49731: 0.000140754
49732: 0.000140752
49733: 0.000140749
49734: 0.000140746
49735: 0.000140743
49736: 0.00014074
49737: 0.000140737
49738: 0.000140735
49739: 0.000140732
49740: 0.000140729
49741: 0.000140726
49742: 0.000140723
49743: 0.00014072
49744: 0.000140718
49745: 0.000140715
49746: 0.000140712
49747: 0.000140709
49748: 0.000140706
49749: 0.000140704
49750: 0.000140701
49751: 0.000140698
49752: 0.000140695
49753: 0.000140692
49754: 0.000140689
49755: 0.000140687
49756: 0.000140684
49757: 0.000140681
49758: 0.000140678
49759: 0.000140675
49760: 0.000140672
49761: 0.00014067
49762: 0.000140667
49763: 0.000140664
49764: 0.000140661
49765: 0.000140658
49766: 0.000140655
49767: 0.000140653
49768: 0.00014065
49769: 0.000140647
49770: 0.000140644
49771: 0.000140641
49772: 0.000140638
49773: 0.000140636
49774: 0.000140633
49775: 0.00014063
49776: 0.000140627
49777: 0.000140624
49778: 0.000140622
49779: 0.000140619
49780: 0.000140616
49781: 0.000140613
49782: 0.00014061
49783: 0.000140607
49784: 0.000140605
49785: 0.000140602
49786: 0.000140599
49787: 0.000140596
49788: 0.000140593
49789: 0.00014059
49790: 0.000140588
49791: 0.000140585
49792: 0.000140582
49793: 0.000140579
49794: 0.000140576
49795: 0.000140574
49796: 0.000140571
49797: 0.000140568
49798: 0.000140565
49799: 0.000140562
49800: 0.000140559
49801: 0.000140557
49802: 0.000140554
49803: 0.000140551
49804: 0.000140548
49805: 0.000140545
49806: 0.000140542
49807: 0.00014054
49808: 0.000140537
49809: 0.000140534
49810: 0.000140531
49811: 0.000140528
49812: 0.000140526
49813: 0.000140523
49814: 0.00014052
49815: 0.000140517
49816: 0.000140514
49817: 0.000140511
49818: 0.000140509
49819: 0.000140506
49820: 0.000140503
49821: 0.0001405
49822: 0.000140497
49823: 0.000140495
49824: 0.000140492
49825: 0.000140489
49826: 0.000140486
49827: 0.000140483
49828: 0.00014048
49829: 0.000140478
49830: 0.000140475
49831: 0.000140472
49832: 0.000140469
49833: 0.000140466
49834: 0.000140464
49835: 0.000140461
49836: 0.000140458
49837: 0.000140455
49838: 0.000140452
49839: 0.000140449
49840: 0.000140447
49841: 0.000140444
49842: 0.000140441
49843: 0.000140438
49844: 0.000140435
49845: 0.000140433
49846: 0.00014043
49847: 0.000140427
49848: 0.000140424
49849: 0.000140421
49850: 0.000140418
49851: 0.000140416
49852: 0.000140413
49853: 0.00014041
49854: 0.000140407
49855: 0.000140404
49856: 0.000140402
49857: 0.000140399
49858: 0.000140396
49859: 0.000140393
49860: 0.00014039
49861: 0.000140387
49862: 0.000140385
49863: 0.000140382
49864: 0.000140379
49865: 0.000140376
49866: 0.000140373
49867: 0.000140371
49868: 0.000140368
49869: 0.000140365
49870: 0.000140362
49871: 0.000140359
49872: 0.000140357
49873: 0.000140354
49874: 0.000140351
49875: 0.000140348
49876: 0.000140345
49877: 0.000140342
49878: 0.00014034
49879: 0.000140337
49880: 0.000140334
49881: 0.000140331
49882: 0.000140328
49883: 0.000140326
49884: 0.000140323
49885: 0.00014032
49886: 0.000140317
49887: 0.000140314
49888: 0.000140311
49889: 0.000140309
49890: 0.000140306
49891: 0.000140303
49892: 0.0001403
49893: 0.000140297
49894: 0.000140295
49895: 0.000140292
49896: 0.000140289
49897: 0.000140286
49898: 0.000140283
49899: 0.000140281
49900: 0.000140278
49901: 0.000140275
49902: 0.000140272
49903: 0.000140269
49904: 0.000140267
49905: 0.000140264
49906: 0.000140261
49907: 0.000140258
49908: 0.000140255
49909: 0.000140252
49910: 0.00014025
49911: 0.000140247
49912: 0.000140244
49913: 0.000140241
49914: 0.000140238
49915: 0.000140236
49916: 0.000140233
49917: 0.00014023
49918: 0.000140227
49919: 0.000140224
49920: 0.000140222
49921: 0.000140219
49922: 0.000140216
49923: 0.000140213
49924: 0.00014021
49925: 0.000140208
49926: 0.000140205
49927: 0.000140202
49928: 0.000140199
49929: 0.000140196
49930: 0.000140193
49931: 0.000140191
49932: 0.000140188
49933: 0.000140185
49934: 0.000140182
49935: 0.000140179
49936: 0.000140177
49937: 0.000140174
49938: 0.000140171
49939: 0.000140168
49940: 0.000140165
49941: 0.000140163
49942: 0.00014016
49943: 0.000140157
49944: 0.000140154
49945: 0.000140151
49946: 0.000140149
49947: 0.000140146
49948: 0.000140143
49949: 0.00014014
49950: 0.000140137
49951: 0.000140135
49952: 0.000140132
49953: 0.000140129
49954: 0.000140126
49955: 0.000140123
49956: 0.000140121
49957: 0.000140118
49958: 0.000140115
49959: 0.000140112
49960: 0.000140109
49961: 0.000140106
49962: 0.000140104
49963: 0.000140101
49964: 0.000140098
49965: 0.000140095
49966: 0.000140092
49967: 0.00014009
49968: 0.000140087
49969: 0.000140084
49970: 0.000140081
49971: 0.000140078
49972: 0.000140076
49973: 0.000140073
49974: 0.00014007
49975: 0.000140067
49976: 0.000140064
49977: 0.000140062
49978: 0.000140059
49979: 0.000140056
49980: 0.000140053
49981: 0.00014005
49982: 0.000140048
49983: 0.000140045
49984: 0.000140042
49985: 0.000140039
49986: 0.000140036
49987: 0.000140034
49988: 0.000140031
49989: 0.000140028
49990: 0.000140025
49991: 0.000140022
49992: 0.00014002
49993: 0.000140017
49994: 0.000140014
49995: 0.000140011
49996: 0.000140008
49997: 0.000140006
49998: 0.000140003
49999: 0.00014
50000: 0.000139997
50001: 0.000139994
50002: 0.000139992
50003: 0.000139989
50004: 0.000139986
50005: 0.000139983
50006: 0.00013998
50007: 0.000139978
50008: 0.000139975
50009: 0.000139972
50010: 0.000139969
50011: 0.000139966
50012: 0.000139964
50013: 0.000139961
50014: 0.000139958
50015: 0.000139955
50016: 0.000139952
50017: 0.00013995
50018: 0.000139947
50019: 0.000139944
50020: 0.000139941
50021: 0.000139938
50022: 0.000139936
50023: 0.000139933
50024: 0.00013993
50025: 0.000139927
50026: 0.000139924
50027: 0.000139922
50028: 0.000139919
50029: 0.000139916
50030: 0.000139913
50031: 0.00013991
50032: 0.000139908
50033: 0.000139905
50034: 0.000139902
50035: 0.000139899
50036: 0.000139896
50037: 0.000139894
50038: 0.000139891
50039: 0.000139888
50040: 0.000139885
50041: 0.000139882
50042: 0.00013988
50043: 0.000139877
50044: 0.000139874
50045: 0.000139871
50046: 0.000139869
50047: 0.000139866
50048: 0.000139863
50049: 0.00013986
50050: 0.000139857
50051: 0.000139855
50052: 0.000139852
50053: 0.000139849
50054: 0.000139846
50055: 0.000139843
50056: 0.000139841
50057: 0.000139838
50058: 0.000139835
50059: 0.000139832
50060: 0.000139829
50061: 0.000139827
50062: 0.000139824
50063: 0.000139821
50064: 0.000139818
50065: 0.000139815
50066: 0.000139813
50067: 0.00013981
50068: 0.000139807
50069: 0.000139804
50070: 0.000139801
50071: 0.000139799
50072: 0.000139796
50073: 0.000139793
50074: 0.00013979
50075: 0.000139788
50076: 0.000139785
50077: 0.000139782
50078: 0.000139779
50079: 0.000139776
50080: 0.000139774
50081: 0.000139771
50082: 0.000139768
50083: 0.000139765
50084: 0.000139762
50085: 0.00013976
50086: 0.000139757
50087: 0.000139754
50088: 0.000139751
50089: 0.000139748
50090: 0.000139746
50091: 0.000139743
50092: 0.00013974
50093: 0.000139737
50094: 0.000139735
50095: 0.000139732
50096: 0.000139729
50097: 0.000139726
50098: 0.000139723
50099: 0.000139721
50100: 0.000139718
50101: 0.000139715
50102: 0.000139712
50103: 0.000139709
50104: 0.000139707
50105: 0.000139704
50106: 0.000139701
50107: 0.000139698
50108: 0.000139695
50109: 0.000139693
50110: 0.00013969
50111: 0.000139687
50112: 0.000139684
50113: 0.000139682
50114: 0.000139679
50115: 0.000139676
50116: 0.000139673
50117: 0.00013967
50118: 0.000139668
50119: 0.000139665
50120: 0.000139662
50121: 0.000139659
50122: 0.000139656
50123: 0.000139654
50124: 0.000139651
50125: 0.000139648
50126: 0.000139645
50127: 0.000139643
50128: 0.00013964
50129: 0.000139637
50130: 0.000139634
50131: 0.000139631
50132: 0.000139629
50133: 0.000139626
50134: 0.000139623
50135: 0.00013962
50136: 0.000139617
50137: 0.000139615
50138: 0.000139612
50139: 0.000139609
50140: 0.000139606
50141: 0.000139604
50142: 0.000139601
50143: 0.000139598
50144: 0.000139595
50145: 0.000139592
50146: 0.00013959
50147: 0.000139587
50148: 0.000139584
50149: 0.000139581
50150: 0.000139578
50151: 0.000139576
50152: 0.000139573
50153: 0.00013957
50154: 0.000139567
50155: 0.000139565
50156: 0.000139562
50157: 0.000139559
50158: 0.000139556
50159: 0.000139553
50160: 0.000139551
50161: 0.000139548
50162: 0.000139545
50163: 0.000139542
50164: 0.00013954
50165: 0.000139537
50166: 0.000139534
50167: 0.000139531
50168: 0.000139528
50169: 0.000139526
50170: 0.000139523
50171: 0.00013952
50172: 0.000139517
50173: 0.000139514
50174: 0.000139512
50175: 0.000139509
50176: 0.000139506
50177: 0.000139503
50178: 0.000139501
50179: 0.000139498
50180: 0.000139495
50181: 0.000139492
50182: 0.000139489
50183: 0.000139487
50184: 0.000139484
50185: 0.000139481
50186: 0.000139478
50187: 0.000139476
50188: 0.000139473
50189: 0.00013947
50190: 0.000139467
50191: 0.000139464
50192: 0.000139462
50193: 0.000139459
50194: 0.000139456
50195: 0.000139453
50196: 0.000139451
50197: 0.000139448
50198: 0.000139445
50199: 0.000139442
50200: 0.000139439
50201: 0.000139437
50202: 0.000139434
50203: 0.000139431
50204: 0.000139428
50205: 0.000139426
50206: 0.000139423
50207: 0.00013942
50208: 0.000139417
50209: 0.000139414
50210: 0.000139412
50211: 0.000139409
50212: 0.000139406
50213: 0.000139403
50214: 0.000139401
50215: 0.000139398
50216: 0.000139395
50217: 0.000139392
50218: 0.000139389
50219: 0.000139387
50220: 0.000139384
50221: 0.000139381
50222: 0.000139378
50223: 0.000139376
50224: 0.000139373
50225: 0.00013937
50226: 0.000139367
50227: 0.000139364
50228: 0.000139362
50229: 0.000139359
50230: 0.000139356
50231: 0.000139353
50232: 0.000139351
50233: 0.000139348
50234: 0.000139345
50235: 0.000139342
50236: 0.00013934
50237: 0.000139337
50238: 0.000139334
50239: 0.000139331
50240: 0.000139328
50241: 0.000139326
50242: 0.000139323
50243: 0.00013932
50244: 0.000139317
50245: 0.000139315
50246: 0.000139312
50247: 0.000139309
50248: 0.000139306
50249: 0.000139303
50250: 0.000139301
50251: 0.000139298
50252: 0.000139295
50253: 0.000139292
50254: 0.00013929
50255: 0.000139287
50256: 0.000139284
50257: 0.000139281
50258: 0.000139279
50259: 0.000139276
50260: 0.000139273
50261: 0.00013927
50262: 0.000139267
50263: 0.000139265
50264: 0.000139262
50265: 0.000139259
50266: 0.000139256
50267: 0.000139254
50268: 0.000139251
50269: 0.000139248
50270: 0.000139245
50271: 0.000139243
50272: 0.00013924
50273: 0.000139237
50274: 0.000139234
50275: 0.000139231
50276: 0.000139229
50277: 0.000139226
50278: 0.000139223
50279: 0.00013922
50280: 0.000139218
50281: 0.000139215
50282: 0.000139212
50283: 0.000139209
50284: 0.000139207
50285: 0.000139204
50286: 0.000139201
50287: 0.000139198
50288: 0.000139195
50289: 0.000139193
50290: 0.00013919
50291: 0.000139187
50292: 0.000139184
50293: 0.000139182
50294: 0.000139179
50295: 0.000139176
50296: 0.000139173
50297: 0.000139171
50298: 0.000139168
50299: 0.000139165
50300: 0.000139162
50301: 0.000139159
50302: 0.000139157
50303: 0.000139154
50304: 0.000139151
50305: 0.000139148
50306: 0.000139146
50307: 0.000139143
50308: 0.00013914
50309: 0.000139137
50310: 0.000139135
50311: 0.000139132
50312: 0.000139129
50313: 0.000139126
50314: 0.000139124
50315: 0.000139121
50316: 0.000139118
50317: 0.000139115
50318: 0.000139112
50319: 0.00013911
50320: 0.000139107
50321: 0.000139104
50322: 0.000139101
50323: 0.000139099
50324: 0.000139096
50325: 0.000139093
50326: 0.00013909
50327: 0.000139088
50328: 0.000139085
50329: 0.000139082
50330: 0.000139079
50331: 0.000139077
50332: 0.000139074
50333: 0.000139071
50334: 0.000139068
50335: 0.000139065
50336: 0.000139063
50337: 0.00013906
50338: 0.000139057
50339: 0.000139054
50340: 0.000139052
50341: 0.000139049
50342: 0.000139046
50343: 0.000139043
50344: 0.000139041
50345: 0.000139038
50346: 0.000139035
50347: 0.000139032
50348: 0.00013903
50349: 0.000139027
50350: 0.000139024
50351: 0.000139021
50352: 0.000139019
50353: 0.000139016
50354: 0.000139013
50355: 0.00013901
50356: 0.000139007
50357: 0.000139005
50358: 0.000139002
50359: 0.000138999
50360: 0.000138996
50361: 0.000138994
50362: 0.000138991
50363: 0.000138988
50364: 0.000138985
50365: 0.000138983
50366: 0.00013898
50367: 0.000138977
50368: 0.000138974
50369: 0.000138972
50370: 0.000138969
50371: 0.000138966
50372: 0.000138963
50373: 0.000138961
50374: 0.000138958
50375: 0.000138955
50376: 0.000138952
50377: 0.00013895
50378: 0.000138947
50379: 0.000138944
50380: 0.000138941
50381: 0.000138939
50382: 0.000138936
50383: 0.000138933
50384: 0.00013893
50385: 0.000138927
50386: 0.000138925
50387: 0.000138922
50388: 0.000138919
50389: 0.000138916
50390: 0.000138914
50391: 0.000138911
50392: 0.000138908
50393: 0.000138905
50394: 0.000138903
50395: 0.0001389
50396: 0.000138897
50397: 0.000138894
50398: 0.000138892
50399: 0.000138889
50400: 0.000138886
50401: 0.000138883
50402: 0.000138881
50403: 0.000138878
50404: 0.000138875
50405: 0.000138872
50406: 0.00013887
50407: 0.000138867
50408: 0.000138864
50409: 0.000138861
50410: 0.000138859
50411: 0.000138856
50412: 0.000138853
50413: 0.00013885
50414: 0.000138848
50415: 0.000138845
50416: 0.000138842
50417: 0.000138839
50418: 0.000138837
50419: 0.000138834
50420: 0.000138831
50421: 0.000138828
50422: 0.000138826
50423: 0.000138823
50424: 0.00013882
50425: 0.000138817
50426: 0.000138815
50427: 0.000138812
50428: 0.000138809
50429: 0.000138806
50430: 0.000138804
50431: 0.000138801
50432: 0.000138798
50433: 0.000138795
50434: 0.000138793
50435: 0.00013879
50436: 0.000138787
50437: 0.000138784
50438: 0.000138781
50439: 0.000138779
50440: 0.000138776
50441: 0.000138773
50442: 0.00013877
50443: 0.000138768
50444: 0.000138765
50445: 0.000138762
50446: 0.000138759
50447: 0.000138757
50448: 0.000138754
50449: 0.000138751
50450: 0.000138748
50451: 0.000138746
50452: 0.000138743
50453: 0.00013874
50454: 0.000138737
50455: 0.000138735
50456: 0.000138732
50457: 0.000138729
50458: 0.000138726
50459: 0.000138724
50460: 0.000138721
50461: 0.000138718
50462: 0.000138715
50463: 0.000138713
50464: 0.00013871
50465: 0.000138707
50466: 0.000138704
50467: 0.000138702
50468: 0.000138699
50469: 0.000138696
50470: 0.000138694
50471: 0.000138691
50472: 0.000138688
50473: 0.000138685
50474: 0.000138683
50475: 0.00013868
50476: 0.000138677
50477: 0.000138674
50478: 0.000138672
50479: 0.000138669
50480: 0.000138666
50481: 0.000138663
50482: 0.000138661
50483: 0.000138658
50484: 0.000138655
50485: 0.000138652
50486: 0.00013865
50487: 0.000138647
50488: 0.000138644
50489: 0.000138641
50490: 0.000138639
50491: 0.000138636
50492: 0.000138633
50493: 0.00013863
50494: 0.000138628
50495: 0.000138625
50496: 0.000138622
50497: 0.000138619
50498: 0.000138617
50499: 0.000138614
50500: 0.000138611
50501: 0.000138608
50502: 0.000138606
50503: 0.000138603
50504: 0.0001386
50505: 0.000138597
50506: 0.000138595
50507: 0.000138592
50508: 0.000138589
50509: 0.000138586
50510: 0.000138584
50511: 0.000138581
50512: 0.000138578
50513: 0.000138575
50514: 0.000138573
50515: 0.00013857
50516: 0.000138567
50517: 0.000138564
50518: 0.000138562
50519: 0.000138559
50520: 0.000138556
50521: 0.000138554
50522: 0.000138551
50523: 0.000138548
50524: 0.000138545
50525: 0.000138543
50526: 0.00013854
50527: 0.000138537
50528: 0.000138534
50529: 0.000138532
50530: 0.000138529
50531: 0.000138526
50532: 0.000138523
50533: 0.000138521
50534: 0.000138518
50535: 0.000138515
50536: 0.000138512
50537: 0.00013851
50538: 0.000138507
50539: 0.000138504
50540: 0.000138501
50541: 0.000138499
50542: 0.000138496
50543: 0.000138493
50544: 0.00013849
50545: 0.000138488
50546: 0.000138485
50547: 0.000138482
50548: 0.000138479
50549: 0.000138477
50550: 0.000138474
50551: 0.000138471
50552: 0.000138469
50553: 0.000138466
50554: 0.000138463
50555: 0.00013846
50556: 0.000138458
50557: 0.000138455
50558: 0.000138452
50559: 0.000138449
50560: 0.000138447
50561: 0.000138444
50562: 0.000138441
50563: 0.000138438
50564: 0.000138436
50565: 0.000138433
50566: 0.00013843
50567: 0.000138427
50568: 0.000138425
50569: 0.000138422
50570: 0.000138419
50571: 0.000138417
50572: 0.000138414
50573: 0.000138411
50574: 0.000138408
50575: 0.000138406
50576: 0.000138403
50577: 0.0001384
50578: 0.000138397
50579: 0.000138395
50580: 0.000138392
50581: 0.000138389
50582: 0.000138386
50583: 0.000138384
50584: 0.000138381
50585: 0.000138378
50586: 0.000138375
50587: 0.000138373
50588: 0.00013837
50589: 0.000138367
50590: 0.000138365
50591: 0.000138362
50592: 0.000138359
50593: 0.000138356
50594: 0.000138354
50595: 0.000138351
50596: 0.000138348
50597: 0.000138345
50598: 0.000138343
50599: 0.00013834
50600: 0.000138337
50601: 0.000138334
50602: 0.000138332
50603: 0.000138329
50604: 0.000138326
50605: 0.000138324
50606: 0.000138321
50607: 0.000138318
50608: 0.000138315
50609: 0.000138313
50610: 0.00013831
50611: 0.000138307
50612: 0.000138304
50613: 0.000138302
50614: 0.000138299
50615: 0.000138296
50616: 0.000138293
50617: 0.000138291
50618: 0.000138288
50619: 0.000138285
50620: 0.000138283
50621: 0.00013828
50622: 0.000138277
50623: 0.000138274
50624: 0.000138272
50625: 0.000138269
50626: 0.000138266
50627: 0.000138263
50628: 0.000138261
50629: 0.000138258
50630: 0.000138255
50631: 0.000138252
50632: 0.00013825
50633: 0.000138247
50634: 0.000138244
50635: 0.000138242
50636: 0.000138239
50637: 0.000138236
50638: 0.000138233
50639: 0.000138231
50640: 0.000138228
50641: 0.000138225
50642: 0.000138222
50643: 0.00013822
50644: 0.000138217
50645: 0.000138214
50646: 0.000138212
50647: 0.000138209
50648: 0.000138206
50649: 0.000138203
50650: 0.000138201
50651: 0.000138198
50652: 0.000138195
50653: 0.000138192
50654: 0.00013819
50655: 0.000138187
50656: 0.000138184
50657: 0.000138182
50658: 0.000138179
50659: 0.000138176
50660: 0.000138173
50661: 0.000138171
50662: 0.000138168
50663: 0.000138165
50664: 0.000138162
50665: 0.00013816
50666: 0.000138157
50667: 0.000138154
50668: 0.000138152
50669: 0.000138149
50670: 0.000138146
50671: 0.000138143
50672: 0.000138141
50673: 0.000138138
50674: 0.000138135
50675: 0.000138132
50676: 0.00013813
50677: 0.000138127
50678: 0.000138124
50679: 0.000138122
50680: 0.000138119
50681: 0.000138116
50682: 0.000138113
50683: 0.000138111
50684: 0.000138108
50685: 0.000138105
50686: 0.000138102
50687: 0.0001381
50688: 0.000138097
50689: 0.000138094
50690: 0.000138092
50691: 0.000138089
50692: 0.000138086
50693: 0.000138083
50694: 0.000138081
50695: 0.000138078
50696: 0.000138075
50697: 0.000138073
50698: 0.00013807
50699: 0.000138067
50700: 0.000138064
50701: 0.000138062
50702: 0.000138059
50703: 0.000138056
50704: 0.000138053
50705: 0.000138051
50706: 0.000138048
50707: 0.000138045
50708: 0.000138043
50709: 0.00013804
50710: 0.000138037
50711: 0.000138034
50712: 0.000138032
50713: 0.000138029
50714: 0.000138026
50715: 0.000138024
50716: 0.000138021
50717: 0.000138018
50718: 0.000138015
50719: 0.000138013
50720: 0.00013801
50721: 0.000138007
50722: 0.000138004
50723: 0.000138002
50724: 0.000137999
50725: 0.000137996
50726: 0.000137994
50727: 0.000137991
50728: 0.000137988
50729: 0.000137985
50730: 0.000137983
50731: 0.00013798
50732: 0.000137977
50733: 0.000137975
50734: 0.000137972
50735: 0.000137969
50736: 0.000137966
50737: 0.000137964
50738: 0.000137961
50739: 0.000137958
50740: 0.000137955
50741: 0.000137953
50742: 0.00013795
50743: 0.000137947
50744: 0.000137945
50745: 0.000137942
50746: 0.000137939
50747: 0.000137936
50748: 0.000137934
50749: 0.000137931
50750: 0.000137928
50751: 0.000137926
50752: 0.000137923
50753: 0.00013792
50754: 0.000137917
50755: 0.000137915
50756: 0.000137912
50757: 0.000137909
50758: 0.000137907
50759: 0.000137904
50760: 0.000137901
50761: 0.000137898
50762: 0.000137896
50763: 0.000137893
50764: 0.00013789
50765: 0.000137888
50766: 0.000137885
50767: 0.000137882
50768: 0.000137879
50769: 0.000137877
50770: 0.000137874
50771: 0.000137871
50772: 0.000137869
50773: 0.000137866
50774: 0.000137863
50775: 0.00013786
50776: 0.000137858
50777: 0.000137855
50778: 0.000137852
50779: 0.00013785
50780: 0.000137847
50781: 0.000137844
50782: 0.000137841
50783: 0.000137839
50784: 0.000137836
50785: 0.000137833
50786: 0.000137831
50787: 0.000137828
50788: 0.000137825
50789: 0.000137822
50790: 0.00013782
50791: 0.000137817
50792: 0.000137814
50793: 0.000137812
50794: 0.000137809
50795: 0.000137806
50796: 0.000137803
50797: 0.000137801
50798: 0.000137798
50799: 0.000137795
50800: 0.000137793
50801: 0.00013779
50802: 0.000137787
50803: 0.000137784
50804: 0.000137782
50805: 0.000137779
50806: 0.000137776
50807: 0.000137774
50808: 0.000137771
50809: 0.000137768
50810: 0.000137765
50811: 0.000137763
50812: 0.00013776
50813: 0.000137757
50814: 0.000137755
50815: 0.000137752
50816: 0.000137749
50817: 0.000137746
50818: 0.000137744
50819: 0.000137741
50820: 0.000137738
50821: 0.000137736
50822: 0.000137733
50823: 0.00013773
50824: 0.000137727
50825: 0.000137725
50826: 0.000137722
50827: 0.000137719
50828: 0.000137717
50829: 0.000137714
50830: 0.000137711
50831: 0.000137709
50832: 0.000137706
50833: 0.000137703
50834: 0.0001377
50835: 0.000137698
50836: 0.000137695
50837: 0.000137692
50838: 0.00013769
50839: 0.000137687
50840: 0.000137684
50841: 0.000137681
50842: 0.000137679
50843: 0.000137676
50844: 0.000137673
50845: 0.000137671
50846: 0.000137668
50847: 0.000137665
50848: 0.000137662
50849: 0.00013766
50850: 0.000137657
50851: 0.000137654
50852: 0.000137652
50853: 0.000137649
50854: 0.000137646
50855: 0.000137644
50856: 0.000137641
50857: 0.000137638
50858: 0.000137635
50859: 0.000137633
50860: 0.00013763
50861: 0.000137627
50862: 0.000137625
50863: 0.000137622
50864: 0.000137619
50865: 0.000137616
50866: 0.000137614
50867: 0.000137611
50868: 0.000137608
50869: 0.000137606
50870: 0.000137603
50871: 0.0001376
50872: 0.000137598
50873: 0.000137595
50874: 0.000137592
50875: 0.000137589
50876: 0.000137587
50877: 0.000137584
50878: 0.000137581
50879: 0.000137579
50880: 0.000137576
50881: 0.000137573
50882: 0.000137571
50883: 0.000137568
50884: 0.000137565
50885: 0.000137562
50886: 0.00013756
50887: 0.000137557
50888: 0.000137554
50889: 0.000137552
50890: 0.000137549
50891: 0.000137546
50892: 0.000137543
50893: 0.000137541
50894: 0.000137538
50895: 0.000137535
50896: 0.000137533
50897: 0.00013753
50898: 0.000137527
50899: 0.000137525
50900: 0.000137522
50901: 0.000137519
50902: 0.000137516
50903: 0.000137514
50904: 0.000137511
50905: 0.000137508
50906: 0.000137506
50907: 0.000137503
50908: 0.0001375
50909: 0.000137498
50910: 0.000137495
50911: 0.000137492
50912: 0.000137489
50913: 0.000137487
50914: 0.000137484
50915: 0.000137481
50916: 0.000137479
50917: 0.000137476
50918: 0.000137473
50919: 0.000137471
50920: 0.000137468
50921: 0.000137465
50922: 0.000137462
50923: 0.00013746
50924: 0.000137457
50925: 0.000137454
50926: 0.000137452
50927: 0.000137449
50928: 0.000137446
50929: 0.000137444
50930: 0.000137441
50931: 0.000137438
50932: 0.000137435
50933: 0.000137433
50934: 0.00013743
50935: 0.000137427
50936: 0.000137425
50937: 0.000137422
50938: 0.000137419
50939: 0.000137417
50940: 0.000137414
50941: 0.000137411
50942: 0.000137408
50943: 0.000137406
50944: 0.000137403
50945: 0.0001374
50946: 0.000137398
50947: 0.000137395
50948: 0.000137392
50949: 0.00013739
50950: 0.000137387
50951: 0.000137384
50952: 0.000137382
50953: 0.000137379
50954: 0.000137376
50955: 0.000137373
50956: 0.000137371
50957: 0.000137368
50958: 0.000137365
50959: 0.000137363
50960: 0.00013736
50961: 0.000137357
50962: 0.000137355
50963: 0.000137352
50964: 0.000137349
50965: 0.000137346
50966: 0.000137344
50967: 0.000137341
50968: 0.000137338
50969: 0.000137336
50970: 0.000137333
50971: 0.00013733
50972: 0.000137328
50973: 0.000137325
50974: 0.000137322
50975: 0.00013732
50976: 0.000137317
50977: 0.000137314
50978: 0.000137311
50979: 0.000137309
50980: 0.000137306
50981: 0.000137303
50982: 0.000137301
50983: 0.000137298
50984: 0.000137295
50985: 0.000137293
50986: 0.00013729
50987: 0.000137287
50988: 0.000137285
50989: 0.000137282
50990: 0.000137279
50991: 0.000137276
50992: 0.000137274
50993: 0.000137271
50994: 0.000137268
50995: 0.000137266
50996: 0.000137263
50997: 0.00013726
50998: 0.000137258
50999: 0.000137255
51000: 0.000137252
51001: 0.00013725
51002: 0.000137247
51003: 0.000137244
51004: 0.000137241
51005: 0.000137239
51006: 0.000137236
51007: 0.000137233
51008: 0.000137231
51009: 0.000137228
51010: 0.000137225
51011: 0.000137223
51012: 0.00013722
51013: 0.000137217
51014: 0.000137215
51015: 0.000137212
51016: 0.000137209
51017: 0.000137206
51018: 0.000137204
51019: 0.000137201
51020: 0.000137198
51021: 0.000137196
51022: 0.000137193
51023: 0.00013719
51024: 0.000137188
51025: 0.000137185
51026: 0.000137182
51027: 0.00013718
51028: 0.000137177
51029: 0.000137174
51030: 0.000137172
51031: 0.000137169
51032: 0.000137166
51033: 0.000137163
51034: 0.000137161
51035: 0.000137158
51036: 0.000137155
51037: 0.000137153
51038: 0.00013715
51039: 0.000137147
51040: 0.000137145
51041: 0.000137142
51042: 0.000137139
51043: 0.000137137
51044: 0.000137134
51045: 0.000137131
51046: 0.000137129
51047: 0.000137126
51048: 0.000137123
51049: 0.00013712
51050: 0.000137118
51051: 0.000137115
51052: 0.000137112
51053: 0.00013711
51054: 0.000137107
51055: 0.000137104
51056: 0.000137102
51057: 0.000137099
51058: 0.000137096
51059: 0.000137094
51060: 0.000137091
51061: 0.000137088
51062: 0.000137086
51063: 0.000137083
51064: 0.00013708
51065: 0.000137078
51066: 0.000137075
51067: 0.000137072
51068: 0.000137069
51069: 0.000137067
51070: 0.000137064
51071: 0.000137061
51072: 0.000137059
51073: 0.000137056
51074: 0.000137053
51075: 0.000137051
51076: 0.000137048
51077: 0.000137045
51078: 0.000137043
51079: 0.00013704
51080: 0.000137037
51081: 0.000137035
51082: 0.000137032
51083: 0.000137029
51084: 0.000137027
51085: 0.000137024
51086: 0.000137021
51087: 0.000137018
51088: 0.000137016
51089: 0.000137013
51090: 0.00013701
51091: 0.000137008
51092: 0.000137005
51093: 0.000137002
51094: 0.000137
51095: 0.000136997
51096: 0.000136994
51097: 0.000136992
51098: 0.000136989
51099: 0.000136986
51100: 0.000136984
51101: 0.000136981
51102: 0.000136978
51103: 0.000136976
51104: 0.000136973
51105: 0.00013697
51106: 0.000136968
51107: 0.000136965
51108: 0.000136962
51109: 0.000136959
51110: 0.000136957
51111: 0.000136954
51112: 0.000136951
51113: 0.000136949
51114: 0.000136946
51115: 0.000136943
51116: 0.000136941
51117: 0.000136938
51118: 0.000136935
51119: 0.000136933
51120: 0.00013693
51121: 0.000136927
51122: 0.000136925
51123: 0.000136922
51124: 0.000136919
51125: 0.000136917
51126: 0.000136914
51127: 0.000136911
51128: 0.000136909
51129: 0.000136906
51130: 0.000136903
51131: 0.000136901
51132: 0.000136898
51133: 0.000136895
51134: 0.000136893
51135: 0.00013689
51136: 0.000136887
51137: 0.000136885
51138: 0.000136882
51139: 0.000136879
51140: 0.000136876
51141: 0.000136874
51142: 0.000136871
51143: 0.000136868
51144: 0.000136866
51145: 0.000136863
51146: 0.00013686
51147: 0.000136858
51148: 0.000136855
51149: 0.000136852
51150: 0.00013685
51151: 0.000136847
51152: 0.000136844
51153: 0.000136842
51154: 0.000136839
51155: 0.000136836
51156: 0.000136834
51157: 0.000136831
51158: 0.000136828
51159: 0.000136826
51160: 0.000136823
51161: 0.00013682
51162: 0.000136818
51163: 0.000136815
51164: 0.000136812
51165: 0.00013681
51166: 0.000136807
51167: 0.000136804
51168: 0.000136802
51169: 0.000136799
51170: 0.000136796
51171: 0.000136794
51172: 0.000136791
51173: 0.000136788
51174: 0.000136786
51175: 0.000136783
51176: 0.00013678
51177: 0.000136778
51178: 0.000136775
51179: 0.000136772
51180: 0.00013677
51181: 0.000136767
51182: 0.000136764
51183: 0.000136761
51184: 0.000136759
51185: 0.000136756
51186: 0.000136753
51187: 0.000136751
51188: 0.000136748
51189: 0.000136745
51190: 0.000136743
51191: 0.00013674
51192: 0.000136737
51193: 0.000136735
51194: 0.000136732
51195: 0.000136729
51196: 0.000136727
51197: 0.000136724
51198: 0.000136721
51199: 0.000136719
51200: 0.000136716
51201: 0.000136713
51202: 0.000136711
51203: 0.000136708
51204: 0.000136705
51205: 0.000136703
51206: 0.0001367
51207: 0.000136697
51208: 0.000136695
51209: 0.000136692
51210: 0.000136689
51211: 0.000136687
51212: 0.000136684
51213: 0.000136681
51214: 0.000136679
51215: 0.000136676
51216: 0.000136673
51217: 0.000136671
51218: 0.000136668
51219: 0.000136665
51220: 0.000136663
51221: 0.00013666
51222: 0.000136657
51223: 0.000136655
51224: 0.000136652
51225: 0.000136649
51226: 0.000136647
51227: 0.000136644
51228: 0.000136641
51229: 0.000136639
51230: 0.000136636
51231: 0.000136633
51232: 0.000136631
51233: 0.000136628
51234: 0.000136625
51235: 0.000136623
51236: 0.00013662
51237: 0.000136617
51238: 0.000136615
51239: 0.000136612
51240: 0.000136609
51241: 0.000136607
51242: 0.000136604
51243: 0.000136601
51244: 0.000136599
51245: 0.000136596
51246: 0.000136593
51247: 0.000136591
51248: 0.000136588
51249: 0.000136585
51250: 0.000136583
51251: 0.00013658
51252: 0.000136577
51253: 0.000136575
51254: 0.000136572
51255: 0.000136569
51256: 0.000136567
51257: 0.000136564
51258: 0.000136561
51259: 0.000136559
51260: 0.000136556
51261: 0.000136553
51262: 0.000136551
51263: 0.000136548
51264: 0.000136545
51265: 0.000136543
51266: 0.00013654
51267: 0.000136537
51268: 0.000136535
51269: 0.000136532
51270: 0.000136529
51271: 0.000136527
51272: 0.000136524
51273: 0.000136521
51274: 0.000136519
51275: 0.000136516
51276: 0.000136513
51277: 0.000136511
51278: 0.000136508
51279: 0.000136505
51280: 0.000136503
51281: 0.0001365
51282: 0.000136497
51283: 0.000136495
51284: 0.000136492
51285: 0.000136489
51286: 0.000136487
51287: 0.000136484
51288: 0.000136482
51289: 0.000136479
51290: 0.000136476
51291: 0.000136474
51292: 0.000136471
51293: 0.000136468
51294: 0.000136466
51295: 0.000136463
51296: 0.00013646
51297: 0.000136458
51298: 0.000136455
51299: 0.000136452
51300: 0.00013645
51301: 0.000136447
51302: 0.000136444
51303: 0.000136442
51304: 0.000136439
51305: 0.000136436
51306: 0.000136434
51307: 0.000136431
51308: 0.000136428
51309: 0.000136426
51310: 0.000136423
51311: 0.00013642
51312: 0.000136418
51313: 0.000136415
51314: 0.000136412
51315: 0.00013641
51316: 0.000136407
51317: 0.000136404
51318: 0.000136402
51319: 0.000136399
51320: 0.000136396
51321: 0.000136394
51322: 0.000136391
51323: 0.000136388
51324: 0.000136386
51325: 0.000136383
51326: 0.00013638
51327: 0.000136378
51328: 0.000136375
51329: 0.000136372
51330: 0.00013637
51331: 0.000136367
51332: 0.000136365
51333: 0.000136362
51334: 0.000136359
51335: 0.000136357
51336: 0.000136354
51337: 0.000136351
51338: 0.000136349
51339: 0.000136346
51340: 0.000136343
51341: 0.000136341
51342: 0.000136338
51343: 0.000136335
51344: 0.000136333
51345: 0.00013633
51346: 0.000136327
51347: 0.000136325
51348: 0.000136322
51349: 0.000136319
51350: 0.000136317
51351: 0.000136314
51352: 0.000136311
51353: 0.000136309
51354: 0.000136306
51355: 0.000136303
51356: 0.000136301
51357: 0.000136298
51358: 0.000136295
51359: 0.000136293
51360: 0.00013629
51361: 0.000136288
51362: 0.000136285
51363: 0.000136282
51364: 0.00013628
51365: 0.000136277
51366: 0.000136274
51367: 0.000136272
51368: 0.000136269
51369: 0.000136266
51370: 0.000136264
51371: 0.000136261
51372: 0.000136258
51373: 0.000136256
51374: 0.000136253
51375: 0.00013625
51376: 0.000136248
51377: 0.000136245
51378: 0.000136242
51379: 0.00013624
51380: 0.000136237
51381: 0.000136234
51382: 0.000136232
51383: 0.000136229
51384: 0.000136227
51385: 0.000136224
51386: 0.000136221
51387: 0.000136219
51388: 0.000136216
51389: 0.000136213
51390: 0.000136211
51391: 0.000136208
51392: 0.000136205
51393: 0.000136203
51394: 0.0001362
51395: 0.000136197
51396: 0.000136195
51397: 0.000136192
51398: 0.000136189
51399: 0.000136187
51400: 0.000136184
51401: 0.000136181
51402: 0.000136179
51403: 0.000136176
51404: 0.000136174
51405: 0.000136171
51406: 0.000136168
51407: 0.000136166
51408: 0.000136163
51409: 0.00013616
51410: 0.000136158
51411: 0.000136155
51412: 0.000136152
51413: 0.00013615
51414: 0.000136147
51415: 0.000136144
51416: 0.000136142
51417: 0.000136139
51418: 0.000136136
51419: 0.000136134
51420: 0.000136131
51421: 0.000136129
51422: 0.000136126
51423: 0.000136123
51424: 0.000136121
51425: 0.000136118
51426: 0.000136115
51427: 0.000136113
51428: 0.00013611
51429: 0.000136107
51430: 0.000136105
51431: 0.000136102
51432: 0.000136099
51433: 0.000136097
51434: 0.000136094
51435: 0.000136091
51436: 0.000136089
51437: 0.000136086
51438: 0.000136084
51439: 0.000136081
51440: 0.000136078
51441: 0.000136076
51442: 0.000136073
51443: 0.00013607
51444: 0.000136068
51445: 0.000136065
51446: 0.000136062
51447: 0.00013606
51448: 0.000136057
51449: 0.000136054
51450: 0.000136052
51451: 0.000136049
51452: 0.000136046
51453: 0.000136044
51454: 0.000136041
51455: 0.000136039
51456: 0.000136036
51457: 0.000136033
51458: 0.000136031
51459: 0.000136028
51460: 0.000136025
51461: 0.000136023
51462: 0.00013602
51463: 0.000136017
51464: 0.000136015
51465: 0.000136012
51466: 0.000136009
51467: 0.000136007
51468: 0.000136004
51469: 0.000136002
51470: 0.000135999
51471: 0.000135996
51472: 0.000135994
51473: 0.000135991
51474: 0.000135988
51475: 0.000135986
51476: 0.000135983
51477: 0.00013598
51478: 0.000135978
51479: 0.000135975
51480: 0.000135972
51481: 0.00013597
51482: 0.000135967
51483: 0.000135965
51484: 0.000135962
51485: 0.000135959
51486: 0.000135957
51487: 0.000135954
51488: 0.000135951
51489: 0.000135949
51490: 0.000135946
51491: 0.000135943
51492: 0.000135941
51493: 0.000135938
51494: 0.000135936
51495: 0.000135933
51496: 0.00013593
51497: 0.000135928
51498: 0.000135925
51499: 0.000135922
51500: 0.00013592
51501: 0.000135917
51502: 0.000135914
51503: 0.000135912
51504: 0.000135909
51505: 0.000135906
51506: 0.000135904
51507: 0.000135901
51508: 0.000135899
51509: 0.000135896
51510: 0.000135893
51511: 0.000135891
51512: 0.000135888
51513: 0.000135885
51514: 0.000135883
51515: 0.00013588
51516: 0.000135877
51517: 0.000135875
51518: 0.000135872
51519: 0.00013587
51520: 0.000135867
51521: 0.000135864
51522: 0.000135862
51523: 0.000135859
51524: 0.000135856
51525: 0.000135854
51526: 0.000135851
51527: 0.000135848
51528: 0.000135846
51529: 0.000135843
51530: 0.000135841
51531: 0.000135838
51532: 0.000135835
51533: 0.000135833
51534: 0.00013583
51535: 0.000135827
51536: 0.000135825
51537: 0.000135822
51538: 0.000135819
51539: 0.000135817
51540: 0.000135814
51541: 0.000135812
51542: 0.000135809
51543: 0.000135806
51544: 0.000135804
51545: 0.000135801
51546: 0.000135798
51547: 0.000135796
51548: 0.000135793
51549: 0.00013579
51550: 0.000135788
51551: 0.000135785
51552: 0.000135783
51553: 0.00013578
51554: 0.000135777
51555: 0.000135775
51556: 0.000135772
51557: 0.000135769
51558: 0.000135767
51559: 0.000135764
51560: 0.000135762
51561: 0.000135759
51562: 0.000135756
51563: 0.000135754
51564: 0.000135751
51565: 0.000135748
51566: 0.000135746
51567: 0.000135743
51568: 0.00013574
51569: 0.000135738
51570: 0.000135735
51571: 0.000135733
51572: 0.00013573
51573: 0.000135727
51574: 0.000135725
51575: 0.000135722
51576: 0.000135719
51577: 0.000135717
51578: 0.000135714
51579: 0.000135712
51580: 0.000135709
51581: 0.000135706
51582: 0.000135704
51583: 0.000135701
51584: 0.000135698
51585: 0.000135696
51586: 0.000135693
51587: 0.00013569
51588: 0.000135688
51589: 0.000135685
51590: 0.000135683
51591: 0.00013568
51592: 0.000135677
51593: 0.000135675
51594: 0.000135672
51595: 0.000135669
51596: 0.000135667
51597: 0.000135664
51598: 0.000135662
51599: 0.000135659
51600: 0.000135656
51601: 0.000135654
51602: 0.000135651
51603: 0.000135648
51604: 0.000135646
51605: 0.000135643
51606: 0.000135641
51607: 0.000135638
51608: 0.000135635
51609: 0.000135633
51610: 0.00013563
51611: 0.000135627
51612: 0.000135625
51613: 0.000135622
51614: 0.000135619
51615: 0.000135617
51616: 0.000135614
51617: 0.000135612
51618: 0.000135609
51619: 0.000135606
51620: 0.000135604
51621: 0.000135601
51622: 0.000135598
51623: 0.000135596
51624: 0.000135593
51625: 0.000135591
51626: 0.000135588
51627: 0.000135585
51628: 0.000135583
51629: 0.00013558
51630: 0.000135577
51631: 0.000135575
51632: 0.000135572
51633: 0.00013557
51634: 0.000135567
51635: 0.000135564
51636: 0.000135562
51637: 0.000135559
51638: 0.000135556
51639: 0.000135554
51640: 0.000135551
51641: 0.000135549
51642: 0.000135546
51643: 0.000135543
51644: 0.000135541
51645: 0.000135538
51646: 0.000135535
51647: 0.000135533
51648: 0.00013553
51649: 0.000135528
51650: 0.000135525
51651: 0.000135522
51652: 0.00013552
51653: 0.000135517
51654: 0.000135514
51655: 0.000135512
51656: 0.000135509
51657: 0.000135507
51658: 0.000135504
51659: 0.000135501
51660: 0.000135499
51661: 0.000135496
51662: 0.000135493
51663: 0.000135491
51664: 0.000135488
51665: 0.000135486
51666: 0.000135483
51667: 0.00013548
51668: 0.000135478
51669: 0.000135475
51670: 0.000135473
51671: 0.00013547
51672: 0.000135467
51673: 0.000135465
51674: 0.000135462
51675: 0.000135459
51676: 0.000135457
51677: 0.000135454
51678: 0.000135452
51679: 0.000135449
51680: 0.000135446
51681: 0.000135444
51682: 0.000135441
51683: 0.000135438
51684: 0.000135436
51685: 0.000135433
51686: 0.000135431
51687: 0.000135428
51688: 0.000135425
51689: 0.000135423
51690: 0.00013542
51691: 0.000135417
51692: 0.000135415
51693: 0.000135412
51694: 0.00013541
51695: 0.000135407
51696: 0.000135404
51697: 0.000135402
51698: 0.000135399
51699: 0.000135397
51700: 0.000135394
51701: 0.000135391
51702: 0.000135389
51703: 0.000135386
51704: 0.000135383
51705: 0.000135381
51706: 0.000135378
51707: 0.000135376
51708: 0.000135373
51709: 0.00013537
51710: 0.000135368
51711: 0.000135365
51712: 0.000135362
51713: 0.00013536
51714: 0.000135357
51715: 0.000135355
51716: 0.000135352
51717: 0.000135349
51718: 0.000135347
51719: 0.000135344
51720: 0.000135342
51721: 0.000135339
51722: 0.000135336
51723: 0.000135334
51724: 0.000135331
51725: 0.000135328
51726: 0.000135326
51727: 0.000135323
51728: 0.000135321
51729: 0.000135318
51730: 0.000135315
51731: 0.000135313
51732: 0.00013531
51733: 0.000135308
51734: 0.000135305
51735: 0.000135302
51736: 0.0001353
51737: 0.000135297
51738: 0.000135294
51739: 0.000135292
51740: 0.000135289
51741: 0.000135287
51742: 0.000135284
51743: 0.000135281
51744: 0.000135279
51745: 0.000135276
51746: 0.000135274
51747: 0.000135271
51748: 0.000135268
51749: 0.000135266
51750: 0.000135263
51751: 0.00013526
51752: 0.000135258
51753: 0.000135255
51754: 0.000135253
51755: 0.00013525
51756: 0.000135247
51757: 0.000135245
51758: 0.000135242
51759: 0.00013524
51760: 0.000135237
51761: 0.000135234
51762: 0.000135232
51763: 0.000135229
51764: 0.000135227
51765: 0.000135224
51766: 0.000135221
51767: 0.000135219
51768: 0.000135216
51769: 0.000135213
51770: 0.000135211
51771: 0.000135208
51772: 0.000135206
51773: 0.000135203
51774: 0.0001352
51775: 0.000135198
51776: 0.000135195
51777: 0.000135193
51778: 0.00013519
51779: 0.000135187
51780: 0.000135185
51781: 0.000135182
51782: 0.000135179
51783: 0.000135177
51784: 0.000135174
51785: 0.000135172
51786: 0.000135169
51787: 0.000135166
51788: 0.000135164
51789: 0.000135161
51790: 0.000135159
51791: 0.000135156
51792: 0.000135153
51793: 0.000135151
51794: 0.000135148
51795: 0.000135146
51796: 0.000135143
51797: 0.00013514
51798: 0.000135138
51799: 0.000135135
51800: 0.000135133
51801: 0.00013513
51802: 0.000135127
51803: 0.000135125
51804: 0.000135122
51805: 0.000135119
51806: 0.000135117
51807: 0.000135114
51808: 0.000135112
51809: 0.000135109
51810: 0.000135106
51811: 0.000135104
51812: 0.000135101
51813: 0.000135099
51814: 0.000135096
51815: 0.000135093
51816: 0.000135091
51817: 0.000135088
51818: 0.000135086
51819: 0.000135083
51820: 0.00013508
51821: 0.000135078
51822: 0.000135075
51823: 0.000135073
51824: 0.00013507
51825: 0.000135067
51826: 0.000135065
51827: 0.000135062
51828: 0.00013506
51829: 0.000135057
51830: 0.000135054
51831: 0.000135052
51832: 0.000135049
51833: 0.000135046
51834: 0.000135044
51835: 0.000135041
51836: 0.000135039
51837: 0.000135036
51838: 0.000135033
51839: 0.000135031
51840: 0.000135028
51841: 0.000135026
51842: 0.000135023
51843: 0.00013502
51844: 0.000135018
51845: 0.000135015
51846: 0.000135013
51847: 0.00013501
51848: 0.000135007
51849: 0.000135005
51850: 0.000135002
51851: 0.000135
51852: 0.000134997
51853: 0.000134994
51854: 0.000134992
51855: 0.000134989
51856: 0.000134987
51857: 0.000134984
51858: 0.000134981
51859: 0.000134979
51860: 0.000134976
51861: 0.000134974
51862: 0.000134971
51863: 0.000134968
51864: 0.000134966
51865: 0.000134963
51866: 0.000134961
51867: 0.000134958
51868: 0.000134955
51869: 0.000134953
51870: 0.00013495
51871: 0.000134948
51872: 0.000134945
51873: 0.000134942
51874: 0.00013494
51875: 0.000134937
51876: 0.000134935
51877: 0.000134932
51878: 0.000134929
51879: 0.000134927
51880: 0.000134924
51881: 0.000134922
51882: 0.000134919
51883: 0.000134916
51884: 0.000134914
51885: 0.000134911
51886: 0.000134909
51887: 0.000134906
51888: 0.000134903
51889: 0.000134901
51890: 0.000134898
51891: 0.000134896
51892: 0.000134893
51893: 0.00013489
51894: 0.000134888
51895: 0.000134885
51896: 0.000134883
51897: 0.00013488
51898: 0.000134877
51899: 0.000134875
51900: 0.000134872
51901: 0.00013487
51902: 0.000134867
51903: 0.000134864
51904: 0.000134862
51905: 0.000134859
51906: 0.000134857
51907: 0.000134854
51908: 0.000134851
51909: 0.000134849
51910: 0.000134846
51911: 0.000134844
51912: 0.000134841
51913: 0.000134838
51914: 0.000134836
51915: 0.000134833
51916: 0.000134831
51917: 0.000134828
51918: 0.000134825
51919: 0.000134823
51920: 0.00013482
51921: 0.000134818
51922: 0.000134815
51923: 0.000134812
51924: 0.00013481
51925: 0.000134807
51926: 0.000134805
51927: 0.000134802
51928: 0.000134799
51929: 0.000134797
51930: 0.000134794
51931: 0.000134792
51932: 0.000134789
51933: 0.000134786
51934: 0.000134784
51935: 0.000134781
51936: 0.000134779
51937: 0.000134776
51938: 0.000134773
51939: 0.000134771
51940: 0.000134768
51941: 0.000134766
51942: 0.000134763
51943: 0.000134761
51944: 0.000134758
51945: 0.000134755
51946: 0.000134753
51947: 0.00013475
51948: 0.000134748
51949: 0.000134745
51950: 0.000134742
51951: 0.00013474
51952: 0.000134737
51953: 0.000134735
51954: 0.000134732
51955: 0.000134729
51956: 0.000134727
51957: 0.000134724
51958: 0.000134722
51959: 0.000134719
51960: 0.000134716
51961: 0.000134714
51962: 0.000134711
51963: 0.000134709
51964: 0.000134706
51965: 0.000134703
51966: 0.000134701
51967: 0.000134698
51968: 0.000134696
51969: 0.000134693
51970: 0.000134691
51971: 0.000134688
51972: 0.000134685
51973: 0.000134683
51974: 0.00013468
51975: 0.000134678
51976: 0.000134675
51977: 0.000134672
51978: 0.00013467
51979: 0.000134667
51980: 0.000134665
51981: 0.000134662
51982: 0.000134659
51983: 0.000134657
51984: 0.000134654
51985: 0.000134652
51986: 0.000134649
51987: 0.000134646
51988: 0.000134644
51989: 0.000134641
51990: 0.000134639
51991: 0.000134636
51992: 0.000134634
51993: 0.000134631
51994: 0.000134628
51995: 0.000134626
51996: 0.000134623
51997: 0.000134621
51998: 0.000134618
51999: 0.000134615
52000: 0.000134613
52001: 0.00013461
52002: 0.000134608
52003: 0.000134605
52004: 0.000134602
52005: 0.0001346
52006: 0.000134597
52007: 0.000134595
52008: 0.000134592
52009: 0.00013459
52010: 0.000134587
52011: 0.000134584
52012: 0.000134582
52013: 0.000134579
52014: 0.000134577
52015: 0.000134574
52016: 0.000134571
52017: 0.000134569
52018: 0.000134566
52019: 0.000134564
52020: 0.000134561
52021: 0.000134558
52022: 0.000134556
52023: 0.000134553
52024: 0.000134551
52025: 0.000134548
52026: 0.000134546
52027: 0.000134543
52028: 0.00013454
52029: 0.000134538
52030: 0.000134535
52031: 0.000134533
52032: 0.00013453
52033: 0.000134527
52034: 0.000134525
52035: 0.000134522
52036: 0.00013452
52037: 0.000134517
52038: 0.000134514
52039: 0.000134512
52040: 0.000134509
52041: 0.000134507
52042: 0.000134504
52043: 0.000134502
52044: 0.000134499
52045: 0.000134496
52046: 0.000134494
52047: 0.000134491
52048: 0.000134489
52049: 0.000134486
52050: 0.000134483
52051: 0.000134481
52052: 0.000134478
52053: 0.000134476
52054: 0.000134473
52055: 0.000134471
52056: 0.000134468
52057: 0.000134465
52058: 0.000134463
52059: 0.00013446
52060: 0.000134458
52061: 0.000134455
52062: 0.000134452
52063: 0.00013445
52064: 0.000134447
52065: 0.000134445
52066: 0.000134442
52067: 0.00013444
52068: 0.000134437
52069: 0.000134434
52070: 0.000134432
52071: 0.000134429
52072: 0.000134427
52073: 0.000134424
52074: 0.000134422
52075: 0.000134419
52076: 0.000134416
52077: 0.000134414
52078: 0.000134411
52079: 0.000134409
52080: 0.000134406
52081: 0.000134403
52082: 0.000134401
52083: 0.000134398
52084: 0.000134396
52085: 0.000134393
52086: 0.000134391
52087: 0.000134388
52088: 0.000134385
52089: 0.000134383
52090: 0.00013438
52091: 0.000134378
52092: 0.000134375
52093: 0.000134372
52094: 0.00013437
52095: 0.000134367
52096: 0.000134365
52097: 0.000134362
52098: 0.00013436
52099: 0.000134357
52100: 0.000134354
52101: 0.000134352
52102: 0.000134349
52103: 0.000134347
52104: 0.000134344
52105: 0.000134342
52106: 0.000134339
52107: 0.000134336
52108: 0.000134334
52109: 0.000134331
52110: 0.000134329
52111: 0.000134326
52112: 0.000134323
52113: 0.000134321
52114: 0.000134318
52115: 0.000134316
52116: 0.000134313
52117: 0.000134311
52118: 0.000134308
52119: 0.000134305
52120: 0.000134303
52121: 0.0001343
52122: 0.000134298
52123: 0.000134295
52124: 0.000134293
52125: 0.00013429
52126: 0.000134287
52127: 0.000134285
52128: 0.000134282
52129: 0.00013428
52130: 0.000134277
52131: 0.000134275
52132: 0.000134272
52133: 0.000134269
52134: 0.000134267
52135: 0.000134264
52136: 0.000134262
52137: 0.000134259
52138: 0.000134257
52139: 0.000134254
52140: 0.000134251
52141: 0.000134249
52142: 0.000134246
52143: 0.000134244
52144: 0.000134241
52145: 0.000134238
52146: 0.000134236
52147: 0.000134233
52148: 0.000134231
52149: 0.000134228
52150: 0.000134226
52151: 0.000134223
52152: 0.00013422
52153: 0.000134218
52154: 0.000134215
52155: 0.000134213
52156: 0.00013421
52157: 0.000134208
52158: 0.000134205
52159: 0.000134202
52160: 0.0001342
52161: 0.000134197
52162: 0.000134195
52163: 0.000134192
52164: 0.00013419
52165: 0.000134187
52166: 0.000134184
52167: 0.000134182
52168: 0.000134179
52169: 0.000134177
52170: 0.000134174
52171: 0.000134172
52172: 0.000134169
52173: 0.000134166
52174: 0.000134164
52175: 0.000134161
52176: 0.000134159
52177: 0.000134156
52178: 0.000134154
52179: 0.000134151
52180: 0.000134148
52181: 0.000134146
52182: 0.000134143
52183: 0.000134141
52184: 0.000134138
52185: 0.000134136
52186: 0.000134133
52187: 0.00013413
52188: 0.000134128
52189: 0.000134125
52190: 0.000134123
52191: 0.00013412
52192: 0.000134118
52193: 0.000134115
52194: 0.000134112
52195: 0.00013411
52196: 0.000134107
52197: 0.000134105
52198: 0.000134102
52199: 0.0001341
52200: 0.000134097
52201: 0.000134094
52202: 0.000134092
52203: 0.000134089
52204: 0.000134087
52205: 0.000134084
52206: 0.000134082
52207: 0.000134079
52208: 0.000134077
52209: 0.000134074
52210: 0.000134071
52211: 0.000134069
52212: 0.000134066
52213: 0.000134064
52214: 0.000134061
52215: 0.000134059
52216: 0.000134056
52217: 0.000134053
52218: 0.000134051
52219: 0.000134048
52220: 0.000134046
52221: 0.000134043
52222: 0.000134041
52223: 0.000134038
52224: 0.000134035
52225: 0.000134033
52226: 0.00013403
52227: 0.000134028
52228: 0.000134025
52229: 0.000134023
52230: 0.00013402
52231: 0.000134017
52232: 0.000134015
52233: 0.000134012
52234: 0.00013401
52235: 0.000134007
52236: 0.000134005
52237: 0.000134002
52238: 0.000134
52239: 0.000133997
52240: 0.000133994
52241: 0.000133992
52242: 0.000133989
52243: 0.000133987
52244: 0.000133984
52245: 0.000133982
52246: 0.000133979
52247: 0.000133976
52248: 0.000133974
52249: 0.000133971
52250: 0.000133969
52251: 0.000133966
52252: 0.000133964
52253: 0.000133961
52254: 0.000133958
52255: 0.000133956
52256: 0.000133953
52257: 0.000133951
52258: 0.000133948
52259: 0.000133946
52260: 0.000133943
52261: 0.000133941
52262: 0.000133938
52263: 0.000133935
52264: 0.000133933
52265: 0.00013393
52266: 0.000133928
52267: 0.000133925
52268: 0.000133923
52269: 0.00013392
52270: 0.000133917
52271: 0.000133915
52272: 0.000133912
52273: 0.00013391
52274: 0.000133907
52275: 0.000133905
52276: 0.000133902
52277: 0.0001339
52278: 0.000133897
52279: 0.000133894
52280: 0.000133892
52281: 0.000133889
52282: 0.000133887
52283: 0.000133884
52284: 0.000133882
52285: 0.000133879
52286: 0.000133876
52287: 0.000133874
52288: 0.000133871
52289: 0.000133869
52290: 0.000133866
52291: 0.000133864
52292: 0.000133861
52293: 0.000133859
52294: 0.000133856
52295: 0.000133853
52296: 0.000133851
52297: 0.000133848
52298: 0.000133846
52299: 0.000133843
52300: 0.000133841
52301: 0.000133838
52302: 0.000133836
52303: 0.000133833
52304: 0.00013383
52305: 0.000133828
52306: 0.000133825
52307: 0.000133823
52308: 0.00013382
52309: 0.000133818
52310: 0.000133815
52311: 0.000133813
52312: 0.00013381
52313: 0.000133807
52314: 0.000133805
52315: 0.000133802
52316: 0.0001338
52317: 0.000133797
52318: 0.000133795
52319: 0.000133792
52320: 0.000133789
52321: 0.000133787
52322: 0.000133784
52323: 0.000133782
52324: 0.000133779
52325: 0.000133777
52326: 0.000133774
52327: 0.000133772
52328: 0.000133769
52329: 0.000133766
52330: 0.000133764
52331: 0.000133761
52332: 0.000133759
52333: 0.000133756
52334: 0.000133754
52335: 0.000133751
52336: 0.000133749
52337: 0.000133746
52338: 0.000133743
52339: 0.000133741
52340: 0.000133738
52341: 0.000133736
52342: 0.000133733
52343: 0.000133731
52344: 0.000133728
52345: 0.000133726
52346: 0.000133723
52347: 0.00013372
52348: 0.000133718
52349: 0.000133715
52350: 0.000133713
52351: 0.00013371
52352: 0.000133708
52353: 0.000133705
52354: 0.000133703
52355: 0.0001337
52356: 0.000133697
52357: 0.000133695
52358: 0.000133692
52359: 0.00013369
52360: 0.000133687
52361: 0.000133685
52362: 0.000133682
52363: 0.00013368
52364: 0.000133677
52365: 0.000133675
52366: 0.000133672
52367: 0.000133669
52368: 0.000133667
52369: 0.000133664
52370: 0.000133662
52371: 0.000133659
52372: 0.000133657
52373: 0.000133654
52374: 0.000133652
52375: 0.000133649
52376: 0.000133646
52377: 0.000133644
52378: 0.000133641
52379: 0.000133639
52380: 0.000133636
52381: 0.000133634
52382: 0.000133631
52383: 0.000133629
52384: 0.000133626
52385: 0.000133623
52386: 0.000133621
52387: 0.000133618
52388: 0.000133616
52389: 0.000133613
52390: 0.000133611
52391: 0.000133608
52392: 0.000133606
52393: 0.000133603
52394: 0.000133601
52395: 0.000133598
52396: 0.000133595
52397: 0.000133593
52398: 0.00013359
52399: 0.000133588
52400: 0.000133585
52401: 0.000133583
52402: 0.00013358
52403: 0.000133578
52404: 0.000133575
52405: 0.000133572
52406: 0.00013357
52407: 0.000133567
52408: 0.000133565
52409: 0.000133562
52410: 0.00013356
52411: 0.000133557
52412: 0.000133555
52413: 0.000133552
52414: 0.00013355
52415: 0.000133547
52416: 0.000133544
52417: 0.000133542
52418: 0.000133539
52419: 0.000133537
52420: 0.000133534
52421: 0.000133532
52422: 0.000133529
52423: 0.000133527
52424: 0.000133524
52425: 0.000133522
52426: 0.000133519
52427: 0.000133516
52428: 0.000133514
52429: 0.000133511
52430: 0.000133509
52431: 0.000133506
52432: 0.000133504
52433: 0.000133501
52434: 0.000133499
52435: 0.000133496
52436: 0.000133494
52437: 0.000133491
52438: 0.000133488
52439: 0.000133486
52440: 0.000133483
52441: 0.000133481
52442: 0.000133478
52443: 0.000133476
52444: 0.000133473
52445: 0.000133471
52446: 0.000133468
52447: 0.000133466
52448: 0.000133463
52449: 0.00013346
52450: 0.000133458
52451: 0.000133455
52452: 0.000133453
52453: 0.00013345
52454: 0.000133448
52455: 0.000133445
52456: 0.000133443
52457: 0.00013344
52458: 0.000133438
52459: 0.000133435
52460: 0.000133432
52461: 0.00013343
52462: 0.000133427
52463: 0.000133425
52464: 0.000133422
52465: 0.00013342
52466: 0.000133417
52467: 0.000133415
52468: 0.000133412
52469: 0.00013341
52470: 0.000133407
52471: 0.000133404
52472: 0.000133402
52473: 0.000133399
52474: 0.000133397
52475: 0.000133394
52476: 0.000133392
52477: 0.000133389
52478: 0.000133387
52479: 0.000133384
52480: 0.000133382
52481: 0.000133379
52482: 0.000133377
52483: 0.000133374
52484: 0.000133371
52485: 0.000133369
52486: 0.000133366
52487: 0.000133364
52488: 0.000133361
52489: 0.000133359
52490: 0.000133356
52491: 0.000133354
52492: 0.000133351
52493: 0.000133349
52494: 0.000133346
52495: 0.000133343
52496: 0.000133341
52497: 0.000133338
52498: 0.000133336
52499: 0.000133333
52500: 0.000133331
52501: 0.000133328
52502: 0.000133326
52503: 0.000133323
52504: 0.000133321
52505: 0.000133318
52506: 0.000133316
52507: 0.000133313
52508: 0.00013331
52509: 0.000133308
52510: 0.000133305
52511: 0.000133303
52512: 0.0001333
52513: 0.000133298
52514: 0.000133295
52515: 0.000133293
52516: 0.00013329
52517: 0.000133288
52518: 0.000133285
52519: 0.000133283
52520: 0.00013328
52521: 0.000133277
52522: 0.000133275
52523: 0.000133272
52524: 0.00013327
52525: 0.000133267
52526: 0.000133265
52527: 0.000133262
52528: 0.00013326
52529: 0.000133257
52530: 0.000133255
52531: 0.000133252
52532: 0.00013325
52533: 0.000133247
52534: 0.000133245
52535: 0.000133242
52536: 0.000133239
52537: 0.000133237
52538: 0.000133234
52539: 0.000133232
52540: 0.000133229
52541: 0.000133227
52542: 0.000133224
52543: 0.000133222
52544: 0.000133219
52545: 0.000133217
52546: 0.000133214
52547: 0.000133212
52548: 0.000133209
52549: 0.000133206
52550: 0.000133204
52551: 0.000133201
52552: 0.000133199
52553: 0.000133196
52554: 0.000133194
52555: 0.000133191
52556: 0.000133189
52557: 0.000133186
52558: 0.000133184
52559: 0.000133181
52560: 0.000133179
52561: 0.000133176
52562: 0.000133174
52563: 0.000133171
52564: 0.000133168
52565: 0.000133166
52566: 0.000133163
52567: 0.000133161
52568: 0.000133158
52569: 0.000133156
52570: 0.000133153
52571: 0.000133151
52572: 0.000133148
52573: 0.000133146
52574: 0.000133143
52575: 0.000133141
52576: 0.000133138
52577: 0.000133136
52578: 0.000133133
52579: 0.00013313
52580: 0.000133128
52581: 0.000133125
52582: 0.000133123
52583: 0.00013312
52584: 0.000133118
52585: 0.000133115
52586: 0.000133113
52587: 0.00013311
52588: 0.000133108
52589: 0.000133105
52590: 0.000133103
52591: 0.0001331
52592: 0.000133098
52593: 0.000133095
52594: 0.000133092
52595: 0.00013309
52596: 0.000133087
52597: 0.000133085
52598: 0.000133082
52599: 0.00013308
52600: 0.000133077
52601: 0.000133075
52602: 0.000133072
52603: 0.00013307
52604: 0.000133067
52605: 0.000133065
52606: 0.000133062
52607: 0.00013306
52608: 0.000133057
52609: 0.000133055
52610: 0.000133052
52611: 0.000133049
52612: 0.000133047
52613: 0.000133044
52614: 0.000133042
52615: 0.000133039
52616: 0.000133037
52617: 0.000133034
52618: 0.000133032
52619: 0.000133029
52620: 0.000133027
52621: 0.000133024
52622: 0.000133022
52623: 0.000133019
52624: 0.000133017
52625: 0.000133014
52626: 0.000133012
52627: 0.000133009
52628: 0.000133007
52629: 0.000133004
52630: 0.000133001
52631: 0.000132999
52632: 0.000132996
52633: 0.000132994
52634: 0.000132991
52635: 0.000132989
52636: 0.000132986
52637: 0.000132984
52638: 0.000132981
52639: 0.000132979
52640: 0.000132976
52641: 0.000132974
52642: 0.000132971
52643: 0.000132969
52644: 0.000132966
52645: 0.000132964
52646: 0.000132961
52647: 0.000132959
52648: 0.000132956
52649: 0.000132953
52650: 0.000132951
52651: 0.000132948
52652: 0.000132946
52653: 0.000132943
52654: 0.000132941
52655: 0.000132938
52656: 0.000132936
52657: 0.000132933
52658: 0.000132931
52659: 0.000132928
52660: 0.000132926
52661: 0.000132923
52662: 0.000132921
52663: 0.000132918
52664: 0.000132916
52665: 0.000132913
52666: 0.000132911
52667: 0.000132908
52668: 0.000132906
52669: 0.000132903
52670: 0.0001329
52671: 0.000132898
52672: 0.000132895
52673: 0.000132893
52674: 0.00013289
52675: 0.000132888
52676: 0.000132885
52677: 0.000132883
52678: 0.00013288
52679: 0.000132878
52680: 0.000132875
52681: 0.000132873
52682: 0.00013287
52683: 0.000132868
52684: 0.000132865
52685: 0.000132863
52686: 0.00013286
52687: 0.000132858
52688: 0.000132855
52689: 0.000132853
52690: 0.00013285
52691: 0.000132847
52692: 0.000132845
52693: 0.000132842
52694: 0.00013284
52695: 0.000132837
52696: 0.000132835
52697: 0.000132832
52698: 0.00013283
52699: 0.000132827
52700: 0.000132825
52701: 0.000132822
52702: 0.00013282
52703: 0.000132817
52704: 0.000132815
52705: 0.000132812
52706: 0.00013281
52707: 0.000132807
52708: 0.000132805
52709: 0.000132802
52710: 0.0001328
52711: 0.000132797
52712: 0.000132795
52713: 0.000132792
52714: 0.00013279
52715: 0.000132787
52716: 0.000132784
52717: 0.000132782
52718: 0.000132779
52719: 0.000132777
52720: 0.000132774
52721: 0.000132772
52722: 0.000132769
52723: 0.000132767
52724: 0.000132764
52725: 0.000132762
52726: 0.000132759
52727: 0.000132757
52728: 0.000132754
52729: 0.000132752
52730: 0.000132749
52731: 0.000132747
52732: 0.000132744
52733: 0.000132742
52734: 0.000132739
52735: 0.000132737
52736: 0.000132734
52737: 0.000132732
52738: 0.000132729
52739: 0.000132727
52740: 0.000132724
52741: 0.000132722
52742: 0.000132719
52743: 0.000132717
52744: 0.000132714
52745: 0.000132711
52746: 0.000132709
52747: 0.000132706
52748: 0.000132704
52749: 0.000132701
52750: 0.000132699
52751: 0.000132696
52752: 0.000132694
52753: 0.000132691
52754: 0.000132689
52755: 0.000132686
52756: 0.000132684
52757: 0.000132681
52758: 0.000132679
52759: 0.000132676
52760: 0.000132674
52761: 0.000132671
52762: 0.000132669
52763: 0.000132666
52764: 0.000132664
52765: 0.000132661
52766: 0.000132659
52767: 0.000132656
52768: 0.000132654
52769: 0.000132651
52770: 0.000132649
52771: 0.000132646
52772: 0.000132644
52773: 0.000132641
52774: 0.000132639
52775: 0.000132636
52776: 0.000132634
52777: 0.000132631
52778: 0.000132629
52779: 0.000132626
52780: 0.000132623
52781: 0.000132621
52782: 0.000132618
52783: 0.000132616
52784: 0.000132613
52785: 0.000132611
52786: 0.000132608
52787: 0.000132606
52788: 0.000132603
52789: 0.000132601
52790: 0.000132598
52791: 0.000132596
52792: 0.000132593
52793: 0.000132591
52794: 0.000132588
52795: 0.000132586
52796: 0.000132583
52797: 0.000132581
52798: 0.000132578
52799: 0.000132576
52800: 0.000132573
52801: 0.000132571
52802: 0.000132568
52803: 0.000132566
52804: 0.000132563
52805: 0.000132561
52806: 0.000132558
52807: 0.000132556
52808: 0.000132553
52809: 0.000132551
52810: 0.000132548
52811: 0.000132546
52812: 0.000132543
52813: 0.000132541
52814: 0.000132538
52815: 0.000132536
52816: 0.000132533
52817: 0.000132531
52818: 0.000132528
52819: 0.000132526
52820: 0.000132523
52821: 0.000132521
52822: 0.000132518
52823: 0.000132516
52824: 0.000132513
52825: 0.000132511
52826: 0.000132508
52827: 0.000132505
52828: 0.000132503
52829: 0.0001325
52830: 0.000132498
52831: 0.000132495
52832: 0.000132493
52833: 0.00013249
52834: 0.000132488
52835: 0.000132485
52836: 0.000132483
52837: 0.00013248
52838: 0.000132478
52839: 0.000132475
52840: 0.000132473
52841: 0.00013247
52842: 0.000132468
52843: 0.000132465
52844: 0.000132463
52845: 0.00013246
52846: 0.000132458
52847: 0.000132455
52848: 0.000132453
52849: 0.00013245
52850: 0.000132448
52851: 0.000132445
52852: 0.000132443
52853: 0.00013244
52854: 0.000132438
52855: 0.000132435
52856: 0.000132433
52857: 0.00013243
52858: 0.000132428
52859: 0.000132425
52860: 0.000132423
52861: 0.00013242
52862: 0.000132418
52863: 0.000132415
52864: 0.000132413
52865: 0.00013241
52866: 0.000132408
52867: 0.000132405
52868: 0.000132403
52869: 0.0001324
52870: 0.000132398
52871: 0.000132395
52872: 0.000132393
52873: 0.00013239
52874: 0.000132388
52875: 0.000132385
52876: 0.000151295
52877: 0.000151292
52878: 0.000151289
52879: 0.000151286
52880: 0.000151283
52881: 0.00015128
52882: 0.000151277
52883: 0.000151274
52884: 0.000151272
52885: 0.000151269
52886: 0.000151266
52887: 0.000151263
52888: 0.00015126
52889: 0.000151257
52890: 0.000151254
52891: 0.000151252
52892: 0.000151249
52893: 0.000151246
52894: 0.000151243
52895: 0.00015124
52896: 0.000151237
52897: 0.000151234
52898: 0.000151232
52899: 0.000151229
52900: 0.000151226
52901: 0.000151223
52902: 0.00015122
52903: 0.000151217
52904: 0.000151214
52905: 0.000151212
52906: 0.000151209
52907: 0.000151206
52908: 0.000151203
52909: 0.0001512
52910: 0.000151197
52911: 0.000151194
52912: 0.000151192
52913: 0.000151189
52914: 0.000151186
52915: 0.000151183
52916: 0.00015118
52917: 0.000151177
52918: 0.000151174
52919: 0.000151172
52920: 0.000151169
52921: 0.000151166
52922: 0.000151163
52923: 0.00015116
52924: 0.000151157
52925: 0.000151154
52926: 0.000151152
52927: 0.000151149
52928: 0.000151146
52929: 0.000151143
52930: 0.00015114
52931: 0.000151137
52932: 0.000151134
52933: 0.000151132
52934: 0.000151129
52935: 0.000151126
52936: 0.000151123
52937: 0.00015112
52938: 0.000151117
52939: 0.000151114
52940: 0.000151112
52941: 0.000151109
52942: 0.000151106
52943: 0.000151103
52944: 0.0001511
52945: 0.000151097
52946: 0.000151094
52947: 0.000151092
52948: 0.000151089
52949: 0.000151086
52950: 0.000151083
52951: 0.00015108
52952: 0.000151077
52953: 0.000151075
52954: 0.000151072
52955: 0.000151069
52956: 0.000151066
52957: 0.000151063
52958: 0.00015106
52959: 0.000151057
52960: 0.000151055
52961: 0.000151052
52962: 0.000151049
52963: 0.000151046
52964: 0.000151043
52965: 0.00015104
52966: 0.000151037
52967: 0.000151035
52968: 0.000151032
52969: 0.000151029
52970: 0.000151026
52971: 0.000151023
52972: 0.00015102
52973: 0.000151017
52974: 0.000151015
52975: 0.000151012
52976: 0.000151009
52977: 0.000151006
52978: 0.000151003
52979: 0.000151
52980: 0.000150998
52981: 0.000150995
52982: 0.000150992
52983: 0.000150989
52984: 0.000150986
52985: 0.000150983
52986: 0.00015098
52987: 0.000150978
52988: 0.000150975
52989: 0.000150972
52990: 0.000150969
52991: 0.000150966
52992: 0.000150963
52993: 0.00015096
52994: 0.000150958
52995: 0.000150955
52996: 0.000150952
52997: 0.000150949
52998: 0.000150946
52999: 0.000150943
53000: 0.000150941
53001: 0.000150938
53002: 0.000150935
53003: 0.000150932
53004: 0.000150929
53005: 0.000150926
53006: 0.000150923
53007: 0.000150921
53008: 0.000150918
53009: 0.000150915
53010: 0.000150912
53011: 0.000150909
53012: 0.000150906
53013: 0.000150904
53014: 0.000150901
53015: 0.000150898
53016: 0.000150895
53017: 0.000150892
53018: 0.000150889
53019: 0.000150886
53020: 0.000150884
53021: 0.000150881
53022: 0.000150878
53023: 0.000150875
53024: 0.000150872
53025: 0.000150869
53026: 0.000150867
53027: 0.000150864
53028: 0.000150861
53029: 0.000150858
53030: 0.000150855
53031: 0.000150852
53032: 0.000150849
53033: 0.000150847
53034: 0.000150844
53035: 0.000150841
53036: 0.000150838
53037: 0.000150835
53038: 0.000150832
53039: 0.00015083
53040: 0.000150827
53041: 0.000150824
53042: 0.000150821
53043: 0.000150818
53044: 0.000150815
53045: 0.000150813
53046: 0.00015081
53047: 0.000150807
53048: 0.000150804
53049: 0.000150801
53050: 0.000150798
53051: 0.000150795
53052: 0.000150793
53053: 0.00015079
53054: 0.000150787
53055: 0.000150784
53056: 0.000150781
53057: 0.000150778
53058: 0.000150776
53059: 0.000150773
53060: 0.00015077
53061: 0.000150767
53062: 0.000150764
53063: 0.000150761
53064: 0.000150759
53065: 0.000150756
53066: 0.000150753
53067: 0.00015075
53068: 0.000150747
53069: 0.000150744
53070: 0.000150741
53071: 0.000150739
53072: 0.000150736
53073: 0.000150733
53074: 0.00015073
53075: 0.000150727
53076: 0.000150724
53077: 0.000150722
53078: 0.000150719
53079: 0.000150716
53080: 0.000150713
53081: 0.00015071
53082: 0.000150707
53083: 0.000150705
53084: 0.000150702
53085: 0.000150699
53086: 0.000150696
53087: 0.000150693
53088: 0.00015069
53089: 0.000150688
53090: 0.000150685
53091: 0.000150682
53092: 0.000150679
53093: 0.000150676
53094: 0.000150673
53095: 0.00015067
53096: 0.000150668
53097: 0.000150665
53098: 0.000150662
53099: 0.000150659
53100: 0.000150656
53101: 0.000150653
53102: 0.000150651
53103: 0.000150648
53104: 0.000150645
53105: 0.000150642
53106: 0.000150639
53107: 0.000150636
53108: 0.000150634
53109: 0.000150631
53110: 0.000150628
53111: 0.000150625
53112: 0.000150622
53113: 0.000150619
53114: 0.000150617
53115: 0.000150614
53116: 0.000150611
53117: 0.000150608
53118: 0.000150605
53119: 0.000150602
53120: 0.0001506
53121: 0.000150597
53122: 0.000150594
53123: 0.000150591
53124: 0.000150588
53125: 0.000150585
53126: 0.000150583
53127: 0.00015058
53128: 0.000150577
53129: 0.000150574
53130: 0.000150571
53131: 0.000150568
53132: 0.000150566
53133: 0.000150563
53134: 0.00015056
53135: 0.000150557
53136: 0.000150554
53137: 0.000150551
53138: 0.000150549
53139: 0.000150546
53140: 0.000150543
53141: 0.00015054
53142: 0.000150537
53143: 0.000150534
53144: 0.000150532
53145: 0.000150529
53146: 0.000150526
53147: 0.000150523
53148: 0.00015052
53149: 0.000150517
53150: 0.000150515
53151: 0.000150512
53152: 0.000150509
53153: 0.000150506
53154: 0.000150503
53155: 0.0001505
53156: 0.000150498
53157: 0.000150495
53158: 0.000150492
53159: 0.000150489
53160: 0.000150486
53161: 0.000150483
53162: 0.000150481
53163: 0.000150478
53164: 0.000150475
53165: 0.000150472
53166: 0.000150469
53167: 0.000150466
53168: 0.000150464
53169: 0.000150461
53170: 0.000150458
53171: 0.000150455
53172: 0.000150452
53173: 0.000150449
53174: 0.000150447
53175: 0.000150444
53176: 0.000150441
53177: 0.000150438
53178: 0.000150435
53179: 0.000150432
53180: 0.00015043
53181: 0.000150427
53182: 0.000150424
53183: 0.000150421
53184: 0.000150418
53185: 0.000150416
53186: 0.000150413
53187: 0.00015041
53188: 0.000150407
53189: 0.000150404
53190: 0.000150401
53191: 0.000150399
53192: 0.000150396
53193: 0.000150393
53194: 0.00015039
53195: 0.000150387
53196: 0.000150384
53197: 0.000150382
53198: 0.000150379
53199: 0.000150376
53200: 0.000150373
53201: 0.00015037
53202: 0.000150367
53203: 0.000150365
53204: 0.000150362
53205: 0.000150359
53206: 0.000150356
53207: 0.000150353
53208: 0.000150351
53209: 0.000150348
53210: 0.000150345
53211: 0.000150342
53212: 0.000150339
53213: 0.000150336
53214: 0.000150334
53215: 0.000150331
53216: 0.000150328
53217: 0.000150325
53218: 0.000150322
53219: 0.000150319
53220: 0.000150317
53221: 0.000150314
53222: 0.000150311
53223: 0.000150308
53224: 0.000150305
53225: 0.000150302
53226: 0.0001503
53227: 0.000150297
53228: 0.000150294
53229: 0.000150291
53230: 0.000150288
53231: 0.000150286
53232: 0.000150283
53233: 0.00015028
53234: 0.000150277
53235: 0.000150274
53236: 0.000150271
53237: 0.000150269
53238: 0.000150266
53239: 0.000150263
53240: 0.00015026
53241: 0.000150257
53242: 0.000150254
53243: 0.000150252
53244: 0.000150249
53245: 0.000150246
53246: 0.000150243
53247: 0.00015024
53248: 0.000150238
53249: 0.000150235
53250: 0.000150232
53251: 0.000150229
53252: 0.000150226
53253: 0.000150223
53254: 0.000150221
53255: 0.000150218
53256: 0.000150215
53257: 0.000150212
53258: 0.000150209
53259: 0.000150207
53260: 0.000150204
53261: 0.000150201
53262: 0.000150198
53263: 0.000150195
53264: 0.000150192
53265: 0.00015019
53266: 0.000150187
53267: 0.000150184
53268: 0.000150181
53269: 0.000150178
53270: 0.000150176
53271: 0.000150173
53272: 0.00015017
53273: 0.000150167
53274: 0.000150164
53275: 0.000150161
53276: 0.000150159
53277: 0.000150156
53278: 0.000150153
53279: 0.00015015
53280: 0.000150147
53281: 0.000150145
53282: 0.000150142
53283: 0.000150139
53284: 0.000150136
53285: 0.000150133
53286: 0.00015013
53287: 0.000150128
53288: 0.000150125
53289: 0.000150122
53290: 0.000150119
53291: 0.000150116
53292: 0.000150114
53293: 0.000150111
53294: 0.000150108
53295: 0.000150105
53296: 0.000150102
53297: 0.000150099
53298: 0.000150097
53299: 0.000150094
53300: 0.000150091
53301: 0.000150088
53302: 0.000150085
53303: 0.000150083
53304: 0.00015008
53305: 0.000150077
53306: 0.000150074
53307: 0.000150071
53308: 0.000150068
53309: 0.000150066
53310: 0.000150063
53311: 0.00015006
53312: 0.000150057
53313: 0.000150054
53314: 0.000150052
53315: 0.000150049
53316: 0.000150046
53317: 0.000150043
53318: 0.00015004
53319: 0.000150038
53320: 0.000150035
53321: 0.000150032
53322: 0.000150029
53323: 0.000150026
53324: 0.000150023
53325: 0.000150021
53326: 0.000150018
53327: 0.000150015
53328: 0.000150012
53329: 0.000150009
53330: 0.000150007
53331: 0.000150004
53332: 0.000150001
53333: 0.000149998
53334: 0.000149995
53335: 0.000149993
53336: 0.00014999
53337: 0.000149987
53338: 0.000149984
53339: 0.000149981
53340: 0.000149978
53341: 0.000149976
53342: 0.000149973
53343: 0.00014997
53344: 0.000149967
53345: 0.000149964
53346: 0.000149962
53347: 0.000149959
53348: 0.000149956
53349: 0.000149953
53350: 0.00014995
53351: 0.000149948
53352: 0.000149945
53353: 0.000149942
53354: 0.000149939
53355: 0.000149936
53356: 0.000149933
53357: 0.000149931
53358: 0.000149928
53359: 0.000149925
53360: 0.000149922
53361: 0.000149919
53362: 0.000149917
53363: 0.000149914
53364: 0.000149911
53365: 0.000149908
53366: 0.000149905
53367: 0.000149903
53368: 0.0001499
53369: 0.000149897
53370: 0.000149894
53371: 0.000149891
53372: 0.000149889
53373: 0.000149886
53374: 0.000149883
53375: 0.00014988
53376: 0.000149877
53377: 0.000149874
53378: 0.000149872
53379: 0.000149869
53380: 0.000149866
53381: 0.000149863
53382: 0.00014986
53383: 0.000149858
53384: 0.000149855
53385: 0.000149852
53386: 0.000149849
53387: 0.000149846
53388: 0.000149844
53389: 0.000149841
53390: 0.000149838
53391: 0.000149835
53392: 0.000149832
53393: 0.00014983
53394: 0.000149827
53395: 0.000149824
53396: 0.000149821
53397: 0.000149818
53398: 0.000149816
53399: 0.000149813
53400: 0.00014981
53401: 0.000149807
53402: 0.000149804
53403: 0.000149802
53404: 0.000149799
53405: 0.000149796
53406: 0.000149793
53407: 0.000168514
53408: 0.000168511
53409: 0.000168508
53410: 0.000168505
53411: 0.000168501
53412: 0.000168498
53413: 0.000168495
53414: 0.000168492
53415: 0.000168489
53416: 0.000168486
53417: 0.000168483
53418: 0.000168479
53419: 0.000168476
53420: 0.000168473
53421: 0.00016847
53422: 0.000168467
53423: 0.000168464
53424: 0.00016846
53425: 0.000168457
53426: 0.000168454
53427: 0.000168451
53428: 0.000168448
53429: 0.000168445
53430: 0.000168442
53431: 0.000168438
53432: 0.000168435
53433: 0.000168432
53434: 0.000168429
53435: 0.000168426
53436: 0.000168423
53437: 0.000168419
53438: 0.000168416
53439: 0.000168413
53440: 0.00016841
53441: 0.000168407
53442: 0.000168404
53443: 0.000168401
53444: 0.000168397
53445: 0.000168394
53446: 0.000168391
53447: 0.000168388
53448: 0.000168385
53449: 0.000168382
53450: 0.000168379
53451: 0.000168375
53452: 0.000168372
53453: 0.000168369
53454: 0.000168366
53455: 0.000168363
53456: 0.00016836
53457: 0.000168356
53458: 0.000168353
53459: 0.00016835
53460: 0.000168347
53461: 0.000168344
53462: 0.000168341
53463: 0.000168338
53464: 0.000168334
53465: 0.000168331
53466: 0.000168328
53467: 0.000168325
53468: 0.000168322
53469: 0.000168319
53470: 0.000168316
53471: 0.000168312
53472: 0.000168309
53473: 0.000168306
53474: 0.000168303
53475: 0.0001683
53476: 0.000168297
53477: 0.000168294
53478: 0.00016829
53479: 0.000168287
53480: 0.000168284
53481: 0.000168281
53482: 0.000168278
53483: 0.000168275
53484: 0.000168271
53485: 0.000168268
53486: 0.000168265
53487: 0.000168262
53488: 0.000168259
53489: 0.000168256
53490: 0.000168253
53491: 0.000168249
53492: 0.000168246
53493: 0.000168243
53494: 0.00016824
53495: 0.000168237
53496: 0.000168234
53497: 0.000168231
53498: 0.000168227
53499: 0.000168224
53500: 0.000168221
53501: 0.000168218
53502: 0.000168215
53503: 0.000168212
53504: 0.000168209
53505: 0.000168205
53506: 0.000168202
53507: 0.000168199
53508: 0.000168196
53509: 0.000168193
53510: 0.00016819
53511: 0.000168187
53512: 0.000168183
53513: 0.00016818
53514: 0.000168177
53515: 0.000168174
53516: 0.000168171
53517: 0.000168168
53518: 0.000168165
53519: 0.000168161
53520: 0.000168158
53521: 0.000168155
53522: 0.000168152
53523: 0.000168149
53524: 0.000168146
53525: 0.000168143
53526: 0.000168139
53527: 0.000168136
53528: 0.000168133
53529: 0.00016813
53530: 0.000168127
53531: 0.000168124
53532: 0.000168121
53533: 0.000168117
53534: 0.000168114
53535: 0.000168111
53536: 0.000168108
53537: 0.000168105
53538: 0.000168102
53539: 0.000168099
53540: 0.000168095
53541: 0.000168092
53542: 0.000168089
53543: 0.000168086
53544: 0.000168083
53545: 0.00016808
53546: 0.000168077
53547: 0.000168074
53548: 0.00016807
53549: 0.000168067
53550: 0.000168064
53551: 0.000168061
53552: 0.000168058
53553: 0.000168055
53554: 0.000168052
53555: 0.000168048
53556: 0.000168045
53557: 0.000168042
53558: 0.000168039
53559: 0.000168036
53560: 0.000168033
53561: 0.00016803
53562: 0.000168026
53563: 0.000168023
53564: 0.00016802
53565: 0.000168017
53566: 0.000168014
53567: 0.000168011
53568: 0.000168008
53569: 0.000168004
53570: 0.000168001
53571: 0.000167998
53572: 0.000167995
53573: 0.000167992
53574: 0.000167989
53575: 0.000167986
53576: 0.000167983
53577: 0.000167979
53578: 0.000167976
53579: 0.000167973
53580: 0.00016797
53581: 0.000167967
53582: 0.000167964
53583: 0.000167961
53584: 0.000167957
53585: 0.000167954
53586: 0.000167951
53587: 0.000167948
53588: 0.000167945
53589: 0.000167942
53590: 0.000167939
53591: 0.000167936
53592: 0.000167932
53593: 0.000167929
53594: 0.000167926
53595: 0.000167923
53596: 0.00016792
53597: 0.000167917
53598: 0.000167914
53599: 0.00016791
53600: 0.000167907
53601: 0.000167904
53602: 0.000167901
53603: 0.000167898
53604: 0.000167895
53605: 0.000167892
53606: 0.000167889
53607: 0.000167885
53608: 0.000167882
53609: 0.000167879
53610: 0.000167876
53611: 0.000167873
53612: 0.00016787
53613: 0.000167867
53614: 0.000167863
53615: 0.00016786
53616: 0.000167857
53617: 0.000167854
53618: 0.000167851
53619: 0.000167848
53620: 0.000167845
53621: 0.000167842
53622: 0.000167838
53623: 0.000167835
53624: 0.000167832
53625: 0.000167829
53626: 0.000167826
53627: 0.000167823
53628: 0.00016782
53629: 0.000167817
53630: 0.000167813
53631: 0.00016781
53632: 0.000167807
53633: 0.000167804
53634: 0.000167801
53635: 0.000167798
53636: 0.000167795
53637: 0.000167791
53638: 0.000167788
53639: 0.000167785
53640: 0.000167782
53641: 0.000167779
53642: 0.000167776
53643: 0.000167773
53644: 0.00016777
53645: 0.000167766
53646: 0.000167763
53647: 0.00016776
53648: 0.000167757
53649: 0.000167754
53650: 0.000167751
53651: 0.000167748
53652: 0.000167745
53653: 0.000167741
53654: 0.000167738
53655: 0.000167735
53656: 0.000167732
53657: 0.000167729
53658: 0.000167726
53659: 0.000167723
53660: 0.00016772
53661: 0.000167716
53662: 0.000167713
53663: 0.00016771
53664: 0.000167707
53665: 0.000167704
53666: 0.000167701
53667: 0.000167698
53668: 0.000167695
53669: 0.000167691
53670: 0.000167688
53671: 0.000167685
53672: 0.000167682
53673: 0.000167679
53674: 0.000167676
53675: 0.000167673
53676: 0.00016767
53677: 0.000167666
53678: 0.000167663
53679: 0.00016766
53680: 0.000167657
53681: 0.000167654
53682: 0.000167651
53683: 0.000167648
53684: 0.000167645
53685: 0.000167641
53686: 0.000167638
53687: 0.000167635
53688: 0.000167632
53689: 0.000167629
53690: 0.000167626
53691: 0.000167623
53692: 0.00016762
53693: 0.000167616
53694: 0.000167613
53695: 0.00016761
53696: 0.000167607
53697: 0.000167604
53698: 0.000167601
53699: 0.000167598
53700: 0.000167595
53701: 0.000167592
53702: 0.000167588
53703: 0.000167585
53704: 0.000167582
53705: 0.000167579
53706: 0.000167576
53707: 0.000167573
53708: 0.00016757
53709: 0.000167567
53710: 0.000167563
53711: 0.00016756
53712: 0.000167557
53713: 0.000167554
53714: 0.000167551
53715: 0.000167548
53716: 0.000167545
53717: 0.000167542
53718: 0.000167538
53719: 0.000167535
53720: 0.000167532
53721: 0.000167529
53722: 0.000167526
53723: 0.000167523
53724: 0.00016752
53725: 0.000167517
53726: 0.000167514
53727: 0.00016751
53728: 0.000167507
53729: 0.000167504
53730: 0.000167501
53731: 0.000167498
53732: 0.000167495
53733: 0.000167492
53734: 0.000167489
53735: 0.000167485
53736: 0.000167482
53737: 0.000167479
53738: 0.000167476
53739: 0.000167473
53740: 0.00016747
53741: 0.000167467
53742: 0.000167464
53743: 0.000167461
53744: 0.000167457
53745: 0.000167454
53746: 0.000167451
53747: 0.000167448
53748: 0.000167445
53749: 0.000167442
53750: 0.000167439
53751: 0.000167436
53752: 0.000167433
53753: 0.000167429
53754: 0.000167426
53755: 0.000167423
53756: 0.00016742
53757: 0.000167417
53758: 0.000167414
53759: 0.000167411
53760: 0.000167408
53761: 0.000167404
53762: 0.000167401
53763: 0.000167398
53764: 0.000167395
53765: 0.000167392
53766: 0.000167389
53767: 0.000167386
53768: 0.000167383
53769: 0.00016738
53770: 0.000167376
53771: 0.000167373
53772: 0.00016737
53773: 0.000167367
53774: 0.000167364
53775: 0.000167361
53776: 0.000167358
53777: 0.000167355
53778: 0.000167352
53779: 0.000167348
53780: 0.000167345
53781: 0.000167342
53782: 0.000167339
53783: 0.000167336
53784: 0.000167333
53785: 0.00016733
53786: 0.000167327
53787: 0.000167324
53788: 0.00016732
53789: 0.000167317
53790: 0.000167314
53791: 0.000167311
53792: 0.000167308
53793: 0.000167305
53794: 0.000167302
53795: 0.000167299
53796: 0.000167296
53797: 0.000167292
53798: 0.000167289
53799: 0.000167286
53800: 0.000167283
53801: 0.00016728
53802: 0.000167277
53803: 0.000167274
53804: 0.000167271
53805: 0.000167268
53806: 0.000167264
53807: 0.000167261
53808: 0.000167258
53809: 0.000167255
53810: 0.000167252
53811: 0.000167249
53812: 0.000167246
53813: 0.000167243
53814: 0.00016724
53815: 0.000167237
53816: 0.000167233
53817: 0.00016723
53818: 0.000167227
53819: 0.000167224
53820: 0.000167221
53821: 0.000167218
53822: 0.000167215
53823: 0.000167212
53824: 0.000167209
53825: 0.000167205
53826: 0.000167202
53827: 0.000167199
53828: 0.000167196
53829: 0.000167193
53830: 0.00016719
53831: 0.000167187
53832: 0.000167184
53833: 0.000167181
53834: 0.000167177
53835: 0.000167174
53836: 0.000167171
53837: 0.000167168
53838: 0.000167165
53839: 0.000167162
53840: 0.000167159
53841: 0.000167156
53842: 0.000167153
53843: 0.00016715
53844: 0.000167146
53845: 0.000167143
53846: 0.00016714
53847: 0.000167137
53848: 0.000167134
53849: 0.000167131
53850: 0.000167128
53851: 0.000167125
53852: 0.000167122
53853: 0.000167119
53854: 0.000167115
53855: 0.000167112
53856: 0.000167109
53857: 0.000167106
53858: 0.000167103
53859: 0.0001671
53860: 0.000167097
53861: 0.000167094
53862: 0.000167091
53863: 0.000167087
53864: 0.000167084
53865: 0.000167081
53866: 0.000167078
53867: 0.000167075
53868: 0.000167072
53869: 0.000167069
53870: 0.000167066
53871: 0.000167063
53872: 0.00016706
53873: 0.000167056
53874: 0.000167053
53875: 0.00016705
53876: 0.000167047
53877: 0.000167044
53878: 0.000167041
53879: 0.000167038
53880: 0.000167035
53881: 0.000167032
53882: 0.000167029
53883: 0.000167025
53884: 0.000167022
53885: 0.000167019
53886: 0.000167016
53887: 0.000167013
53888: 0.00016701
53889: 0.000167007
53890: 0.000167004
53891: 0.000167001
53892: 0.000166998
53893: 0.000166994
53894: 0.000166991
53895: 0.000166988
53896: 0.000166985
53897: 0.000166982
53898: 0.000166979
53899: 0.000166976
53900: 0.000166973
53901: 0.00016697
53902: 0.000166967
53903: 0.000166963
53904: 0.00016696
53905: 0.000166957
53906: 0.000166954
53907: 0.000166951
53908: 0.000166948
53909: 0.000166945
53910: 0.000166942
53911: 0.000166939
53912: 0.000166936
53913: 0.000166933
53914: 0.000166929
53915: 0.000166926
53916: 0.000166923
53917: 0.00016692
53918: 0.000166917
53919: 0.000166914
53920: 0.000166911
53921: 0.000166908
53922: 0.000166905
53923: 0.000166902
53924: 0.000166898
53925: 0.000166895
53926: 0.000166892
53927: 0.000166889
53928: 0.000166886
53929: 0.000166883
53930: 0.00016688
53931: 0.000166877
53932: 0.000166874
53933: 0.000166871
53934: 0.000166868
53935: 0.000166864
53936: 0.000166861
53937: 0.000166858
53938: 0.000166855
53939: 0.000166852
53940: 0.000166849
53941: 0.000166846
53942: 0.000166843
53943: 0.00016684
53944: 0.000166837
53945: 0.000166834
53946: 0.00016683
53947: 0.000166827
53948: 0.000166824
53949: 0.000166821
53950: 0.000166818
53951: 0.000166815
53952: 0.000166812
53953: 0.000166809
53954: 0.000166806
53955: 0.000166803
53956: 0.000166799
53957: 0.000166796
53958: 0.000166793
53959: 0.00016679
53960: 0.000166787
53961: 0.000166784
53962: 0.000166781
53963: 0.000166778
53964: 0.000166775
53965: 0.000166772
53966: 0.000166769
53967: 0.000166765
53968: 0.000166762
53969: 0.000166759
53970: 0.000166756
53971: 0.000166753
53972: 0.00016675
53973: 0.000166747
53974: 0.000166744
53975: 0.000166741
53976: 0.000166738
53977: 0.000166735
53978: 0.000166732
53979: 0.000166728
53980: 0.000166725
53981: 0.000166722
53982: 0.000166719
53983: 0.000166716
53984: 0.000166713
53985: 0.00016671
53986: 0.000166707
53987: 0.000166704
53988: 0.000166701
53989: 0.000166698
53990: 0.000166694
53991: 0.000166691
53992: 0.000166688
53993: 0.000166685
53994: 0.000166682
53995: 0.000166679
53996: 0.000166676
53997: 0.000166673
53998: 0.00016667
53999: 0.000166667
54000: 0.000166664
54001: 0.00016666
54002: 0.000166657
54003: 0.000166654
54004: 0.000166651
54005: 0.000166648
54006: 0.000166645
54007: 0.000166642
54008: 0.000166639
54009: 0.000166636
54010: 0.000166633
54011: 0.00016663
54012: 0.000166627
54013: 0.000166623
54014: 0.00016662
54015: 0.000166617
54016: 0.000166614
54017: 0.000166611
54018: 0.000166608
54019: 0.000166605
54020: 0.000166602
54021: 0.000166599
54022: 0.000166596
54023: 0.000166593
54024: 0.00016659
54025: 0.000166586
54026: 0.000166583
54027: 0.00016658
54028: 0.000166577
54029: 0.000166574
54030: 0.000166571
54031: 0.000166568
54032: 0.000166565
54033: 0.000166562
54034: 0.000166559
54035: 0.000166556
54036: 0.000166553
54037: 0.000166549
54038: 0.000166546
54039: 0.000166543
54040: 0.00016654
54041: 0.000166537
54042: 0.000166534
54043: 0.000166531
54044: 0.000166528
54045: 0.000166525
54046: 0.000166522
54047: 0.000166519
54048: 0.000166516
54049: 0.000166512
54050: 0.000166509
54051: 0.000166506
54052: 0.000166503
54053: 0.0001665
54054: 0.000166497
54055: 0.000166494
54056: 0.000166491
54057: 0.000166488
54058: 0.000166485
54059: 0.000166482
54060: 0.000166479
54061: 0.000166476
54062: 0.000166472
54063: 0.000166469
54064: 0.000166466
54065: 0.000166463
54066: 0.00016646
54067: 0.000166457
54068: 0.000166454
54069: 0.000166451
54070: 0.000166448
54071: 0.000166445
54072: 0.000166442
54073: 0.000166439
54074: 0.000166436
54075: 0.000166432
54076: 0.000166429
54077: 0.000166426
54078: 0.000166423
54079: 0.00016642
54080: 0.000166417
54081: 0.000166414
54082: 0.000166411
54083: 0.000166408
54084: 0.000166405
54085: 0.000166402
54086: 0.000166399
54087: 0.000166396
54088: 0.000166392
54089: 0.000166389
54090: 0.000166386
54091: 0.000166383
54092: 0.00016638
54093: 0.000166377
54094: 0.000166374
54095: 0.000166371
54096: 0.000166368
54097: 0.000166365
54098: 0.000166362
54099: 0.000166359
54100: 0.000166356
54101: 0.000166352
54102: 0.000166349
54103: 0.000166346
54104: 0.000166343
54105: 0.00016634
54106: 0.000166337
54107: 0.000166334
54108: 0.000166331
54109: 0.000166328
54110: 0.000166325
54111: 0.000166322
54112: 0.000166319
54113: 0.000166316
54114: 0.000166312
54115: 0.000166309
54116: 0.000166306
54117: 0.000166303
54118: 0.0001663
54119: 0.000166297
54120: 0.000166294
54121: 0.000166291
54122: 0.000166288
54123: 0.000166285
54124: 0.000166282
54125: 0.000166279
54126: 0.000166276
54127: 0.000166273
54128: 0.000166269
54129: 0.000166266
54130: 0.000166263
54131: 0.00016626
54132: 0.000166257
54133: 0.000166254
54134: 0.000166251
54135: 0.000166248
54136: 0.000166245
54137: 0.000166242
54138: 0.000166239
54139: 0.000166236
54140: 0.000166233
54141: 0.00016623
54142: 0.000166226
54143: 0.000166223
54144: 0.00016622
54145: 0.000166217
54146: 0.000166214
54147: 0.000166211
54148: 0.000166208
54149: 0.000166205
54150: 0.000166202
54151: 0.000166199
54152: 0.000166196
54153: 0.000166193
54154: 0.00016619
54155: 0.000166187
54156: 0.000166184
54157: 0.00016618
54158: 0.000166177
54159: 0.000166174
54160: 0.000166171
54161: 0.000166168
54162: 0.000166165
54163: 0.000166162
54164: 0.000166159
54165: 0.000166156
54166: 0.000166153
54167: 0.00016615
54168: 0.000166147
54169: 0.000166144
54170: 0.000166141
54171: 0.000166137
54172: 0.000166134
54173: 0.000166131
54174: 0.000166128
54175: 0.000166125
54176: 0.000166122
54177: 0.000166119
54178: 0.000166116
54179: 0.000166113
54180: 0.00016611
54181: 0.000166107
54182: 0.000166104
54183: 0.000166101
54184: 0.000166098
54185: 0.000166095
54186: 0.000166091
54187: 0.000166088
54188: 0.000166085
54189: 0.000166082
54190: 0.000166079
54191: 0.000166076
54192: 0.000166073
54193: 0.00016607
54194: 0.000166067
54195: 0.000166064
54196: 0.000166061
54197: 0.000166058
54198: 0.000166055
54199: 0.000166052
54200: 0.000166049
54201: 0.000166046
54202: 0.000166042
54203: 0.000166039
54204: 0.000166036
54205: 0.000166033
54206: 0.00016603
54207: 0.000166027
54208: 0.000166024
54209: 0.000166021
54210: 0.000166018
54211: 0.000166015
54212: 0.000166012
54213: 0.000166009
54214: 0.000166006
54215: 0.000166003
54216: 0.000166
54217: 0.000165997
54218: 0.000165993
54219: 0.00016599
54220: 0.000165987
54221: 0.000165984
54222: 0.000165981
54223: 0.000165978
54224: 0.000165975
54225: 0.000165972
54226: 0.000165969
54227: 0.000165966
54228: 0.000165963
54229: 0.00016596
54230: 0.000165957
54231: 0.000165954
54232: 0.000165951
54233: 0.000165948
54234: 0.000165945
54235: 0.000165941
54236: 0.000165938
54237: 0.000165935
54238: 0.000165932
54239: 0.000165929
54240: 0.000165926
54241: 0.000165923
54242: 0.00016592
54243: 0.000165917
54244: 0.000165914
54245: 0.000165911
54246: 0.000165908
54247: 0.000165905
54248: 0.000165902
54249: 0.000165899
54250: 0.000165896
54251: 0.000165893
54252: 0.000165889
54253: 0.000165886
54254: 0.000165883
54255: 0.00016588
54256: 0.000165877
54257: 0.000165874
54258: 0.000165871
54259: 0.000165868
54260: 0.000165865
54261: 0.000165862
54262: 0.000165859
54263: 0.000165856
54264: 0.000165853
54265: 0.00016585
54266: 0.000165847
54267: 0.000165844
54268: 0.000165841
54269: 0.000165837
54270: 0.000165834
54271: 0.000165831
54272: 0.000165828
54273: 0.000165825
54274: 0.000165822
54275: 0.000165819
54276: 0.000165816
54277: 0.000165813
54278: 0.00016581
54279: 0.000165807
54280: 0.000165804
54281: 0.000165801
54282: 0.000165798
54283: 0.000165795
54284: 0.000165792
54285: 0.000165789
54286: 0.000165786
54287: 0.000165782
54288: 0.000165779
54289: 0.000165776
54290: 0.000165773
54291: 0.00016577
54292: 0.000165767
54293: 0.000165764
54294: 0.000165761
54295: 0.000165758
54296: 0.000165755
54297: 0.000165752
54298: 0.000165749
54299: 0.000165746
54300: 0.000165743
54301: 0.00016574
54302: 0.000165737
54303: 0.000165734
54304: 0.000165731
54305: 0.000165728
54306: 0.000165724
54307: 0.000165721
54308: 0.000165718
54309: 0.000165715
54310: 0.000165712
54311: 0.000165709
54312: 0.000165706
54313: 0.000165703
54314: 0.0001657
54315: 0.000165697
54316: 0.000165694
54317: 0.000165691
54318: 0.000165688
54319: 0.000165685
54320: 0.000165682
54321: 0.000165679
54322: 0.000165676
54323: 0.000165673
54324: 0.00016567
54325: 0.000165667
54326: 0.000165663
54327: 0.00016566
54328: 0.000165657
54329: 0.000165654
54330: 0.000165651
54331: 0.000165648
54332: 0.000165645
54333: 0.000165642
54334: 0.000165639
54335: 0.000165636
54336: 0.000165633
54337: 0.00016563
54338: 0.000165627
54339: 0.000165624
54340: 0.000165621
54341: 0.000165618
54342: 0.000165615
54343: 0.000165612
54344: 0.000165609
54345: 0.000165606
54346: 0.000165603
54347: 0.000165599
54348: 0.000165596
54349: 0.000165593
54350: 0.00016559
54351: 0.000165587
54352: 0.000165584
54353: 0.000165581
54354: 0.000165578
54355: 0.000165575
54356: 0.000165572
54357: 0.000165569
54358: 0.000165566
54359: 0.000165563
54360: 0.00016556
54361: 0.000165557
54362: 0.000165554
54363: 0.000165551
54364: 0.000165548
54365: 0.000165545
54366: 0.000165542
54367: 0.000165539
54368: 0.000165536
54369: 0.000165532
54370: 0.000165529
54371: 0.000165526
54372: 0.000165523
54373: 0.00016552
54374: 0.000165517
54375: 0.000165514
54376: 0.000165511
54377: 0.000165508
54378: 0.000165505
54379: 0.000165502
54380: 0.000165499
54381: 0.000165496
54382: 0.000165493
54383: 0.00016549
54384: 0.000165487
54385: 0.000165484
54386: 0.000165481
54387: 0.000165478
54388: 0.000165475
54389: 0.000165472
54390: 0.000165469
54391: 0.000165466
54392: 0.000165462
54393: 0.000165459
54394: 0.000165456
54395: 0.000165453
54396: 0.00016545
54397: 0.000165447
54398: 0.000165444
54399: 0.000165441
54400: 0.000165438
54401: 0.000165435
54402: 0.000165432
54403: 0.000165429
54404: 0.000165426
54405: 0.000165423
54406: 0.00016542
54407: 0.000165417
54408: 0.000165414
54409: 0.000165411
54410: 0.000165408
54411: 0.000165405
54412: 0.000165402
54413: 0.000165399
54414: 0.000165396
54415: 0.000165393
54416: 0.000165389
54417: 0.000165386
54418: 0.000165383
54419: 0.00016538
54420: 0.000165377
54421: 0.000165374
54422: 0.000165371
54423: 0.000165368
54424: 0.000165365
54425: 0.000165362
54426: 0.000165359
54427: 0.000165356
54428: 0.000165353
54429: 0.00016535
54430: 0.000165347
54431: 0.000165344
54432: 0.000165341
54433: 0.000165338
54434: 0.000165335
54435: 0.000165332
54436: 0.000165329
54437: 0.000165326
54438: 0.000165323
54439: 0.00016532
54440: 0.000165317
54441: 0.000165314
54442: 0.000165311
54443: 0.000165307
54444: 0.000165304
54445: 0.000165301
54446: 0.000165298
54447: 0.000165295
54448: 0.000165292
54449: 0.000165289
54450: 0.000165286
54451: 0.000165283
54452: 0.00016528
54453: 0.000165277
54454: 0.000165274
54455: 0.000165271
54456: 0.000165268
54457: 0.000165265
54458: 0.000165262
54459: 0.000165259
54460: 0.000165256
54461: 0.000165253
54462: 0.00016525
54463: 0.000165247
54464: 0.000165244
54465: 0.000165241
54466: 0.000165238
54467: 0.000165235
54468: 0.000165232
54469: 0.000165229
54470: 0.000165226
54471: 0.000165222
54472: 0.000165219
54473: 0.000165216
54474: 0.000165213
54475: 0.00016521
54476: 0.000165207
54477: 0.000165204
54478: 0.000165201
54479: 0.000165198
54480: 0.000165195
54481: 0.000165192
54482: 0.000165189
54483: 0.000165186
54484: 0.000165183
54485: 0.00016518
54486: 0.000165177
54487: 0.000165174
54488: 0.000165171
54489: 0.000165168
54490: 0.000165165
54491: 0.000165162
54492: 0.000165159
54493: 0.000165156
54494: 0.000165153
54495: 0.00016515
54496: 0.000165147
54497: 0.000165144
54498: 0.000165141
54499: 0.000165138
54500: 0.000165135
54501: 0.000165132
54502: 0.000165129
54503: 0.000165125
54504: 0.000165122
54505: 0.000165119
54506: 0.000165116
54507: 0.000165113
54508: 0.00016511
54509: 0.000165107
54510: 0.000165104
54511: 0.000165101
54512: 0.000165098
54513: 0.000165095
54514: 0.000165092
54515: 0.000165089
54516: 0.000165086
54517: 0.000165083
54518: 0.00016508
54519: 0.000165077
54520: 0.000165074
54521: 0.000165071
54522: 0.000165068
54523: 0.000165065
54524: 0.000165062
54525: 0.000165059
54526: 0.000165056
54527: 0.000165053
54528: 0.00016505
54529: 0.000165047
54530: 0.000165044
54531: 0.000165041
54532: 0.000165038
54533: 0.000165035
54534: 0.000165032
54535: 0.000165029
54536: 0.000165026
54537: 0.000165023
54538: 0.00016502
54539: 0.000165017
54540: 0.000165013
54541: 0.00016501
54542: 0.000165007
54543: 0.000165004
54544: 0.000165001
54545: 0.000164998
54546: 0.000164995
54547: 0.000164992
54548: 0.000164989
54549: 0.000164986
54550: 0.000164983
54551: 0.00016498
54552: 0.000164977
54553: 0.000164974
54554: 0.000164971
54555: 0.000164968
54556: 0.000164965
54557: 0.000164962
54558: 0.000164959
54559: 0.000164956
54560: 0.000164953
54561: 0.00016495
54562: 0.000164947
54563: 0.000164944
54564: 0.000164941
54565: 0.000164938
54566: 0.000164935
54567: 0.000164932
54568: 0.000164929
54569: 0.000164926
54570: 0.000164923
54571: 0.00016492
54572: 0.000164917
54573: 0.000164914
54574: 0.000164911
54575: 0.000164908
54576: 0.000164905
54577: 0.000164902
54578: 0.000164899
54579: 0.000164896
54580: 0.000164893
54581: 0.00016489
54582: 0.000164887
54583: 0.000164883
54584: 0.00016488
54585: 0.000164877
54586: 0.000164874
54587: 0.000164871
54588: 0.000164868
54589: 0.000164865
54590: 0.000164862
54591: 0.000164859
54592: 0.000164856
54593: 0.000164853
54594: 0.00016485
54595: 0.000164847
54596: 0.000164844
54597: 0.000164841
54598: 0.000164838
54599: 0.000164835
54600: 0.000164832
54601: 0.000164829
54602: 0.000164826
54603: 0.000164823
54604: 0.00016482
54605: 0.000164817
54606: 0.000164814
54607: 0.000164811
54608: 0.000164808
54609: 0.000164805
54610: 0.000164802
54611: 0.000164799
54612: 0.000164796
54613: 0.000164793
54614: 0.00016479
54615: 0.000164787
54616: 0.000164784
54617: 0.000164781
54618: 0.000164778
54619: 0.000164775
54620: 0.000164772
54621: 0.000164769
54622: 0.000164766
54623: 0.000164763
54624: 0.00016476
54625: 0.000164757
54626: 0.000164754
54627: 0.000164751
54628: 0.000164748
54629: 0.000164745
54630: 0.000164742
54631: 0.000164739
54632: 0.000164736
54633: 0.000164733
54634: 0.00016473
54635: 0.000164727
54636: 0.000164724
54637: 0.000164721
54638: 0.000164718
54639: 0.000164714
54640: 0.000164711
54641: 0.000164708
54642: 0.000164705
54643: 0.000164702
54644: 0.000164699
54645: 0.000164696
54646: 0.000164693
54647: 0.00016469
54648: 0.000164687
54649: 0.000164684
54650: 0.000164681
54651: 0.000164678
54652: 0.000164675
54653: 0.000164672
54654: 0.000164669
54655: 0.000164666
54656: 0.000164663
54657: 0.00016466
54658: 0.000164657
54659: 0.000164654
54660: 0.000164651
54661: 0.000164648
54662: 0.000164645
54663: 0.000164642
54664: 0.000164639
54665: 0.000164636
54666: 0.000164633
54667: 0.00016463
54668: 0.000164627
54669: 0.000164624
54670: 0.000164621
54671: 0.000164618
54672: 0.000164615
54673: 0.000164612
54674: 0.000164609
54675: 0.000164606
54676: 0.000164603
54677: 0.0001646
54678: 0.000164597
54679: 0.000164594
54680: 0.000164591
54681: 0.000164588
54682: 0.000164585
54683: 0.000164582
54684: 0.000164579
54685: 0.000164576
54686: 0.000164573
54687: 0.00016457
54688: 0.000164567
54689: 0.000164564
54690: 0.000164561
54691: 0.000164558
54692: 0.000164555
54693: 0.000164552
54694: 0.000164549
54695: 0.000164546
54696: 0.000164543
54697: 0.00016454
54698: 0.000164537
54699: 0.000164534
54700: 0.000164531
54701: 0.000164528
54702: 0.000164525
54703: 0.000164522
54704: 0.000164519
54705: 0.000164516
54706: 0.000164513
54707: 0.00016451
54708: 0.000164507
54709: 0.000164504
54710: 0.000164501
54711: 0.000164498
54712: 0.000164495
54713: 0.000164492
54714: 0.000164489
54715: 0.000164486
54716: 0.000164483
54717: 0.00016448
54718: 0.000164477
54719: 0.000164474
54720: 0.000164471
54721: 0.000164468
54722: 0.000164465
54723: 0.000164462
54724: 0.000164459
54725: 0.000164456
54726: 0.000164453
54727: 0.00016445
54728: 0.000164447
54729: 0.000164444
54730: 0.000164441
54731: 0.000164438
54732: 0.000164435
54733: 0.000164432
54734: 0.000164429
54735: 0.000164426
54736: 0.000164423
54737: 0.00016442
54738: 0.000164417
54739: 0.000164414
54740: 0.000164411
54741: 0.000164408
54742: 0.000164405
54743: 0.000164402
54744: 0.000164399
54745: 0.000164396
54746: 0.000164393
54747: 0.00016439
54748: 0.000164387
54749: 0.000164384
54750: 0.000164381
54751: 0.000164378
54752: 0.000164375
54753: 0.000164372
54754: 0.000164369
54755: 0.000164366
54756: 0.000164363
54757: 0.00016436
54758: 0.000164357
54759: 0.000164354
54760: 0.000164351
54761: 0.000164348
54762: 0.000164345
54763: 0.000164342
54764: 0.000164339
54765: 0.000164336
54766: 0.000164333
54767: 0.00016433
54768: 0.000164327
54769: 0.000164324
54770: 0.000164321
54771: 0.000164318
54772: 0.000164315
54773: 0.000164312
54774: 0.000164309
54775: 0.000164306
54776: 0.000164303
54777: 0.0001643
54778: 0.000164297
54779: 0.000164294
54780: 0.000164291
54781: 0.000164288
54782: 0.000164285
54783: 0.000164282
54784: 0.000164279
54785: 0.000164276
54786: 0.000164273
54787: 0.00016427
54788: 0.000164267
54789: 0.000164264
54790: 0.000164261
54791: 0.000164258
54792: 0.000164255
54793: 0.000164252
54794: 0.000164249
54795: 0.000164246
54796: 0.000164243
54797: 0.00016424
54798: 0.000164237
54799: 0.000164234
54800: 0.000164231
54801: 0.000164228
54802: 0.000164225
54803: 0.000164222
54804: 0.000164219
54805: 0.000164216
54806: 0.000164213
54807: 0.00016421
54808: 0.000164207
54809: 0.000164204
54810: 0.000164201
54811: 0.000164198
54812: 0.000164195
54813: 0.000164192
54814: 0.000164189
54815: 0.000164186
54816: 0.000164183
54817: 0.00016418
54818: 0.000164177
54819: 0.000164174
54820: 0.000164171
54821: 0.000164168
54822: 0.000164165
54823: 0.000164162
54824: 0.000164159
54825: 0.000164156
54826: 0.000164153
54827: 0.00016415
54828: 0.000164147
54829: 0.000164144
54830: 0.000164141
54831: 0.000164138
54832: 0.000164135
54833: 0.000164132
54834: 0.000164129
54835: 0.000164126
54836: 0.000164123
54837: 0.00016412
54838: 0.000164117
54839: 0.000164114
54840: 0.000164111
54841: 0.000164108
54842: 0.000164105
54843: 0.000164102
54844: 0.000164099
54845: 0.000164096
54846: 0.000164093
54847: 0.00016409
54848: 0.000164087
54849: 0.000164084
54850: 0.000164081
54851: 0.000164078
54852: 0.000164075
54853: 0.000164072
54854: 0.000164069
54855: 0.000164066
54856: 0.000164063
54857: 0.00016406
54858: 0.000164057
54859: 0.000164054
54860: 0.000164051
54861: 0.000164048
54862: 0.000164045
54863: 0.000164042
54864: 0.000164039
54865: 0.000164036
54866: 0.000164033
54867: 0.00016403
54868: 0.000164027
54869: 0.000164024
54870: 0.000164021
54871: 0.000164018
54872: 0.000164015
54873: 0.000164012
54874: 0.000164009
54875: 0.000164006
54876: 0.000164003
54877: 0.000164
54878: 0.000163997
54879: 0.000163994
54880: 0.000163991
54881: 0.000163988
54882: 0.000163985
54883: 0.000163982
54884: 0.000163979
54885: 0.000163976
54886: 0.000163973
54887: 0.00016397
54888: 0.000163967
54889: 0.000163964
54890: 0.000163961
54891: 0.000163958
54892: 0.000163955
54893: 0.000163952
54894: 0.000163949
54895: 0.000163946
54896: 0.000163943
54897: 0.00016394
54898: 0.000163937
54899: 0.000163934
54900: 0.000163931
54901: 0.000163928
54902: 0.000163925
54903: 0.000163922
54904: 0.000163919
54905: 0.000163917
54906: 0.000163914
54907: 0.000163911
54908: 0.000163908
54909: 0.000163905
54910: 0.000163902
54911: 0.000163899
54912: 0.000163896
54913: 0.000163893
54914: 0.00016389
54915: 0.000163887
54916: 0.000163884
54917: 0.000163881
54918: 0.000163878
54919: 0.000163875
54920: 0.000163872
54921: 0.000163869
54922: 0.000163866
54923: 0.000163863
54924: 0.00016386
54925: 0.000163857
54926: 0.000163854
54927: 0.000163851
54928: 0.000163848
54929: 0.000163845
54930: 0.000163842
54931: 0.000163839
54932: 0.000163836
54933: 0.000163833
54934: 0.00016383
54935: 0.000163827
54936: 0.000163824
54937: 0.000163821
54938: 0.000163818
54939: 0.000163815
54940: 0.000163812
54941: 0.000163809
54942: 0.000163806
54943: 0.000163803
54944: 0.0001638
54945: 0.000163797
54946: 0.000163794
54947: 0.000163791
54948: 0.000163788
54949: 0.000163785
54950: 0.000163782
54951: 0.000163779
54952: 0.000163776
54953: 0.000163773
54954: 0.00016377
54955: 0.000163767
54956: 0.000163764
54957: 0.000163761
54958: 0.000163758
54959: 0.000163755
54960: 0.000163752
54961: 0.000163749
54962: 0.000163747
54963: 0.000163744
54964: 0.000163741
54965: 0.000163738
54966: 0.000163735
54967: 0.000163732
54968: 0.000163729
54969: 0.000163726
54970: 0.000163723
54971: 0.00016372
54972: 0.000163717
54973: 0.000163714
54974: 0.000163711
54975: 0.000163708
54976: 0.000163705
54977: 0.000163702
54978: 0.000163699
54979: 0.000163696
54980: 0.000163693
54981: 0.00016369
54982: 0.000163687
54983: 0.000163684
54984: 0.000163681
54985: 0.000163678
54986: 0.000163675
54987: 0.000163672
54988: 0.000163669
54989: 0.000163666
54990: 0.000163663
54991: 0.00016366
54992: 0.000163657
54993: 0.000163654
54994: 0.000163651
54995: 0.000163648
54996: 0.000163645
54997: 0.000163642
54998: 0.000163639
54999: 0.000163636
55000: 0.000163633
55001: 0.00016363
55002: 0.000163627
55003: 0.000163624
55004: 0.000163621
55005: 0.000163619
55006: 0.000163616
55007: 0.000163613
55008: 0.00016361
55009: 0.000163607
55010: 0.000163604
55011: 0.000163601
55012: 0.000163598
55013: 0.000163595
55014: 0.000163592
55015: 0.000163589
55016: 0.000163586
55017: 0.000163583
55018: 0.00016358
55019: 0.000163577
55020: 0.000163574
55021: 0.000163571
55022: 0.000163568
55023: 0.000163565
55024: 0.000163562
55025: 0.000163559
55026: 0.000163556
55027: 0.000163553
55028: 0.00016355
55029: 0.000163547
55030: 0.000163544
55031: 0.000163541
55032: 0.000163538
55033: 0.000163535
55034: 0.000163532
55035: 0.000163529
55036: 0.000163526
55037: 0.000163523
55038: 0.00016352
55039: 0.000163517
55040: 0.000163514
55041: 0.000163512
55042: 0.000163509
55043: 0.000163506
55044: 0.000163503
55045: 0.0001635
55046: 0.000163497
55047: 0.000163494
55048: 0.000163491
55049: 0.000163488
55050: 0.000163485
55051: 0.000163482
55052: 0.000163479
55053: 0.000163476
55054: 0.000163473
55055: 0.00016347
55056: 0.000163467
55057: 0.000163464
55058: 0.000163461
55059: 0.000163458
55060: 0.000163455
55061: 0.000163452
55062: 0.000163449
55063: 0.000163446
55064: 0.000163443
55065: 0.00016344
55066: 0.000163437
55067: 0.000163434
55068: 0.000163431
55069: 0.000163428
55070: 0.000163425
55071: 0.000163422
55072: 0.000163419
55073: 0.000163416
55074: 0.000163414
55075: 0.000163411
55076: 0.000163408
55077: 0.000163405
55078: 0.000163402
55079: 0.000163399
55080: 0.000163396
55081: 0.000163393
55082: 0.00016339
55083: 0.000163387
55084: 0.000163384
55085: 0.000163381
55086: 0.000163378
55087: 0.000163375
55088: 0.000163372
55089: 0.000163369
55090: 0.000163366
55091: 0.000163363
55092: 0.00016336
55093: 0.000163357
55094: 0.000163354
55095: 0.000163351
55096: 0.000163348
55097: 0.000163345
55098: 0.000163342
55099: 0.000163339
55100: 0.000163336
55101: 0.000163333
55102: 0.00016333
55103: 0.000163328
55104: 0.000163325
55105: 0.000163322
55106: 0.000163319
55107: 0.000163316
55108: 0.000163313
55109: 0.00016331
55110: 0.000163307
55111: 0.000163304
55112: 0.000163301
55113: 0.000163298
55114: 0.000163295
55115: 0.000163292
55116: 0.000163289
55117: 0.000163286
55118: 0.000163283
55119: 0.00016328
55120: 0.000163277
55121: 0.000163274
55122: 0.000163271
55123: 0.000163268
55124: 0.000163265
55125: 0.000163262
55126: 0.000163259
55127: 0.000163256
55128: 0.000163253
55129: 0.00016325
55130: 0.000163248
55131: 0.000163245
55132: 0.000163242
55133: 0.000163239
55134: 0.000163236
55135: 0.000163233
55136: 0.00016323
55137: 0.000163227
55138: 0.000163224
55139: 0.000163221
55140: 0.000163218
55141: 0.000163215
55142: 0.000163212
55143: 0.000163209
55144: 0.000163206
55145: 0.000163203
55146: 0.0001632
55147: 0.000163197
55148: 0.000163194
55149: 0.000163191
55150: 0.000163188
55151: 0.000163185
55152: 0.000163182
55153: 0.000163179
55154: 0.000163177
55155: 0.000163174
55156: 0.000163171
55157: 0.000163168
55158: 0.000163165
55159: 0.000163162
55160: 0.000163159
55161: 0.000163156
55162: 0.000163153
55163: 0.00016315
55164: 0.000163147
55165: 0.000163144
55166: 0.000163141
55167: 0.000163138
55168: 0.000163135
55169: 0.000163132
55170: 0.000163129
55171: 0.000163126
55172: 0.000163123
55173: 0.00016312
55174: 0.000163117
55175: 0.000163114
55176: 0.000163111
55177: 0.000163108
55178: 0.000163106
55179: 0.000163103
55180: 0.0001631
55181: 0.000163097
55182: 0.000163094
55183: 0.000163091
55184: 0.000163088
55185: 0.000163085
55186: 0.000163082
55187: 0.000163079
55188: 0.000163076
55189: 0.000163073
55190: 0.00016307
55191: 0.000163067
55192: 0.000163064
55193: 0.000163061
55194: 0.000163058
55195: 0.000163055
55196: 0.000163052
55197: 0.000163049
55198: 0.000163046
55199: 0.000163043
55200: 0.000163041
55201: 0.000163038
55202: 0.000163035
55203: 0.000163032
55204: 0.000163029
55205: 0.000163026
55206: 0.000163023
55207: 0.00016302
55208: 0.000163017
55209: 0.000163014
55210: 0.000163011
55211: 0.000163008
55212: 0.000163005
55213: 0.000163002
55214: 0.000162999
55215: 0.000162996
55216: 0.000162993
55217: 0.00016299
55218: 0.000162987
55219: 0.000162984
55220: 0.000162981
55221: 0.000162979
55222: 0.000162976
55223: 0.000162973
55224: 0.00016297
55225: 0.000162967
55226: 0.000162964
55227: 0.000162961
55228: 0.000162958
55229: 0.000162955
55230: 0.000162952
55231: 0.000162949
55232: 0.000162946
55233: 0.000162943
55234: 0.00016294
55235: 0.000162937
55236: 0.000162934
55237: 0.000162931
55238: 0.000162928
55239: 0.000162925
55240: 0.000162922
55241: 0.00016292
55242: 0.000162917
55243: 0.000162914
55244: 0.000162911
55245: 0.000162908
55246: 0.000162905
55247: 0.000162902
55248: 0.000162899
55249: 0.000162896
55250: 0.000162893
55251: 0.00016289
55252: 0.000162887
55253: 0.000162884
55254: 0.000162881
55255: 0.000162878
55256: 0.000162875
55257: 0.000162872
55258: 0.000162869
55259: 0.000162866
55260: 0.000162864
55261: 0.000162861
55262: 0.000162858
55263: 0.000162855
55264: 0.000162852
55265: 0.000162849
55266: 0.000162846
55267: 0.000162843
55268: 0.00016284
55269: 0.000162837
55270: 0.000162834
55271: 0.000162831
55272: 0.000162828
55273: 0.000162825
55274: 0.000162822
55275: 0.000162819
55276: 0.000162816
55277: 0.000162813
55278: 0.00016281
55279: 0.000162808
55280: 0.000162805
55281: 0.000162802
55282: 0.000162799
55283: 0.000162796
55284: 0.000162793
55285: 0.00016279
55286: 0.000162787
55287: 0.000162784
55288: 0.000162781
55289: 0.000162778
55290: 0.000162775
55291: 0.000162772
55292: 0.000162769
55293: 0.000162766
55294: 0.000162763
55295: 0.00016276
55296: 0.000162757
55297: 0.000162755
55298: 0.000162752
55299: 0.000162749
55300: 0.000162746
55301: 0.000162743
55302: 0.00016274
55303: 0.000162737
55304: 0.000162734
55305: 0.000162731
55306: 0.000162728
55307: 0.000162725
55308: 0.000162722
55309: 0.000162719
55310: 0.000162716
55311: 0.000162713
55312: 0.00016271
55313: 0.000162707
55314: 0.000162705
55315: 0.000162702
55316: 0.000162699
55317: 0.000162696
55318: 0.000162693
55319: 0.00016269
55320: 0.000162687
55321: 0.000162684
55322: 0.000162681
55323: 0.000162678
55324: 0.000162675
55325: 0.000162672
55326: 0.000162669
55327: 0.000162666
55328: 0.000162663
55329: 0.00016266
55330: 0.000162657
55331: 0.000162655
55332: 0.000162652
55333: 0.000162649
55334: 0.000162646
55335: 0.000162643
55336: 0.00016264
55337: 0.000162637
55338: 0.000162634
55339: 0.000162631
55340: 0.000162628
55341: 0.000162625
55342: 0.000162622
55343: 0.000162619
55344: 0.000162616
55345: 0.000162613
55346: 0.00016261
55347: 0.000162608
55348: 0.000162605
55349: 0.000162602
55350: 0.000162599
55351: 0.000162596
55352: 0.000162593
55353: 0.00016259
55354: 0.000162587
55355: 0.000162584
55356: 0.000162581
55357: 0.000162578
55358: 0.000162575
55359: 0.000162572
55360: 0.000162569
55361: 0.000162566
55362: 0.000162563
55363: 0.000162561
55364: 0.000162558
55365: 0.000162555
55366: 0.000162552
55367: 0.000162549
55368: 0.000162546
55369: 0.000162543
55370: 0.00016254
55371: 0.000162537
55372: 0.000162534
55373: 0.000162531
55374: 0.000162528
55375: 0.000162525
55376: 0.000162522
55377: 0.000162519
55378: 0.000162516
55379: 0.000162514
55380: 0.000162511
55381: 0.000162508
55382: 0.000162505
55383: 0.000162502
55384: 0.000162499
55385: 0.000162496
55386: 0.000162493
55387: 0.00016249
55388: 0.000162487
55389: 0.000162484
55390: 0.000162481
55391: 0.000162478
55392: 0.000162475
55393: 0.000162472
55394: 0.00016247
55395: 0.000162467
55396: 0.000162464
55397: 0.000162461
55398: 0.000162458
55399: 0.000162455
55400: 0.000162452
55401: 0.000162449
55402: 0.000162446
55403: 0.000162443
55404: 0.00016244
55405: 0.000162437
55406: 0.000162434
55407: 0.000162431
55408: 0.000162428
55409: 0.000162426
55410: 0.000162423
55411: 0.00016242
55412: 0.000162417
55413: 0.000162414
55414: 0.000162411
55415: 0.000162408
55416: 0.000162405
55417: 0.000162402
55418: 0.000162399
55419: 0.000162396
55420: 0.000162393
55421: 0.00016239
55422: 0.000162387
55423: 0.000162385
55424: 0.000162382
55425: 0.000162379
55426: 0.000162376
55427: 0.000162373
55428: 0.00016237
55429: 0.000162367
55430: 0.000162364
55431: 0.000162361
55432: 0.000162358
55433: 0.000162355
55434: 0.000162352
55435: 0.000162349
55436: 0.000162346
55437: 0.000162344
55438: 0.000162341
55439: 0.000162338
55440: 0.000162335
55441: 0.000162332
55442: 0.000162329
55443: 0.000162326
55444: 0.000162323
55445: 0.00016232
55446: 0.000162317
55447: 0.000162314
55448: 0.000162311
55449: 0.000162308
55450: 0.000162305
55451: 0.000162303
55452: 0.0001623
55453: 0.000162297
55454: 0.000162294
55455: 0.000162291
55456: 0.000162288
55457: 0.000162285
55458: 0.000162282
55459: 0.000162279
55460: 0.000162276
55461: 0.000162273
55462: 0.00016227
55463: 0.000162267
55464: 0.000162264
55465: 0.000162262
55466: 0.000162259
55467: 0.000162256
55468: 0.000162253
55469: 0.00016225
55470: 0.000162247
55471: 0.000162244
55472: 0.000162241
55473: 0.000162238
55474: 0.000162235
55475: 0.000162232
55476: 0.000162229
55477: 0.000162226
55478: 0.000162224
55479: 0.000162221
55480: 0.000162218
55481: 0.000162215
55482: 0.000162212
55483: 0.000162209
55484: 0.000162206
55485: 0.000162203
55486: 0.0001622
55487: 0.000162197
55488: 0.000162194
55489: 0.000162191
55490: 0.000162188
55491: 0.000162186
55492: 0.000162183
55493: 0.00016218
55494: 0.000162177
55495: 0.000162174
55496: 0.000162171
55497: 0.000162168
55498: 0.000162165
55499: 0.000162162
55500: 0.000162159
55501: 0.000162156
55502: 0.000162153
55503: 0.00016215
55504: 0.000162148
55505: 0.000162145
55506: 0.000162142
55507: 0.000162139
55508: 0.000162136
55509: 0.000162133
55510: 0.00016213
55511: 0.000162127
55512: 0.000162124
55513: 0.000162121
55514: 0.000162118
55515: 0.000162115
55516: 0.000162113
55517: 0.00016211
55518: 0.000162107
55519: 0.000162104
55520: 0.000162101
55521: 0.000162098
55522: 0.000162095
55523: 0.000162092
55524: 0.000162089
55525: 0.000162086
55526: 0.000162083
55527: 0.00016208
55528: 0.000162077
55529: 0.000162075
55530: 0.000162072
55531: 0.000162069
55532: 0.000162066
55533: 0.000162063
55534: 0.00016206
55535: 0.000162057
55536: 0.000162054
55537: 0.000162051
55538: 0.000162048
55539: 0.000162045
55540: 0.000162042
55541: 0.00016204
55542: 0.000162037
55543: 0.000162034
55544: 0.000162031
55545: 0.000162028
55546: 0.000162025
55547: 0.000162022
55548: 0.000162019
55549: 0.000162016
55550: 0.000162013
55551: 0.00016201
55552: 0.000162007
55553: 0.000162005
55554: 0.000162002
55555: 0.000161999
55556: 0.000161996
55557: 0.000161993
55558: 0.00016199
55559: 0.000161987
55560: 0.000161984
55561: 0.000161981
55562: 0.000161978
55563: 0.000161975
55564: 0.000161972
55565: 0.00016197
55566: 0.000161967
55567: 0.000161964
55568: 0.000161961
55569: 0.000161958
55570: 0.000161955
55571: 0.000161952
55572: 0.000161949
55573: 0.000161946
55574: 0.000161943
55575: 0.00016194
55576: 0.000161937
55577: 0.000161935
55578: 0.000161932
55579: 0.000161929
55580: 0.000161926
55581: 0.000161923
55582: 0.00016192
55583: 0.000161917
55584: 0.000161914
55585: 0.000161911
55586: 0.000161908
55587: 0.000161905
55588: 0.000161903
55589: 0.0001619
55590: 0.000161897
55591: 0.000161894
55592: 0.000161891
55593: 0.000161888
55594: 0.000161885
55595: 0.000161882
55596: 0.000161879
55597: 0.000161876
55598: 0.000161873
55599: 0.000161871
55600: 0.000161868
55601: 0.000161865
55602: 0.000161862
55603: 0.000161859
55604: 0.000161856
55605: 0.000161853
55606: 0.00016185
55607: 0.000161847
55608: 0.000161844
55609: 0.000161841
55610: 0.000161838
55611: 0.000161836
55612: 0.000161833
55613: 0.00016183
55614: 0.000161827
55615: 0.000161824
55616: 0.000161821
55617: 0.000161818
55618: 0.000161815
55619: 0.000161812
55620: 0.000161809
55621: 0.000161806
55622: 0.000161804
55623: 0.000161801
55624: 0.000161798
55625: 0.000161795
55626: 0.000161792
55627: 0.000161789
55628: 0.000161786
55629: 0.000161783
55630: 0.00016178
55631: 0.000161777
55632: 0.000161774
55633: 0.000161772
55634: 0.000161769
55635: 0.000161766
55636: 0.000161763
55637: 0.00016176
55638: 0.000161757
55639: 0.000161754
55640: 0.000161751
55641: 0.000161748
55642: 0.000161745
55643: 0.000161743
55644: 0.00016174
55645: 0.000161737
55646: 0.000161734
55647: 0.000161731
55648: 0.000161728
55649: 0.000161725
55650: 0.000161722
55651: 0.000161719
55652: 0.000161716
55653: 0.000161713
55654: 0.000161711
55655: 0.000161708
55656: 0.000161705
55657: 0.000161702
55658: 0.000161699
55659: 0.000161696
55660: 0.000161693
55661: 0.00016169
55662: 0.000161687
55663: 0.000161684
55664: 0.000161681
55665: 0.000161679
55666: 0.000161676
55667: 0.000161673
55668: 0.00016167
55669: 0.000161667
55670: 0.000161664
55671: 0.000161661
55672: 0.000161658
55673: 0.000161655
55674: 0.000161652
55675: 0.00016165
55676: 0.000161647
55677: 0.000161644
55678: 0.000161641
55679: 0.000161638
55680: 0.000161635
55681: 0.000161632
55682: 0.000161629
55683: 0.000161626
55684: 0.000161623
55685: 0.000161621
55686: 0.000161618
55687: 0.000161615
55688: 0.000161612
55689: 0.000161609
55690: 0.000161606
55691: 0.000161603
55692: 0.0001616
55693: 0.000161597
55694: 0.000161594
55695: 0.000161591
55696: 0.000161589
55697: 0.000161586
55698: 0.000161583
55699: 0.00016158
55700: 0.000161577
55701: 0.000161574
55702: 0.000161571
55703: 0.000161568
55704: 0.000161565
55705: 0.000161562
55706: 0.00016156
55707: 0.000161557
55708: 0.000161554
55709: 0.000161551
55710: 0.000161548
55711: 0.000161545
55712: 0.000161542
55713: 0.000161539
55714: 0.000161536
55715: 0.000161533
55716: 0.000161531
55717: 0.000161528
55718: 0.000161525
55719: 0.000161522
55720: 0.000161519
55721: 0.000161516
55722: 0.000161513
55723: 0.00016151
55724: 0.000161507
55725: 0.000161505
55726: 0.000161502
55727: 0.000161499
55728: 0.000161496
55729: 0.000161493
55730: 0.00016149
55731: 0.000161487
55732: 0.000161484
55733: 0.000161481
55734: 0.000161478
55735: 0.000161476
55736: 0.000161473
55737: 0.00016147
55738: 0.000161467
55739: 0.000161464
55740: 0.000161461
55741: 0.000161458
55742: 0.000161455
55743: 0.000161452
55744: 0.000161449
55745: 0.000161447
55746: 0.000161444
55747: 0.000161441
55748: 0.000161438
55749: 0.000161435
55750: 0.000161432
55751: 0.000161429
55752: 0.000161426
55753: 0.000161423
55754: 0.000161421
55755: 0.000161418
55756: 0.000161415
55757: 0.000161412
55758: 0.000161409
55759: 0.000161406
55760: 0.000161403
55761: 0.0001614
55762: 0.000161397
55763: 0.000161394
55764: 0.000161392
55765: 0.000161389
55766: 0.000161386
55767: 0.000161383
55768: 0.00016138
55769: 0.000161377
55770: 0.000161374
55771: 0.000161371
55772: 0.000161368
55773: 0.000161366
55774: 0.000161363
55775: 0.00016136
55776: 0.000161357
55777: 0.000161354
55778: 0.000161351
55779: 0.000161348
55780: 0.000161345
55781: 0.000161342
55782: 0.000161339
55783: 0.000161337
55784: 0.000161334
55785: 0.000161331
55786: 0.000161328
55787: 0.000161325
55788: 0.000161322
55789: 0.000161319
55790: 0.000161316
55791: 0.000161313
55792: 0.000161311
55793: 0.000161308
55794: 0.000161305
55795: 0.000161302
55796: 0.000161299
55797: 0.000161296
55798: 0.000161293
55799: 0.00016129
55800: 0.000161287
55801: 0.000161285
55802: 0.000161282
55803: 0.000161279
55804: 0.000161276
55805: 0.000161273
55806: 0.00016127
55807: 0.000161267
55808: 0.000161264
55809: 0.000161261
55810: 0.000161259
55811: 0.000161256
55812: 0.000161253
55813: 0.00016125
55814: 0.000161247
55815: 0.000161244
55816: 0.000161241
55817: 0.000161238
55818: 0.000161235
55819: 0.000161233
55820: 0.00016123
55821: 0.000161227
55822: 0.000161224
55823: 0.000161221
55824: 0.000161218
55825: 0.000161215
55826: 0.000161212
55827: 0.000161209
55828: 0.000161207
55829: 0.000161204
55830: 0.000161201
55831: 0.000161198
55832: 0.000161195
55833: 0.000161192
55834: 0.000161189
55835: 0.000161186
55836: 0.000161183
55837: 0.000161181
55838: 0.000161178
55839: 0.000161175
55840: 0.000161172
55841: 0.000161169
55842: 0.000161166
55843: 0.000161163
55844: 0.00016116
55845: 0.000161157
55846: 0.000161155
55847: 0.000161152
55848: 0.000161149
55849: 0.000161146
55850: 0.000161143
55851: 0.00016114
55852: 0.000161137
55853: 0.000161134
55854: 0.000161132
55855: 0.000161129
55856: 0.000161126
55857: 0.000161123
55858: 0.00016112
55859: 0.000161117
55860: 0.000161114
55861: 0.000161111
55862: 0.000161108
55863: 0.000161106
55864: 0.000161103
55865: 0.0001611
55866: 0.000161097
55867: 0.000161094
55868: 0.000161091
55869: 0.000161088
55870: 0.000161085
55871: 0.000161082
55872: 0.00016108
55873: 0.000161077
55874: 0.000161074
55875: 0.000161071
55876: 0.000161068
55877: 0.000161065
55878: 0.000161062
55879: 0.000161059
55880: 0.000161057
55881: 0.000161054
55882: 0.000161051
55883: 0.000161048
55884: 0.000161045
55885: 0.000161042
55886: 0.000161039
55887: 0.000161036
55888: 0.000161033
55889: 0.000161031
55890: 0.000161028
55891: 0.000161025
55892: 0.000161022
55893: 0.000161019
55894: 0.000161016
55895: 0.000161013
55896: 0.00016101
55897: 0.000161008
55898: 0.000161005
55899: 0.000161002
55900: 0.000160999
55901: 0.000160996
55902: 0.000160993
55903: 0.00016099
55904: 0.000160987
55905: 0.000160985
55906: 0.000160982
55907: 0.000160979
55908: 0.000160976
55909: 0.000160973
55910: 0.00016097
55911: 0.000160967
55912: 0.000160964
55913: 0.000160961
55914: 0.000160959
55915: 0.000160956
55916: 0.000160953
55917: 0.00016095
55918: 0.000160947
55919: 0.000160944
55920: 0.000160941
55921: 0.000160938
55922: 0.000160936
55923: 0.000160933
55924: 0.00016093
55925: 0.000160927
55926: 0.000160924
55927: 0.000160921
55928: 0.000160918
55929: 0.000160915
55930: 0.000160913
55931: 0.00016091
55932: 0.000160907
55933: 0.000160904
55934: 0.000160901
55935: 0.000160898
55936: 0.000160895
55937: 0.000160892
55938: 0.00016089
55939: 0.000160887
55940: 0.000160884
55941: 0.000160881
55942: 0.000160878
55943: 0.000160875
55944: 0.000160872
55945: 0.000160869
55946: 0.000160867
55947: 0.000160864
55948: 0.000160861
55949: 0.000160858
55950: 0.000160855
55951: 0.000160852
55952: 0.000160849
55953: 0.000160846
55954: 0.000160844
55955: 0.000160841
55956: 0.000160838
55957: 0.000160835
55958: 0.000160832
55959: 0.000160829
55960: 0.000160826
55961: 0.000160823
55962: 0.000160821
55963: 0.000160818
55964: 0.000160815
55965: 0.000160812
55966: 0.000160809
55967: 0.000160806
55968: 0.000160803
55969: 0.0001608
55970: 0.000160798
55971: 0.000160795
55972: 0.000160792
55973: 0.000160789
55974: 0.000160786
55975: 0.000160783
55976: 0.00016078
55977: 0.000160777
55978: 0.000160775
55979: 0.000160772
55980: 0.000160769
55981: 0.000160766
55982: 0.000160763
55983: 0.00016076
55984: 0.000160757
55985: 0.000160754
55986: 0.000160752
55987: 0.000160749
55988: 0.000160746
55989: 0.000160743
55990: 0.00016074
55991: 0.000160737
55992: 0.000160734
55993: 0.000160732
55994: 0.000160729
55995: 0.000160726
55996: 0.000160723
55997: 0.00016072
55998: 0.000160717
55999: 0.000160714
56000: 0.000160711
56001: 0.000160709
56002: 0.000160706
56003: 0.000160703
56004: 0.0001607
56005: 0.000160697
56006: 0.000160694
56007: 0.000160691
56008: 0.000160688
56009: 0.000160686
56010: 0.000160683
56011: 0.00016068
56012: 0.000160677
56013: 0.000160674
56014: 0.000160671
56015: 0.000160668
56016: 0.000160666
56017: 0.000160663
56018: 0.00016066
56019: 0.000160657
56020: 0.000160654
56021: 0.000160651
56022: 0.000160648
56023: 0.000160645
56024: 0.000160643
56025: 0.00016064
56026: 0.000160637
56027: 0.000160634
56028: 0.000160631
56029: 0.000160628
56030: 0.000160625
56031: 0.000160623
56032: 0.00016062
56033: 0.000160617
56034: 0.000160614
56035: 0.000160611
56036: 0.000160608
56037: 0.000160605
56038: 0.000160602
56039: 0.0001606
56040: 0.000160597
56041: 0.000160594
56042: 0.000160591
56043: 0.000160588
56044: 0.000160585
56045: 0.000160582
56046: 0.00016058
56047: 0.000160577
56048: 0.000160574
56049: 0.000160571
56050: 0.000160568
56051: 0.000160565
56052: 0.000160562
56053: 0.000160559
56054: 0.000160557
56055: 0.000160554
56056: 0.000160551
56057: 0.000160548
56058: 0.000160545
56059: 0.000160542
56060: 0.000160539
56061: 0.000160537
56062: 0.000160534
56063: 0.000160531
56064: 0.000160528
56065: 0.000160525
56066: 0.000160522
56067: 0.000160519
56068: 0.000160517
56069: 0.000160514
56070: 0.000160511
56071: 0.000160508
56072: 0.000160505
56073: 0.000160502
56074: 0.000160499
56075: 0.000160496
56076: 0.000160494
56077: 0.000160491
56078: 0.000160488
56079: 0.000160485
56080: 0.000160482
56081: 0.000160479
56082: 0.000160476
56083: 0.000160474
56084: 0.000160471
56085: 0.000160468
56086: 0.000160465
56087: 0.000160462
56088: 0.000160459
56089: 0.000160456
56090: 0.000160454
56091: 0.000160451
56092: 0.000160448
56093: 0.000160445
56094: 0.000160442
56095: 0.000160439
56096: 0.000160436
56097: 0.000160434
56098: 0.000160431
56099: 0.000160428
56100: 0.000160425
56101: 0.000160422
56102: 0.000160419
56103: 0.000160416
56104: 0.000160414
56105: 0.000160411
56106: 0.000160408
56107: 0.000160405
56108: 0.000160402
56109: 0.000160399
56110: 0.000160396
56111: 0.000160393
56112: 0.000160391
56113: 0.000160388
56114: 0.000160385
56115: 0.000160382
56116: 0.000160379
56117: 0.000160376
56118: 0.000160373
56119: 0.000160371
56120: 0.000160368
56121: 0.000160365
56122: 0.000160362
56123: 0.000160359
56124: 0.000160356
56125: 0.000160353
56126: 0.000160351
56127: 0.000160348
56128: 0.000160345
56129: 0.000160342
56130: 0.000160339
56131: 0.000160336
56132: 0.000160333
56133: 0.000160331
56134: 0.000160328
56135: 0.000160325
56136: 0.000160322
56137: 0.000160319
56138: 0.000160316
56139: 0.000160314
56140: 0.000160311
56141: 0.000160308
56142: 0.000160305
56143: 0.000160302
56144: 0.000160299
56145: 0.000160296
56146: 0.000160294
56147: 0.000160291
56148: 0.000160288
56149: 0.000160285
56150: 0.000160282
56151: 0.000160279
56152: 0.000160276
56153: 0.000160274
56154: 0.000160271
56155: 0.000160268
56156: 0.000160265
56157: 0.000160262
56158: 0.000160259
56159: 0.000160256
56160: 0.000160254
56161: 0.000160251
56162: 0.000160248
56163: 0.000160245
56164: 0.000160242
56165: 0.000160239
56166: 0.000160236
56167: 0.000160234
56168: 0.000160231
56169: 0.000160228
56170: 0.000160225
56171: 0.000160222
56172: 0.000160219
56173: 0.000160216
56174: 0.000160214
56175: 0.000160211
56176: 0.000160208
56177: 0.000160205
56178: 0.000160202
56179: 0.000160199
56180: 0.000160197
56181: 0.000160194
56182: 0.000160191
56183: 0.000160188
56184: 0.000160185
56185: 0.000160182
56186: 0.000160179
56187: 0.000160177
56188: 0.000160174
56189: 0.000160171
56190: 0.000160168
56191: 0.000160165
56192: 0.000160162
56193: 0.000160159
56194: 0.000160157
56195: 0.000160154
56196: 0.000160151
56197: 0.000160148
56198: 0.000160145
56199: 0.000160142
56200: 0.000160139
56201: 0.000160137
56202: 0.000160134
56203: 0.000160131
56204: 0.000160128
56205: 0.000160125
56206: 0.000160122
56207: 0.00016012
56208: 0.000160117
56209: 0.000160114
56210: 0.000160111
56211: 0.000160108
56212: 0.000160105
56213: 0.000160102
56214: 0.0001601
56215: 0.000160097
56216: 0.000160094
56217: 0.000160091
56218: 0.000160088
56219: 0.000160085
56220: 0.000160083
56221: 0.00016008
56222: 0.000160077
56223: 0.000160074
56224: 0.000160071
56225: 0.000160068
56226: 0.000160065
56227: 0.000160063
56228: 0.00016006
56229: 0.000160057
56230: 0.000160054
56231: 0.000160051
56232: 0.000160048
56233: 0.000160046
56234: 0.000160043
56235: 0.00016004
56236: 0.000160037
56237: 0.000160034
56238: 0.000160031
56239: 0.000160028
56240: 0.000160026
56241: 0.000160023
56242: 0.00016002
56243: 0.000160017
56244: 0.000160014
56245: 0.000160011
56246: 0.000160009
56247: 0.000160006
56248: 0.000160003
56249: 0.00016
56250: 0.000159997
56251: 0.000159994
56252: 0.000159991
56253: 0.000159989
56254: 0.000159986
56255: 0.000159983
56256: 0.00015998
56257: 0.000159977
56258: 0.000159974
56259: 0.000159972
56260: 0.000159969
56261: 0.000159966
56262: 0.000159963
56263: 0.00015996
56264: 0.000159957
56265: 0.000159955
56266: 0.000159952
56267: 0.000159949
56268: 0.000159946
56269: 0.000159943
56270: 0.00015994
56271: 0.000159937
56272: 0.000159935
56273: 0.000159932
56274: 0.000159929
56275: 0.000159926
56276: 0.000159923
56277: 0.00015992
56278: 0.000159918
56279: 0.000159915
56280: 0.000159912
56281: 0.000159909
56282: 0.000159906
56283: 0.000159903
56284: 0.000159901
56285: 0.000159898
56286: 0.000159895
56287: 0.000159892
56288: 0.000159889
56289: 0.000159886
56290: 0.000159883
56291: 0.000159881
56292: 0.000159878
56293: 0.000159875
56294: 0.000159872
56295: 0.000159869
56296: 0.000159866
56297: 0.000159864
56298: 0.000159861
56299: 0.000159858
56300: 0.000159855
56301: 0.000159852
56302: 0.000159849
56303: 0.000159847
56304: 0.000159844
56305: 0.000159841
56306: 0.000159838
56307: 0.000159835
56308: 0.000159832
56309: 0.00015983
56310: 0.000159827
56311: 0.000159824
56312: 0.000159821
56313: 0.000159818
56314: 0.000159815
56315: 0.000159812
56316: 0.00015981
56317: 0.000159807
56318: 0.000159804
56319: 0.000159801
56320: 0.000159798
56321: 0.000159795
56322: 0.000159793
56323: 0.00015979
56324: 0.000159787
56325: 0.000159784
56326: 0.000159781
56327: 0.000159778
56328: 0.000159776
56329: 0.000159773
56330: 0.00015977
56331: 0.000159767
56332: 0.000159764
56333: 0.000159761
56334: 0.000159759
56335: 0.000159756
56336: 0.000159753
56337: 0.00015975
56338: 0.000159747
56339: 0.000159744
56340: 0.000159742
56341: 0.000159739
56342: 0.000159736
56343: 0.000159733
56344: 0.00015973
56345: 0.000159727
56346: 0.000159725
56347: 0.000159722
56348: 0.000159719
56349: 0.000159716
56350: 0.000159713
56351: 0.00015971
56352: 0.000159708
56353: 0.000159705
56354: 0.000159702
56355: 0.000159699
56356: 0.000159696
56357: 0.000159693
56358: 0.000159691
56359: 0.000159688
56360: 0.000159685
56361: 0.000159682
56362: 0.000159679
56363: 0.000159676
56364: 0.000159674
56365: 0.000159671
56366: 0.000159668
56367: 0.000159665
56368: 0.000159662
56369: 0.000159659
56370: 0.000159657
56371: 0.000159654
56372: 0.000159651
56373: 0.000159648
56374: 0.000159645
56375: 0.000159642
56376: 0.00015964
56377: 0.000159637
56378: 0.000159634
56379: 0.000159631
56380: 0.000159628
56381: 0.000159625
56382: 0.000159623
56383: 0.00015962
56384: 0.000159617
56385: 0.000159614
56386: 0.000159611
56387: 0.000159608
56388: 0.000159606
56389: 0.000159603
56390: 0.0001596
56391: 0.000159597
56392: 0.000159594
56393: 0.000159591
56394: 0.000159589
56395: 0.000159586
56396: 0.000159583
56397: 0.00015958
56398: 0.000159577
56399: 0.000159574
56400: 0.000159572
56401: 0.000159569
56402: 0.000159566
56403: 0.000159563
56404: 0.00015956
56405: 0.000159557
56406: 0.000159555
56407: 0.000159552
56408: 0.000159549
56409: 0.000159546
56410: 0.000159543
56411: 0.000159541
56412: 0.000159538
56413: 0.000159535
56414: 0.000159532
56415: 0.000159529
56416: 0.000159526
56417: 0.000159524
56418: 0.000159521
56419: 0.000159518
56420: 0.000159515
56421: 0.000159512
56422: 0.000159509
56423: 0.000159507
56424: 0.000159504
56425: 0.000159501
56426: 0.000159498
56427: 0.000159495
56428: 0.000159492
56429: 0.00015949
56430: 0.000159487
56431: 0.000159484
56432: 0.000159481
56433: 0.000159478
56434: 0.000159476
56435: 0.000159473
56436: 0.00015947
56437: 0.000159467
56438: 0.000159464
56439: 0.000159461
56440: 0.000159459
56441: 0.000159456
56442: 0.000159453
56443: 0.00015945
56444: 0.000159447
56445: 0.000159444
56446: 0.000159442
56447: 0.000159439
56448: 0.000159436
56449: 0.000159433
56450: 0.00015943
56451: 0.000159427
56452: 0.000159425
56453: 0.000159422
56454: 0.000159419
56455: 0.000159416
56456: 0.000159413
56457: 0.000159411
56458: 0.000159408
56459: 0.000159405
56460: 0.000159402
56461: 0.000159399
56462: 0.000159396
56463: 0.000159394
56464: 0.000159391
56465: 0.000159388
56466: 0.000159385
56467: 0.000159382
56468: 0.000159379
56469: 0.000159377
56470: 0.000159374
56471: 0.000159371
56472: 0.000159368
56473: 0.000159365
56474: 0.000159363
56475: 0.00015936
56476: 0.000159357
56477: 0.000159354
56478: 0.000159351
56479: 0.000159348
56480: 0.000159346
56481: 0.000159343
56482: 0.00015934
56483: 0.000159337
56484: 0.000159334
56485: 0.000159332
56486: 0.000159329
56487: 0.000159326
56488: 0.000159323
56489: 0.00015932
56490: 0.000159317
56491: 0.000159315
56492: 0.000159312
56493: 0.000159309
56494: 0.000159306
56495: 0.000159303
56496: 0.0001593
56497: 0.000159298
56498: 0.000159295
56499: 0.000159292
56500: 0.000159289
56501: 0.000159286
56502: 0.000159284
56503: 0.000159281
56504: 0.000159278
56505: 0.000159275
56506: 0.000159272
56507: 0.000159269
56508: 0.000159267
56509: 0.000159264
56510: 0.000159261
56511: 0.000159258
56512: 0.000159255
56513: 0.000159253
56514: 0.00015925
56515: 0.000159247
56516: 0.000159244
56517: 0.000159241
56518: 0.000159238
56519: 0.000159236
56520: 0.000159233
56521: 0.00015923
56522: 0.000159227
56523: 0.000159224
56524: 0.000159222
56525: 0.000159219
56526: 0.000159216
56527: 0.000159213
56528: 0.00015921
56529: 0.000159208
56530: 0.000159205
56531: 0.000159202
56532: 0.000159199
56533: 0.000159196
56534: 0.000159193
56535: 0.000159191
56536: 0.000159188
56537: 0.000159185
56538: 0.000159182
56539: 0.000159179
56540: 0.000159177
56541: 0.000159174
56542: 0.000159171
56543: 0.000159168
56544: 0.000159165
56545: 0.000159162
56546: 0.00015916
56547: 0.000159157
56548: 0.000159154
56549: 0.000159151
56550: 0.000159148
56551: 0.000159146
56552: 0.000159143
56553: 0.00015914
56554: 0.000159137
56555: 0.000159134
56556: 0.000159131
56557: 0.000159129
56558: 0.000159126
56559: 0.000159123
56560: 0.00015912
56561: 0.000159117
56562: 0.000159115
56563: 0.000159112
56564: 0.000159109
56565: 0.000159106
56566: 0.000159103
56567: 0.000159101
56568: 0.000159098
56569: 0.000159095
56570: 0.000159092
56571: 0.000159089
56572: 0.000159086
56573: 0.000159084
56574: 0.000159081
56575: 0.000159078
56576: 0.000159075
56577: 0.000159072
56578: 0.00015907
56579: 0.000159067
56580: 0.000159064
56581: 0.000159061
56582: 0.000159058
56583: 0.000159056
56584: 0.000159053
56585: 0.00015905
56586: 0.000159047
56587: 0.000159044
56588: 0.000159042
56589: 0.000159039
56590: 0.000159036
56591: 0.000159033
56592: 0.00015903
56593: 0.000159027
56594: 0.000159025
56595: 0.000159022
56596: 0.000159019
56597: 0.000159016
56598: 0.000159013
56599: 0.000159011
56600: 0.000159008
56601: 0.000159005
56602: 0.000159002
56603: 0.000158999
56604: 0.000158997
56605: 0.000158994
56606: 0.000158991
56607: 0.000158988
56608: 0.000158985
56609: 0.000158983
56610: 0.00015898
56611: 0.000158977
56612: 0.000158974
56613: 0.000158971
56614: 0.000158968
56615: 0.000158966
56616: 0.000158963
56617: 0.00015896
56618: 0.000158957
56619: 0.000158954
56620: 0.000158952
56621: 0.000158949
56622: 0.000158946
56623: 0.000158943
56624: 0.00015894
56625: 0.000158938
56626: 0.000158935
56627: 0.000158932
56628: 0.000158929
56629: 0.000158926
56630: 0.000158924
56631: 0.000158921
56632: 0.000158918
56633: 0.000158915
56634: 0.000158912
56635: 0.00015891
56636: 0.000158907
56637: 0.000158904
56638: 0.000158901
56639: 0.000158898
56640: 0.000158895
56641: 0.000158893
56642: 0.00015889
56643: 0.000158887
56644: 0.000158884
56645: 0.000158881
56646: 0.000158879
56647: 0.000158876
56648: 0.000158873
56649: 0.00015887
56650: 0.000158867
56651: 0.000158865
56652: 0.000158862
56653: 0.000158859
56654: 0.000158856
56655: 0.000158853
56656: 0.000158851
56657: 0.000158848
56658: 0.000158845
56659: 0.000158842
56660: 0.000158839
56661: 0.000158837
56662: 0.000158834
56663: 0.000158831
56664: 0.000158828
56665: 0.000158825
56666: 0.000158823
56667: 0.00015882
56668: 0.000158817
56669: 0.000158814
56670: 0.000158811
56671: 0.000158809
56672: 0.000158806
56673: 0.000158803
56674: 0.0001588
56675: 0.000158797
56676: 0.000158795
56677: 0.000158792
56678: 0.000158789
56679: 0.000158786
56680: 0.000158783
56681: 0.000158781
56682: 0.000158778
56683: 0.000158775
56684: 0.000158772
56685: 0.000158769
56686: 0.000158767
56687: 0.000158764
56688: 0.000158761
56689: 0.000158758
56690: 0.000158755
56691: 0.000158753
56692: 0.00015875
56693: 0.000158747
56694: 0.000158744
56695: 0.000158741
56696: 0.000158739
56697: 0.000158736
56698: 0.000158733
56699: 0.00015873
56700: 0.000158727
56701: 0.000158725
56702: 0.000158722
56703: 0.000158719
56704: 0.000158716
56705: 0.000158713
56706: 0.000158711
56707: 0.000158708
56708: 0.000158705
56709: 0.000158702
56710: 0.000158699
56711: 0.000158697
56712: 0.000158694
56713: 0.000158691
56714: 0.000158688
56715: 0.000158685
56716: 0.000158683
56717: 0.00015868
56718: 0.000158677
56719: 0.000158674
56720: 0.000158671
56721: 0.000158669
56722: 0.000158666
56723: 0.000158663
56724: 0.00015866
56725: 0.000158657
56726: 0.000158655
56727: 0.000158652
56728: 0.000158649
56729: 0.000158646
56730: 0.000158643
56731: 0.000158641
56732: 0.000158638
56733: 0.000158635
56734: 0.000158632
56735: 0.000158629
56736: 0.000158627
56737: 0.000158624
56738: 0.000158621
56739: 0.000158618
56740: 0.000158615
56741: 0.000158613
56742: 0.00015861
56743: 0.000158607
56744: 0.000158604
56745: 0.000158601
56746: 0.000158599
56747: 0.000158596
56748: 0.000158593
56749: 0.00015859
56750: 0.000158588
56751: 0.000158585
56752: 0.000158582
56753: 0.000158579
56754: 0.000158576
56755: 0.000158574
56756: 0.000158571
56757: 0.000158568
56758: 0.000158565
56759: 0.000158562
56760: 0.00015856
56761: 0.000158557
56762: 0.000158554
56763: 0.000158551
56764: 0.000158548
56765: 0.000158546
56766: 0.000158543
56767: 0.00015854
56768: 0.000158537
56769: 0.000158534
56770: 0.000158532
56771: 0.000158529
56772: 0.000158526
56773: 0.000158523
56774: 0.00015852
56775: 0.000158518
56776: 0.000158515
56777: 0.000158512
56778: 0.000158509
56779: 0.000158507
56780: 0.000158504
56781: 0.000158501
56782: 0.000158498
56783: 0.000158495
56784: 0.000158493
56785: 0.00015849
56786: 0.000158487
56787: 0.000158484
56788: 0.000158481
56789: 0.000158479
56790: 0.000158476
56791: 0.000158473
56792: 0.00015847
56793: 0.000158467
56794: 0.000158465
56795: 0.000158462
56796: 0.000158459
56797: 0.000158456
56798: 0.000158453
56799: 0.000158451
56800: 0.000158448
56801: 0.000158445
56802: 0.000158442
56803: 0.00015844
56804: 0.000158437
56805: 0.000158434
56806: 0.000158431
56807: 0.000158428
56808: 0.000158426
56809: 0.000158423
56810: 0.00015842
56811: 0.000158417
56812: 0.000158414
56813: 0.000158412
56814: 0.000158409
56815: 0.000158406
56816: 0.000158403
56817: 0.000158401
56818: 0.000158398
56819: 0.000158395
56820: 0.000158392
56821: 0.000158389
56822: 0.000158387
56823: 0.000158384
56824: 0.000158381
56825: 0.000158378
56826: 0.000158375
56827: 0.000158373
56828: 0.00015837
56829: 0.000158367
56830: 0.000158364
56831: 0.000158361
56832: 0.000158359
56833: 0.000158356
56834: 0.000158353
56835: 0.00015835
56836: 0.000158348
56837: 0.000158345
56838: 0.000158342
56839: 0.000158339
56840: 0.000158336
56841: 0.000158334
56842: 0.000158331
56843: 0.000158328
56844: 0.000158325
56845: 0.000158322
56846: 0.00015832
56847: 0.000158317
56848: 0.000158314
56849: 0.000158311
56850: 0.000158309
56851: 0.000158306
56852: 0.000158303
56853: 0.0001583
56854: 0.000158297
56855: 0.000158295
56856: 0.000158292
56857: 0.000158289
56858: 0.000158286
56859: 0.000158284
56860: 0.000158281
56861: 0.000158278
56862: 0.000158275
56863: 0.000158272
56864: 0.00015827
56865: 0.000158267
56866: 0.000158264
56867: 0.000158261
56868: 0.000158258
56869: 0.000158256
56870: 0.000158253
56871: 0.00015825
56872: 0.000158247
56873: 0.000158245
56874: 0.000158242
56875: 0.000158239
56876: 0.000158236
56877: 0.000158233
56878: 0.000158231
56879: 0.000158228
56880: 0.000158225
56881: 0.000158222
56882: 0.00015822
56883: 0.000158217
56884: 0.000158214
56885: 0.000158211
56886: 0.000158208
56887: 0.000158206
56888: 0.000158203
56889: 0.0001582
56890: 0.000158197
56891: 0.000158194
56892: 0.000158192
56893: 0.000158189
56894: 0.000158186
56895: 0.000158183
56896: 0.000158181
56897: 0.000158178
56898: 0.000158175
56899: 0.000158172
56900: 0.000158169
56901: 0.000158167
56902: 0.000158164
56903: 0.000158161
56904: 0.000158158
56905: 0.000158156
56906: 0.000158153
56907: 0.00015815
56908: 0.000158147
56909: 0.000158144
56910: 0.000158142
56911: 0.000158139
56912: 0.000158136
56913: 0.000158133
56914: 0.000158131
56915: 0.000158128
56916: 0.000158125
56917: 0.000158122
56918: 0.000158119
56919: 0.000158117
56920: 0.000158114
56921: 0.000158111
56922: 0.000158108
56923: 0.000158106
56924: 0.000158103
56925: 0.0001581
56926: 0.000158097
56927: 0.000158094
56928: 0.000158092
56929: 0.000158089
56930: 0.000158086
56931: 0.000158083
56932: 0.000158081
56933: 0.000158078
56934: 0.000158075
56935: 0.000158072
56936: 0.000158069
56937: 0.000158067
56938: 0.000158064
56939: 0.000158061
56940: 0.000158058
56941: 0.000158056
56942: 0.000158053
56943: 0.00015805
56944: 0.000158047
56945: 0.000158044
56946: 0.000158042
56947: 0.000158039
56948: 0.000158036
56949: 0.000158033
56950: 0.000158031
56951: 0.000158028
56952: 0.000158025
56953: 0.000158022
56954: 0.000158019
56955: 0.000158017
56956: 0.000158014
56957: 0.000158011
56958: 0.000158008
56959: 0.000158006
56960: 0.000158003
56961: 0.000158
56962: 0.000157997
56963: 0.000157995
56964: 0.000157992
56965: 0.000157989
56966: 0.000157986
56967: 0.000157983
56968: 0.000157981
56969: 0.000157978
56970: 0.000157975
56971: 0.000157972
56972: 0.00015797
56973: 0.000157967
56974: 0.000157964
56975: 0.000157961
56976: 0.000157958
56977: 0.000157956
56978: 0.000157953
56979: 0.00015795
56980: 0.000157947
56981: 0.000157945
56982: 0.000157942
56983: 0.000157939
56984: 0.000157936
56985: 0.000157934
56986: 0.000157931
56987: 0.000157928
56988: 0.000157925
56989: 0.000157922
56990: 0.00015792
56991: 0.000157917
56992: 0.000157914
56993: 0.000157911
56994: 0.000157909
56995: 0.000157906
56996: 0.000157903
56997: 0.0001579
56998: 0.000157898
56999: 0.000157895
57000: 0.000157892
57001: 0.000157889
57002: 0.000157886
57003: 0.000157884
57004: 0.000157881
57005: 0.000157878
57006: 0.000157875
57007: 0.000157873
57008: 0.00015787
57009: 0.000157867
57010: 0.000157864
57011: 0.000157862
57012: 0.000157859
57013: 0.000157856
57014: 0.000157853
57015: 0.00015785
57016: 0.000157848
57017: 0.000157845
57018: 0.000157842
57019: 0.000157839
57020: 0.000157837
57021: 0.000157834
57022: 0.000157831
57023: 0.000157828
57024: 0.000157826
57025: 0.000157823
57026: 0.00015782
57027: 0.000157817
57028: 0.000157814
57029: 0.000157812
57030: 0.000157809
57031: 0.000157806
57032: 0.000157803
57033: 0.000157801
57034: 0.000157798
57035: 0.000157795
57036: 0.000157792
57037: 0.00015779
57038: 0.000157787
57039: 0.000157784
57040: 0.000157781
57041: 0.000157778
57042: 0.000157776
57043: 0.000157773
57044: 0.00015777
57045: 0.000157767
57046: 0.000157765
57047: 0.000157762
57048: 0.000157759
57049: 0.000157756
57050: 0.000157754
57051: 0.000157751
57052: 0.000157748
57053: 0.000157745
57054: 0.000157743
57055: 0.00015774
57056: 0.000157737
57057: 0.000157734
57058: 0.000157731
57059: 0.000157729
57060: 0.000157726
57061: 0.000157723
57062: 0.00015772
57063: 0.000157718
57064: 0.000157715
57065: 0.000157712
57066: 0.000157709
57067: 0.000157707
57068: 0.000157704
57069: 0.000157701
57070: 0.000157698
57071: 0.000157696
57072: 0.000157693
57073: 0.00015769
57074: 0.000157687
57075: 0.000157684
57076: 0.000157682
57077: 0.000157679
57078: 0.000157676
57079: 0.000157673
57080: 0.000157671
57081: 0.000157668
57082: 0.000157665
57083: 0.000157662
57084: 0.00015766
57085: 0.000157657
57086: 0.000157654
57087: 0.000157651
57088: 0.000157649
57089: 0.000157646
57090: 0.000157643
57091: 0.00015764
57092: 0.000157638
57093: 0.000157635
57094: 0.000157632
57095: 0.000157629
57096: 0.000157626
57097: 0.000157624
57098: 0.000157621
57099: 0.000157618
57100: 0.000157615
57101: 0.000157613
57102: 0.00015761
57103: 0.000157607
57104: 0.000157604
57105: 0.000157602
57106: 0.000157599
57107: 0.000157596
57108: 0.000157593
57109: 0.000157591
57110: 0.000157588
57111: 0.000157585
57112: 0.000157582
57113: 0.00015758
57114: 0.000157577
57115: 0.000157574
57116: 0.000157571
57117: 0.000157569
57118: 0.000157566
57119: 0.000157563
57120: 0.00015756
57121: 0.000157558
57122: 0.000157555
57123: 0.000157552
57124: 0.000157549
57125: 0.000157546
57126: 0.000157544
57127: 0.000157541
57128: 0.000157538
57129: 0.000157535
57130: 0.000157533
57131: 0.00015753
57132: 0.000157527
57133: 0.000157524
57134: 0.000157522
57135: 0.000157519
57136: 0.000157516
57137: 0.000157513
57138: 0.000157511
57139: 0.000157508
57140: 0.000157505
57141: 0.000157502
57142: 0.0001575
57143: 0.000157497
57144: 0.000157494
57145: 0.000157491
57146: 0.000157489
57147: 0.000157486
57148: 0.000157483
57149: 0.00015748
57150: 0.000157478
57151: 0.000157475
57152: 0.000157472
57153: 0.000157469
57154: 0.000157467
57155: 0.000157464
57156: 0.000157461
57157: 0.000157458
57158: 0.000157456
57159: 0.000157453
57160: 0.00015745
57161: 0.000157447
57162: 0.000157445
57163: 0.000157442
57164: 0.000157439
57165: 0.000157436
57166: 0.000157433
57167: 0.000157431
57168: 0.000157428
57169: 0.000157425
57170: 0.000157422
57171: 0.00015742
57172: 0.000157417
57173: 0.000157414
57174: 0.000157411
57175: 0.000157409
57176: 0.000157406
57177: 0.000157403
57178: 0.0001574
57179: 0.000157398
57180: 0.000157395
57181: 0.000157392
57182: 0.000157389
57183: 0.000157387
57184: 0.000157384
57185: 0.000157381
57186: 0.000157378
57187: 0.000157376
57188: 0.000157373
57189: 0.00015737
57190: 0.000157367
57191: 0.000157365
57192: 0.000157362
57193: 0.000157359
57194: 0.000157356
57195: 0.000157354
57196: 0.000157351
57197: 0.000157348
57198: 0.000157345
57199: 0.000157343
57200: 0.00015734
57201: 0.000157337
57202: 0.000157334
57203: 0.000157332
57204: 0.000157329
57205: 0.000157326
57206: 0.000157323
57207: 0.000157321
57208: 0.000157318
57209: 0.000157315
57210: 0.000157312
57211: 0.00015731
57212: 0.000157307
57213: 0.000157304
57214: 0.000157301
57215: 0.000157299
57216: 0.000157296
57217: 0.000157293
57218: 0.00015729
57219: 0.000157288
57220: 0.000157285
57221: 0.000157282
57222: 0.000157279
57223: 0.000157277
57224: 0.000157274
57225: 0.000157271
57226: 0.000157268
57227: 0.000157266
57228: 0.000157263
57229: 0.00015726
57230: 0.000157257
57231: 0.000157255
57232: 0.000157252
57233: 0.000157249
57234: 0.000157246
57235: 0.000157244
57236: 0.000157241
57237: 0.000157238
57238: 0.000157235
57239: 0.000157233
57240: 0.00015723
57241: 0.000157227
57242: 0.000157224
57243: 0.000157222
57244: 0.000157219
57245: 0.000157216
57246: 0.000157213
57247: 0.000157211
57248: 0.000157208
57249: 0.000157205
57250: 0.000157202
57251: 0.0001572
57252: 0.000157197
57253: 0.000157194
57254: 0.000157192
57255: 0.000157189
57256: 0.000157186
57257: 0.000157183
57258: 0.000157181
57259: 0.000157178
57260: 0.000157175
57261: 0.000157172
57262: 0.00015717
57263: 0.000157167
57264: 0.000157164
57265: 0.000157161
57266: 0.000157159
57267: 0.000157156
57268: 0.000157153
57269: 0.00015715
57270: 0.000157148
57271: 0.000157145
57272: 0.000157142
57273: 0.000157139
57274: 0.000157137
57275: 0.000157134
57276: 0.000157131
57277: 0.000157128
57278: 0.000157126
57279: 0.000157123
57280: 0.00015712
57281: 0.000157117
57282: 0.000157115
57283: 0.000157112
57284: 0.000157109
57285: 0.000157106
57286: 0.000157104
57287: 0.000157101
57288: 0.000157098
57289: 0.000157095
57290: 0.000157093
57291: 0.00015709
57292: 0.000157087
57293: 0.000157085
57294: 0.000157082
57295: 0.000157079
57296: 0.000157076
57297: 0.000157074
57298: 0.000157071
57299: 0.000157068
57300: 0.000157065
57301: 0.000157063
57302: 0.00015706
57303: 0.000157057
57304: 0.000157054
57305: 0.000157052
57306: 0.000157049
57307: 0.000157046
57308: 0.000157043
57309: 0.000157041
57310: 0.000157038
57311: 0.000157035
57312: 0.000157032
57313: 0.00015703
57314: 0.000157027
57315: 0.000157024
57316: 0.000157021
57317: 0.000157019
57318: 0.000157016
57319: 0.000157013
57320: 0.000157011
57321: 0.000157008
57322: 0.000157005
57323: 0.000157002
57324: 0.000157
57325: 0.000156997
57326: 0.000156994
57327: 0.000156991
57328: 0.000156989
57329: 0.000156986
57330: 0.000156983
57331: 0.00015698
57332: 0.000156978
57333: 0.000156975
57334: 0.000156972
57335: 0.000156969
57336: 0.000156967
57337: 0.000156964
57338: 0.000156961
57339: 0.000156958
57340: 0.000156956
57341: 0.000156953
57342: 0.00015695
57343: 0.000156948
57344: 0.000156945
57345: 0.000156942
57346: 0.000156939
57347: 0.000156937
57348: 0.000156934
57349: 0.000156931
57350: 0.000156928
57351: 0.000156926
57352: 0.000156923
57353: 0.00015692
57354: 0.000156917
57355: 0.000156915
57356: 0.000156912
57357: 0.000156909
57358: 0.000156907
57359: 0.000156904
57360: 0.000156901
57361: 0.000156898
57362: 0.000156896
57363: 0.000156893
57364: 0.00015689
57365: 0.000156887
57366: 0.000156885
57367: 0.000156882
57368: 0.000156879
57369: 0.000156876
57370: 0.000156874
57371: 0.000156871
57372: 0.000156868
57373: 0.000156865
57374: 0.000156863
57375: 0.00015686
57376: 0.000156857
57377: 0.000156855
57378: 0.000156852
57379: 0.000156849
57380: 0.000156846
57381: 0.000156844
57382: 0.000156841
57383: 0.000156838
57384: 0.000156835
57385: 0.000156833
57386: 0.00015683
57387: 0.000156827
57388: 0.000156824
57389: 0.000156822
57390: 0.000156819
57391: 0.000156816
57392: 0.000156814
57393: 0.000156811
57394: 0.000156808
57395: 0.000156805
57396: 0.000156803
57397: 0.0001568
57398: 0.000156797
57399: 0.000156794
57400: 0.000156792
57401: 0.000156789
57402: 0.000156786
57403: 0.000156783
57404: 0.000156781
57405: 0.000156778
57406: 0.000156775
57407: 0.000156773
57408: 0.00015677
57409: 0.000156767
57410: 0.000156764
57411: 0.000156762
57412: 0.000156759
57413: 0.000156756
57414: 0.000156753
57415: 0.000156751
57416: 0.000156748
57417: 0.000156745
57418: 0.000156743
57419: 0.00015674
57420: 0.000156737
57421: 0.000156734
57422: 0.000156732
57423: 0.000156729
57424: 0.000156726
57425: 0.000156723
57426: 0.000156721
57427: 0.000156718
57428: 0.000156715
57429: 0.000156713
57430: 0.00015671
57431: 0.000156707
57432: 0.000156704
57433: 0.000156702
57434: 0.000156699
57435: 0.000156696
57436: 0.000156693
57437: 0.000156691
57438: 0.000156688
57439: 0.000156685
57440: 0.000156683
57441: 0.00015668
57442: 0.000156677
57443: 0.000156674
57444: 0.000156672
57445: 0.000156669
57446: 0.000156666
57447: 0.000156663
57448: 0.000156661
57449: 0.000156658
57450: 0.000156655
57451: 0.000156653
57452: 0.00015665
57453: 0.000156647
57454: 0.000156644
57455: 0.000156642
57456: 0.000156639
57457: 0.000156636
57458: 0.000156633
57459: 0.000156631
57460: 0.000156628
57461: 0.000156625
57462: 0.000156623
57463: 0.00015662
57464: 0.000156617
57465: 0.000156614
57466: 0.000156612
57467: 0.000156609
57468: 0.000156606
57469: 0.000156603
57470: 0.000156601
57471: 0.000156598
57472: 0.000156595
57473: 0.000156593
57474: 0.00015659
57475: 0.000156587
57476: 0.000156584
57477: 0.000156582
57478: 0.000156579
57479: 0.000156576
57480: 0.000156573
57481: 0.000156571
57482: 0.000156568
57483: 0.000156565
57484: 0.000156563
57485: 0.00015656
57486: 0.000156557
57487: 0.000156554
57488: 0.000156552
57489: 0.000156549
57490: 0.000156546
57491: 0.000156544
57492: 0.000156541
57493: 0.000156538
57494: 0.000156535
57495: 0.000156533
57496: 0.00015653
57497: 0.000156527
57498: 0.000156524
57499: 0.000156522
57500: 0.000156519
57501: 0.000156516
57502: 0.000156514
57503: 0.000156511
57504: 0.000156508
57505: 0.000156505
57506: 0.000156503
57507: 0.0001565
57508: 0.000156497
57509: 0.000156495
57510: 0.000156492
57511: 0.000156489
57512: 0.000156486
57513: 0.000156484
57514: 0.000156481
57515: 0.000156478
57516: 0.000156475
57517: 0.000156473
57518: 0.00015647
57519: 0.000156467
57520: 0.000156465
57521: 0.000156462
57522: 0.000156459
57523: 0.000156456
57524: 0.000156454
57525: 0.000156451
57526: 0.000156448
57527: 0.000156446
57528: 0.000156443
57529: 0.00015644
57530: 0.000156437
57531: 0.000156435
57532: 0.000156432
57533: 0.000156429
57534: 0.000156427
57535: 0.000156424
57536: 0.000156421
57537: 0.000156418
57538: 0.000156416
57539: 0.000156413
57540: 0.00015641
57541: 0.000156407
57542: 0.000156405
57543: 0.000156402
57544: 0.000156399
57545: 0.000156397
57546: 0.000156394
57547: 0.000156391
57548: 0.000156388
57549: 0.000156386
57550: 0.000156383
57551: 0.00015638
57552: 0.000156378
57553: 0.000156375
57554: 0.000156372
57555: 0.000156369
57556: 0.000156367
57557: 0.000156364
57558: 0.000156361
57559: 0.000156359
57560: 0.000156356
57561: 0.000156353
57562: 0.00015635
57563: 0.000156348
57564: 0.000156345
57565: 0.000156342
57566: 0.00015634
57567: 0.000156337
57568: 0.000156334
57569: 0.000156331
57570: 0.000156329
57571: 0.000156326
57572: 0.000156323
57573: 0.000156321
57574: 0.000156318
57575: 0.000156315
57576: 0.000156312
57577: 0.00015631
57578: 0.000156307
57579: 0.000156304
57580: 0.000156302
57581: 0.000156299
57582: 0.000156296
57583: 0.000156293
57584: 0.000156291
57585: 0.000156288
57586: 0.000156285
57587: 0.000156283
57588: 0.00015628
57589: 0.000156277
57590: 0.000156274
57591: 0.000156272
57592: 0.000156269
57593: 0.000156266
57594: 0.000156264
57595: 0.000156261
57596: 0.000156258
57597: 0.000156255
57598: 0.000156253
57599: 0.00015625
57600: 0.000156247
57601: 0.000156245
57602: 0.000156242
57603: 0.000156239
57604: 0.000156236
57605: 0.000156234
57606: 0.000156231
57607: 0.000156228
57608: 0.000156226
57609: 0.000156223
57610: 0.00015622
57611: 0.000156217
57612: 0.000156215
57613: 0.000156212
57614: 0.000156209
57615: 0.000156207
57616: 0.000156204
57617: 0.000156201
57618: 0.000156198
57619: 0.000156196
57620: 0.000156193
57621: 0.00015619
57622: 0.000156188
57623: 0.000156185
57624: 0.000156182
57625: 0.00015618
57626: 0.000156177
57627: 0.000156174
57628: 0.000156171
57629: 0.000156169
57630: 0.000156166
57631: 0.000156163
57632: 0.000156161
57633: 0.000156158
57634: 0.000156155
57635: 0.000156152
57636: 0.00015615
57637: 0.000156147
57638: 0.000156144
57639: 0.000156142
57640: 0.000156139
57641: 0.000156136
57642: 0.000156133
57643: 0.000156131
57644: 0.000156128
57645: 0.000156125
57646: 0.000156123
57647: 0.00015612
57648: 0.000156117
57649: 0.000156114
57650: 0.000156112
57651: 0.000156109
57652: 0.000156106
57653: 0.000156104
57654: 0.000156101
57655: 0.000156098
57656: 0.000156096
57657: 0.000156093
57658: 0.00015609
57659: 0.000156087
57660: 0.000156085
57661: 0.000156082
57662: 0.000156079
57663: 0.000156077
57664: 0.000156074
57665: 0.000156071
57666: 0.000156068
57667: 0.000156066
57668: 0.000156063
57669: 0.00015606
57670: 0.000156058
57671: 0.000156055
57672: 0.000156052
57673: 0.00015605
57674: 0.000156047
57675: 0.000156044
57676: 0.000156041
57677: 0.000156039
57678: 0.000156036
57679: 0.000156033
57680: 0.000156031
57681: 0.000156028
57682: 0.000156025
57683: 0.000156022
57684: 0.00015602
57685: 0.000156017
57686: 0.000156014
57687: 0.000156012
57688: 0.000156009
57689: 0.000156006
57690: 0.000156004
57691: 0.000156001
57692: 0.000155998
57693: 0.000155995
57694: 0.000155993
57695: 0.00015599
57696: 0.000155987
57697: 0.000155985
57698: 0.000155982
57699: 0.000155979
57700: 0.000155976
57701: 0.000155974
57702: 0.000155971
57703: 0.000155968
57704: 0.000155966
57705: 0.000155963
57706: 0.00015596
57707: 0.000155958
57708: 0.000155955
57709: 0.000155952
57710: 0.000155949
57711: 0.000155947
57712: 0.000155944
57713: 0.000155941
57714: 0.000155939
57715: 0.000155936
57716: 0.000155933
57717: 0.000155931
57718: 0.000155928
57719: 0.000155925
57720: 0.000155922
57721: 0.00015592
57722: 0.000155917
57723: 0.000155914
57724: 0.000155912
57725: 0.000155909
57726: 0.000155906
57727: 0.000155904
57728: 0.000155901
57729: 0.000155898
57730: 0.000155895
57731: 0.000155893
57732: 0.00015589
57733: 0.000155887
57734: 0.000155885
57735: 0.000155882
57736: 0.000155879
57737: 0.000155877
57738: 0.000155874
57739: 0.000155871
57740: 0.000155868
57741: 0.000155866
57742: 0.000155863
57743: 0.00015586
57744: 0.000155858
57745: 0.000155855
57746: 0.000155852
57747: 0.00015585
57748: 0.000155847
57749: 0.000155844
57750: 0.000155841
57751: 0.000155839
57752: 0.000155836
57753: 0.000155833
57754: 0.000155831
57755: 0.000155828
57756: 0.000155825
57757: 0.000155823
57758: 0.00015582
57759: 0.000155817
57760: 0.000155814
57761: 0.000155812
57762: 0.000155809
57763: 0.000155806
57764: 0.000155804
57765: 0.000155801
57766: 0.000155798
57767: 0.000155796
57768: 0.000155793
57769: 0.00015579
57770: 0.000155788
57771: 0.000155785
57772: 0.000155782
57773: 0.000155779
57774: 0.000155777
57775: 0.000155774
57776: 0.000155771
57777: 0.000155769
57778: 0.000155766
57779: 0.000155763
57780: 0.000155761
57781: 0.000155758
57782: 0.000155755
57783: 0.000155752
57784: 0.00015575
57785: 0.000155747
57786: 0.000155744
57787: 0.000155742
57788: 0.000155739
57789: 0.000155736
57790: 0.000155734
57791: 0.000155731
57792: 0.000155728
57793: 0.000155726
57794: 0.000155723
57795: 0.00015572
57796: 0.000155717
57797: 0.000155715
57798: 0.000155712
57799: 0.000155709
57800: 0.000155707
57801: 0.000155704
57802: 0.000155701
57803: 0.000155699
57804: 0.000155696
57805: 0.000155693
57806: 0.00015569
57807: 0.000155688
57808: 0.000155685
57809: 0.000155682
57810: 0.00015568
57811: 0.000155677
57812: 0.000155674
57813: 0.000155672
57814: 0.000155669
57815: 0.000155666
57816: 0.000155664
57817: 0.000155661
57818: 0.000155658
57819: 0.000155655
57820: 0.000155653
57821: 0.00015565
57822: 0.000155647
57823: 0.000155645
57824: 0.000155642
57825: 0.000155639
57826: 0.000155637
57827: 0.000155634
57828: 0.000155631
57829: 0.000155629
57830: 0.000155626
57831: 0.000155623
57832: 0.00015562
57833: 0.000155618
57834: 0.000155615
57835: 0.000155612
57836: 0.00015561
57837: 0.000155607
57838: 0.000155604
57839: 0.000155602
57840: 0.000155599
57841: 0.000155596
57842: 0.000155594
57843: 0.000155591
57844: 0.000155588
57845: 0.000155586
57846: 0.000155583
57847: 0.00015558
57848: 0.000155577
57849: 0.000155575
57850: 0.000155572
57851: 0.000155569
57852: 0.000155567
57853: 0.000155564
57854: 0.000155561
57855: 0.000155559
57856: 0.000155556
57857: 0.000155553
57858: 0.000155551
57859: 0.000155548
57860: 0.000155545
57861: 0.000155542
57862: 0.00015554
57863: 0.000155537
57864: 0.000155534
57865: 0.000155532
57866: 0.000155529
57867: 0.000155526
57868: 0.000155524
57869: 0.000155521
57870: 0.000155518
57871: 0.000155516
57872: 0.000155513
57873: 0.00015551
57874: 0.000155508
57875: 0.000155505
57876: 0.000155502
57877: 0.000155499
57878: 0.000155497
57879: 0.000155494
57880: 0.000155491
57881: 0.000155489
57882: 0.000155486
57883: 0.000155483
57884: 0.000155481
57885: 0.000155478
57886: 0.000155475
57887: 0.000155473
57888: 0.00015547
57889: 0.000155467
57890: 0.000155465
57891: 0.000155462
57892: 0.000155459
57893: 0.000155457
57894: 0.000155454
57895: 0.000155451
57896: 0.000155448
57897: 0.000155446
57898: 0.000155443
57899: 0.00015544
57900: 0.000155438
57901: 0.000155435
57902: 0.000155432
57903: 0.00015543
57904: 0.000155427
57905: 0.000155424
57906: 0.000155422
57907: 0.000155419
57908: 0.000155416
57909: 0.000155414
57910: 0.000155411
57911: 0.000155408
57912: 0.000155406
57913: 0.000155403
57914: 0.0001554
57915: 0.000155397
57916: 0.000155395
57917: 0.000155392
57918: 0.000155389
57919: 0.000155387
57920: 0.000155384
57921: 0.000155381
57922: 0.000155379
57923: 0.000155376
57924: 0.000155373
57925: 0.000155371
57926: 0.000155368
57927: 0.000155365
57928: 0.000155363
57929: 0.00015536
57930: 0.000155357
57931: 0.000155355
57932: 0.000155352
57933: 0.000155349
57934: 0.000155347
57935: 0.000155344
57936: 0.000155341
57937: 0.000155338
57938: 0.000155336
57939: 0.000155333
57940: 0.00015533
57941: 0.000155328
57942: 0.000155325
57943: 0.000155322
57944: 0.00015532
57945: 0.000155317
57946: 0.000155314
57947: 0.000155312
57948: 0.000155309
57949: 0.000155306
57950: 0.000155304
57951: 0.000155301
57952: 0.000155298
57953: 0.000155296
57954: 0.000155293
57955: 0.00015529
57956: 0.000155288
57957: 0.000155285
57958: 0.000155282
57959: 0.00015528
57960: 0.000155277
57961: 0.000155274
57962: 0.000155271
57963: 0.000155269
57964: 0.000155266
57965: 0.000155263
57966: 0.000155261
57967: 0.000155258
57968: 0.000155255
57969: 0.000155253
57970: 0.00015525
57971: 0.000155247
57972: 0.000155245
57973: 0.000155242
57974: 0.000155239
57975: 0.000155237
57976: 0.000155234
57977: 0.000155231
57978: 0.000155229
57979: 0.000155226
57980: 0.000155223
57981: 0.000155221
57982: 0.000155218
57983: 0.000155215
57984: 0.000155213
57985: 0.00015521
57986: 0.000155207
57987: 0.000155205
57988: 0.000155202
57989: 0.000155199
57990: 0.000155196
57991: 0.000155194
57992: 0.000155191
57993: 0.000155188
57994: 0.000155186
57995: 0.000155183
57996: 0.00015518
57997: 0.000155178
57998: 0.000155175
57999: 0.000155172
58000: 0.00015517
58001: 0.000155167
58002: 0.000155164
58003: 0.000155162
58004: 0.000155159
58005: 0.000155156
58006: 0.000155154
58007: 0.000155151
58008: 0.000155148
58009: 0.000155146
58010: 0.000155143
58011: 0.00015514
58012: 0.000155138
58013: 0.000155135
58014: 0.000155132
58015: 0.00015513
58016: 0.000155127
58017: 0.000155124
58018: 0.000155122
58019: 0.000155119
58020: 0.000155116
58021: 0.000155114
58022: 0.000155111
58023: 0.000155108
58024: 0.000155106
58025: 0.000155103
58026: 0.0001551
58027: 0.000155098
58028: 0.000155095
58029: 0.000155092
58030: 0.00015509
58031: 0.000155087
58032: 0.000155084
58033: 0.000155082
58034: 0.000155079
58035: 0.000155076
58036: 0.000155073
58037: 0.000155071
58038: 0.000155068
58039: 0.000155065
58040: 0.000155063
58041: 0.00015506
58042: 0.000155057
58043: 0.000155055
58044: 0.000155052
58045: 0.000155049
58046: 0.000155047
58047: 0.000155044
58048: 0.000155041
58049: 0.000155039
58050: 0.000155036
58051: 0.000155033
58052: 0.000155031
58053: 0.000155028
58054: 0.000155025
58055: 0.000155023
58056: 0.00015502
58057: 0.000155017
58058: 0.000155015
58059: 0.000155012
58060: 0.000155009
58061: 0.000155007
58062: 0.000155004
58063: 0.000155001
58064: 0.000154999
58065: 0.000154996
58066: 0.000154993
58067: 0.000154991
58068: 0.000154988
58069: 0.000154985
58070: 0.000154983
58071: 0.00015498
58072: 0.000154977
58073: 0.000154975
58074: 0.000154972
58075: 0.000154969
58076: 0.000154967
58077: 0.000154964
58078: 0.000154961
58079: 0.000154959
58080: 0.000154956
58081: 0.000154953
58082: 0.000154951
58083: 0.000154948
58084: 0.000154945
58085: 0.000154943
58086: 0.00015494
58087: 0.000154937
58088: 0.000154935
58089: 0.000154932
58090: 0.000154929
58091: 0.000154927
58092: 0.000154924
58093: 0.000154921
58094: 0.000154919
58095: 0.000154916
58096: 0.000154913
58097: 0.000154911
58098: 0.000154908
58099: 0.000154905
58100: 0.000154903
58101: 0.0001549
58102: 0.000154897
58103: 0.000154895
58104: 0.000154892
58105: 0.000154889
58106: 0.000154887
58107: 0.000154884
58108: 0.000154881
58109: 0.000154879
58110: 0.000154876
58111: 0.000154873
58112: 0.000154871
58113: 0.000154868
58114: 0.000154865
58115: 0.000154863
58116: 0.00015486
58117: 0.000154857
58118: 0.000154855
58119: 0.000154852
58120: 0.000154849
58121: 0.000154847
58122: 0.000154844
58123: 0.000154841
58124: 0.000154839
58125: 0.000154836
58126: 0.000154833
58127: 0.000154831
58128: 0.000154828
58129: 0.000154825
58130: 0.000154823
58131: 0.00015482
58132: 0.000154817
58133: 0.000154815
58134: 0.000154812
58135: 0.000154809
58136: 0.000154807
58137: 0.000154804
58138: 0.000154801
58139: 0.000154799
58140: 0.000154796
58141: 0.000154793
58142: 0.000154791
58143: 0.000154788
58144: 0.000154785
58145: 0.000154783
58146: 0.00015478
58147: 0.000154777
58148: 0.000154775
58149: 0.000154772
58150: 0.000154769
58151: 0.000154767
58152: 0.000154764
58153: 0.000154761
58154: 0.000154759
58155: 0.000154756
58156: 0.000154754
58157: 0.000154751
58158: 0.000154748
58159: 0.000154746
58160: 0.000154743
58161: 0.00015474
58162: 0.000154738
58163: 0.000154735
58164: 0.000154732
58165: 0.00015473
58166: 0.000154727
58167: 0.000154724
58168: 0.000154722
58169: 0.000154719
58170: 0.000154716
58171: 0.000154714
58172: 0.000154711
58173: 0.000154708
58174: 0.000154706
58175: 0.000154703
58176: 0.0001547
58177: 0.000154698
58178: 0.000154695
58179: 0.000154692
58180: 0.00015469
58181: 0.000154687
58182: 0.000154684
58183: 0.000154682
58184: 0.000154679
58185: 0.000154676
58186: 0.000154674
58187: 0.000154671
58188: 0.000154668
58189: 0.000154666
58190: 0.000154663
58191: 0.00015466
58192: 0.000154658
58193: 0.000154655
58194: 0.000154652
58195: 0.00015465
58196: 0.000154647
58197: 0.000154644
58198: 0.000154642
58199: 0.000154639
58200: 0.000154637
58201: 0.000154634
58202: 0.000154631
58203: 0.000154629
58204: 0.000154626
58205: 0.000154623
58206: 0.000154621
58207: 0.000154618
58208: 0.000154615
58209: 0.000154613
58210: 0.00015461
58211: 0.000154607
58212: 0.000154605
58213: 0.000154602
58214: 0.000154599
58215: 0.000154597
58216: 0.000154594
58217: 0.000154591
58218: 0.000154589
58219: 0.000154586
58220: 0.000154583
58221: 0.000154581
58222: 0.000154578
58223: 0.000154575
58224: 0.000154573
58225: 0.00015457
58226: 0.000154567
58227: 0.000154565
58228: 0.000154562
58229: 0.00015456
58230: 0.000154557
58231: 0.000154554
58232: 0.000154552
58233: 0.000154549
58234: 0.000154546
58235: 0.000154544
58236: 0.000154541
58237: 0.000154538
58238: 0.000154536
58239: 0.000154533
58240: 0.00015453
58241: 0.000154528
58242: 0.000154525
58243: 0.000154522
58244: 0.00015452
58245: 0.000154517
58246: 0.000154514
58247: 0.000154512
58248: 0.000154509
58249: 0.000154506
58250: 0.000154504
58251: 0.000154501
58252: 0.000154498
58253: 0.000154496
58254: 0.000154493
58255: 0.000154491
58256: 0.000154488
58257: 0.000154485
58258: 0.000154483
58259: 0.00015448
58260: 0.000154477
58261: 0.000154475
58262: 0.000154472
58263: 0.000154469
58264: 0.000154467
58265: 0.000154464
58266: 0.000154461
58267: 0.000154459
58268: 0.000154456
58269: 0.000154453
58270: 0.000154451
58271: 0.000154448
58272: 0.000154445
58273: 0.000154443
58274: 0.00015444
58275: 0.000154438
58276: 0.000154435
58277: 0.000154432
58278: 0.00015443
58279: 0.000154427
58280: 0.000154424
58281: 0.000154422
58282: 0.000154419
58283: 0.000154416
58284: 0.000154414
58285: 0.000154411
58286: 0.000154408
58287: 0.000154406
58288: 0.000154403
58289: 0.0001544
58290: 0.000154398
58291: 0.000154395
58292: 0.000154392
58293: 0.00015439
58294: 0.000154387
58295: 0.000154385
58296: 0.000154382
58297: 0.000154379
58298: 0.000154377
58299: 0.000154374
58300: 0.000154371
58301: 0.000154369
58302: 0.000154366
58303: 0.000154363
58304: 0.000154361
58305: 0.000154358
58306: 0.000154355
58307: 0.000154353
58308: 0.00015435
58309: 0.000154347
58310: 0.000154345
58311: 0.000154342
58312: 0.00015434
58313: 0.000154337
58314: 0.000154334
58315: 0.000154332
58316: 0.000154329
58317: 0.000154326
58318: 0.000154324
58319: 0.000154321
58320: 0.000154318
58321: 0.000154316
58322: 0.000154313
58323: 0.00015431
58324: 0.000154308
58325: 0.000154305
58326: 0.000154302
58327: 0.0001543
58328: 0.000154297
58329: 0.000154295
58330: 0.000154292
58331: 0.000154289
58332: 0.000154287
58333: 0.000154284
58334: 0.000154281
58335: 0.000154279
58336: 0.000154276
58337: 0.000154273
58338: 0.000154271
58339: 0.000154268
58340: 0.000154265
58341: 0.000154263
58342: 0.00015426
58343: 0.000154258
58344: 0.000154255
58345: 0.000154252
58346: 0.00015425
58347: 0.000154247
58348: 0.000154244
58349: 0.000154242
58350: 0.000154239
58351: 0.000154236
58352: 0.000154234
58353: 0.000154231
58354: 0.000154228
58355: 0.000154226
58356: 0.000154223
58357: 0.000154221
58358: 0.000154218
58359: 0.000154215
58360: 0.000154213
58361: 0.00015421
58362: 0.000154207
58363: 0.000154205
58364: 0.000154202
58365: 0.000154199
58366: 0.000154197
58367: 0.000154194
58368: 0.000154191
58369: 0.000154189
58370: 0.000154186
58371: 0.000154184
58372: 0.000154181
58373: 0.000154178
58374: 0.000154176
58375: 0.000154173
58376: 0.00015417
58377: 0.000154168
58378: 0.000154165
58379: 0.000154162
58380: 0.00015416
58381: 0.000154157
58382: 0.000154154
58383: 0.000154152
58384: 0.000154149
58385: 0.000154147
58386: 0.000154144
58387: 0.000154141
58388: 0.000154139
58389: 0.000154136
58390: 0.000154133
58391: 0.000154131
58392: 0.000154128
58393: 0.000154125
58394: 0.000154123
58395: 0.00015412
58396: 0.000154118
58397: 0.000154115
58398: 0.000154112
58399: 0.00015411
58400: 0.000154107
58401: 0.000154104
58402: 0.000154102
58403: 0.000154099
58404: 0.000154096
58405: 0.000154094
58406: 0.000154091
58407: 0.000154088
58408: 0.000154086
58409: 0.000154083
58410: 0.000154081
58411: 0.000154078
58412: 0.000154075
58413: 0.000154073
58414: 0.00015407
58415: 0.000154067
58416: 0.000154065
58417: 0.000154062
58418: 0.000154059
58419: 0.000154057
58420: 0.000154054
58421: 0.000154052
58422: 0.000154049
58423: 0.000154046
58424: 0.000154044
58425: 0.000154041
58426: 0.000154038
58427: 0.000154036
58428: 0.000154033
58429: 0.00015403
58430: 0.000154028
58431: 0.000154025
58432: 0.000154023
58433: 0.00015402
58434: 0.000154017
58435: 0.000154015
58436: 0.000154012
58437: 0.000154009
58438: 0.000154007
58439: 0.000154004
58440: 0.000154001
58441: 0.000153999
58442: 0.000153996
58443: 0.000153994
58444: 0.000153991
58445: 0.000153988
58446: 0.000153986
58447: 0.000153983
58448: 0.00015398
58449: 0.000153978
58450: 0.000153975
58451: 0.000153972
58452: 0.00015397
58453: 0.000153967
58454: 0.000153965
58455: 0.000153962
58456: 0.000153959
58457: 0.000153957
58458: 0.000153954
58459: 0.000153951
58460: 0.000153949
58461: 0.000153946
58462: 0.000153944
58463: 0.000153941
58464: 0.000153938
58465: 0.000153936
58466: 0.000153933
58467: 0.00015393
58468: 0.000153928
58469: 0.000153925
58470: 0.000153922
58471: 0.00015392
58472: 0.000153917
58473: 0.000153915
58474: 0.000153912
58475: 0.000153909
58476: 0.000153907
58477: 0.000153904
58478: 0.000153901
58479: 0.000153899
58480: 0.000153896
58481: 0.000153894
58482: 0.000153891
58483: 0.000153888
58484: 0.000153886
58485: 0.000153883
58486: 0.00015388
58487: 0.000153878
58488: 0.000153875
58489: 0.000153872
58490: 0.00015387
58491: 0.000153867
58492: 0.000153865
58493: 0.000153862
58494: 0.000153859
58495: 0.000153857
58496: 0.000153854
58497: 0.000153851
58498: 0.000153849
58499: 0.000153846
58500: 0.000153844
58501: 0.000153841
58502: 0.000153838
58503: 0.000153836
58504: 0.000153833
58505: 0.00015383
58506: 0.000153828
58507: 0.000153825
58508: 0.000153822
58509: 0.00015382
58510: 0.000153817
58511: 0.000153815
58512: 0.000153812
58513: 0.000153809
58514: 0.000153807
58515: 0.000153804
58516: 0.000153801
58517: 0.000153799
58518: 0.000153796
58519: 0.000153794
58520: 0.000153791
58521: 0.000153788
58522: 0.000153786
58523: 0.000153783
58524: 0.00015378
58525: 0.000153778
58526: 0.000153775
58527: 0.000153773
58528: 0.00015377
58529: 0.000153767
58530: 0.000153765
58531: 0.000153762
58532: 0.000153759
58533: 0.000153757
58534: 0.000153754
58535: 0.000153752
58536: 0.000153749
58537: 0.000153746
58538: 0.000153744
58539: 0.000153741
58540: 0.000153738
58541: 0.000153736
58542: 0.000153733
58543: 0.000153731
58544: 0.000153728
58545: 0.000153725
58546: 0.000153723
58547: 0.00015372
58548: 0.000153717
58549: 0.000153715
58550: 0.000153712
58551: 0.00015371
58552: 0.000153707
58553: 0.000153704
58554: 0.000153702
58555: 0.000153699
58556: 0.000153696
58557: 0.000153694
58558: 0.000153691
58559: 0.000153689
58560: 0.000153686
58561: 0.000153683
58562: 0.000153681
58563: 0.000153678
58564: 0.000153675
58565: 0.000153673
58566: 0.00015367
58567: 0.000153668
58568: 0.000153665
58569: 0.000153662
58570: 0.00015366
58571: 0.000153657
58572: 0.000153654
58573: 0.000153652
58574: 0.000153649
58575: 0.000153647
58576: 0.000153644
58577: 0.000153641
58578: 0.000153639
58579: 0.000153636
58580: 0.000153633
58581: 0.000153631
58582: 0.000153628
58583: 0.000153626
58584: 0.000153623
58585: 0.00015362
58586: 0.000153618
58587: 0.000153615
58588: 0.000153612
58589: 0.00015361
58590: 0.000153607
58591: 0.000153605
58592: 0.000153602
58593: 0.000153599
58594: 0.000153597
58595: 0.000153594
58596: 0.000153591
58597: 0.000153589
58598: 0.000153586
58599: 0.000153584
58600: 0.000153581
58601: 0.000153578
58602: 0.000153576
58603: 0.000153573
58604: 0.000153571
58605: 0.000153568
58606: 0.000153565
58607: 0.000153563
58608: 0.00015356
58609: 0.000153557
58610: 0.000153555
58611: 0.000153552
58612: 0.00015355
58613: 0.000153547
58614: 0.000153544
58615: 0.000153542
58616: 0.000153539
58617: 0.000153536
58618: 0.000153534
58619: 0.000153531
58620: 0.000153529
58621: 0.000153526
58622: 0.000153523
58623: 0.000153521
58624: 0.000153518
58625: 0.000153516
58626: 0.000153513
58627: 0.00015351
58628: 0.000153508
58629: 0.000153505
58630: 0.000153502
58631: 0.0001535
58632: 0.000153497
58633: 0.000153495
58634: 0.000153492
58635: 0.000153489
58636: 0.000153487
58637: 0.000153484
58638: 0.000153481
58639: 0.000153479
58640: 0.000153476
58641: 0.000153474
58642: 0.000153471
58643: 0.000153468
58644: 0.000153466
58645: 0.000153463
58646: 0.000153461
58647: 0.000153458
58648: 0.000153455
58649: 0.000153453
58650: 0.00015345
58651: 0.000153447
58652: 0.000153445
58653: 0.000153442
58654: 0.00015344
58655: 0.000153437
58656: 0.000153434
58657: 0.000153432
58658: 0.000153429
58659: 0.000153427
58660: 0.000153424
58661: 0.000153421
58662: 0.000153419
58663: 0.000153416
58664: 0.000153413
58665: 0.000153411
58666: 0.000153408
58667: 0.000153406
58668: 0.000153403
58669: 0.0001534
58670: 0.000153398
58671: 0.000153395
58672: 0.000153393
58673: 0.00015339
58674: 0.000153387
58675: 0.000153385
58676: 0.000153382
58677: 0.000153379
58678: 0.000153377
58679: 0.000153374
58680: 0.000153372
58681: 0.000153369
58682: 0.000153366
58683: 0.000153364
58684: 0.000153361
58685: 0.000153359
58686: 0.000153356
58687: 0.000153353
58688: 0.000153351
58689: 0.000153348
58690: 0.000153345
58691: 0.000153343
58692: 0.00015334
58693: 0.000153338
58694: 0.000153335
58695: 0.000153332
58696: 0.00015333
58697: 0.000153327
58698: 0.000153325
58699: 0.000153322
58700: 0.000153319
58701: 0.000153317
58702: 0.000153314
58703: 0.000153312
58704: 0.000153309
58705: 0.000153306
58706: 0.000153304
58707: 0.000153301
58708: 0.000153298
58709: 0.000153296
58710: 0.000153293
58711: 0.000153291
58712: 0.000153288
58713: 0.000153285
58714: 0.000153283
58715: 0.00015328
58716: 0.000153278
58717: 0.000153275
58718: 0.000153272
58719: 0.00015327
58720: 0.000153267
58721: 0.000153265
58722: 0.000153262
58723: 0.000153259
58724: 0.000153257
58725: 0.000153254
58726: 0.000153251
58727: 0.000153249
58728: 0.000153246
58729: 0.000153244
58730: 0.000153241
58731: 0.000153238
58732: 0.000153236
58733: 0.000153233
58734: 0.000153231
58735: 0.000153228
58736: 0.000153225
58737: 0.000153223
58738: 0.00015322
58739: 0.000153218
58740: 0.000153215
58741: 0.000153212
58742: 0.00015321
58743: 0.000153207
58744: 0.000153205
58745: 0.000153202
58746: 0.000153199
58747: 0.000153197
58748: 0.000153194
58749: 0.000153191
58750: 0.000153189
58751: 0.000153186
58752: 0.000153184
58753: 0.000153181
58754: 0.000153178
58755: 0.000153176
58756: 0.000153173
58757: 0.000153171
58758: 0.000153168
58759: 0.000153165
58760: 0.000153163
58761: 0.00015316
58762: 0.000153158
58763: 0.000153155
58764: 0.000153152
58765: 0.00015315
58766: 0.000153147
58767: 0.000153145
58768: 0.000153142
58769: 0.000153139
58770: 0.000153137
58771: 0.000153134
58772: 0.000153132
58773: 0.000153129
58774: 0.000153126
58775: 0.000153124
58776: 0.000153121
58777: 0.000153119
58778: 0.000153116
58779: 0.000153113
58780: 0.000153111
58781: 0.000153108
58782: 0.000153105
58783: 0.000153103
58784: 0.0001531
58785: 0.000153098
58786: 0.000153095
58787: 0.000153092
58788: 0.00015309
58789: 0.000153087
58790: 0.000153085
58791: 0.000153082
58792: 0.000153079
58793: 0.000153077
58794: 0.000153074
58795: 0.000153072
58796: 0.000153069
58797: 0.000153066
58798: 0.000153064
58799: 0.000153061
58800: 0.000153059
58801: 0.000153056
58802: 0.000153053
58803: 0.000153051
58804: 0.000153048
58805: 0.000153046
58806: 0.000153043
58807: 0.00015304
58808: 0.000153038
58809: 0.000153035
58810: 0.000153033
58811: 0.00015303
58812: 0.000153027
58813: 0.000153025
58814: 0.000153022
58815: 0.00015302
58816: 0.000153017
58817: 0.000153014
58818: 0.000153012
58819: 0.000153009
58820: 0.000153007
58821: 0.000153004
58822: 0.000153001
58823: 0.000152999
58824: 0.000152996
58825: 0.000152994
58826: 0.000152991
58827: 0.000152988
58828: 0.000152986
58829: 0.000152983
58830: 0.000152981
58831: 0.000152978
58832: 0.000152975
58833: 0.000152973
58834: 0.00015297
58835: 0.000152968
58836: 0.000152965
58837: 0.000152962
58838: 0.00015296
58839: 0.000152957
58840: 0.000152955
58841: 0.000152952
58842: 0.000152949
58843: 0.000152947
58844: 0.000152944
58845: 0.000152942
58846: 0.000152939
58847: 0.000152936
58848: 0.000152934
58849: 0.000152931
58850: 0.000152929
58851: 0.000152926
58852: 0.000152923
58853: 0.000152921
58854: 0.000152918
58855: 0.000152916
58856: 0.000152913
58857: 0.00015291
58858: 0.000152908
58859: 0.000152905
58860: 0.000152903
58861: 0.0001529
58862: 0.000152897
58863: 0.000152895
58864: 0.000152892
58865: 0.00015289
58866: 0.000152887
58867: 0.000152884
58868: 0.000152882
58869: 0.000152879
58870: 0.000152877
58871: 0.000152874
58872: 0.000152871
58873: 0.000152869
58874: 0.000152866
58875: 0.000152864
58876: 0.000152861
58877: 0.000152858
58878: 0.000152856
58879: 0.000152853
58880: 0.000152851
58881: 0.000152848
58882: 0.000152845
58883: 0.000152843
58884: 0.00015284
58885: 0.000152838
58886: 0.000152835
58887: 0.000152832
58888: 0.00015283
58889: 0.000152827
58890: 0.000152825
58891: 0.000152822
58892: 0.00015282
58893: 0.000152817
58894: 0.000152814
58895: 0.000152812
58896: 0.000152809
58897: 0.000152807
58898: 0.000152804
58899: 0.000152801
58900: 0.000152799
58901: 0.000152796
58902: 0.000152794
58903: 0.000152791
58904: 0.000152788
58905: 0.000152786
58906: 0.000152783
58907: 0.000152781
58908: 0.000152778
58909: 0.000152775
58910: 0.000152773
58911: 0.00015277
58912: 0.000152768
58913: 0.000152765
58914: 0.000152762
58915: 0.00015276
58916: 0.000152757
58917: 0.000152755
58918: 0.000152752
58919: 0.000152749
58920: 0.000152747
58921: 0.000152744
58922: 0.000152742
58923: 0.000152739
58924: 0.000152737
58925: 0.000152734
58926: 0.000152731
58927: 0.000152729
58928: 0.000152726
58929: 0.000152724
58930: 0.000152721
58931: 0.000152718
58932: 0.000152716
58933: 0.000152713
58934: 0.000152711
58935: 0.000152708
58936: 0.000152705
58937: 0.000152703
58938: 0.0001527
58939: 0.000152698
58940: 0.000152695
58941: 0.000152692
58942: 0.00015269
58943: 0.000152687
58944: 0.000152685
58945: 0.000152682
58946: 0.00015268
58947: 0.000152677
58948: 0.000152674
58949: 0.000152672
58950: 0.000152669
58951: 0.000152667
58952: 0.000152664
58953: 0.000152661
58954: 0.000152659
58955: 0.000152656
58956: 0.000152654
58957: 0.000152651
58958: 0.000152648
58959: 0.000152646
58960: 0.000152643
58961: 0.000152641
58962: 0.000152638
58963: 0.000152636
58964: 0.000152633
58965: 0.00015263
58966: 0.000152628
58967: 0.000152625
58968: 0.000152623
58969: 0.00015262
58970: 0.000152617
58971: 0.000152615
58972: 0.000152612
58973: 0.00015261
58974: 0.000152607
58975: 0.000152604
58976: 0.000152602
58977: 0.000152599
58978: 0.000152597
58979: 0.000152594
58980: 0.000152592
58981: 0.000152589
58982: 0.000152586
58983: 0.000152584
58984: 0.000152581
58985: 0.000152579
58986: 0.000152576
58987: 0.000152573
58988: 0.000152571
58989: 0.000152568
58990: 0.000152566
58991: 0.000152563
58992: 0.00015256
58993: 0.000152558
58994: 0.000152555
58995: 0.000152553
58996: 0.00015255
58997: 0.000152548
58998: 0.000152545
58999: 0.000152542
59000: 0.00015254
59001: 0.000152537
59002: 0.000152535
59003: 0.000152532
59004: 0.000152529
59005: 0.000152527
59006: 0.000152524
59007: 0.000152522
59008: 0.000152519
59009: 0.000152517
59010: 0.000152514
59011: 0.000152511
59012: 0.000152509
59013: 0.000152506
59014: 0.000152504
59015: 0.000152501
59016: 0.000152498
59017: 0.000152496
59018: 0.000152493
59019: 0.000152491
59020: 0.000152488
59021: 0.000152486
59022: 0.000152483
59023: 0.00015248
59024: 0.000152478
59025: 0.000152475
59026: 0.000152473
59027: 0.00015247
59028: 0.000152467
59029: 0.000152465
59030: 0.000152462
59031: 0.00015246
59032: 0.000152457
59033: 0.000152455
59034: 0.000152452
59035: 0.000152449
59036: 0.000152447
59037: 0.000152444
59038: 0.000152442
59039: 0.000152439
59040: 0.000152436
59041: 0.000152434
59042: 0.000152431
59043: 0.000152429
59044: 0.000152426
59045: 0.000152424
59046: 0.000152421
59047: 0.000152418
59048: 0.000152416
59049: 0.000152413
59050: 0.000152411
59051: 0.000152408
59052: 0.000152405
59053: 0.000152403
59054: 0.0001524
59055: 0.000152398
59056: 0.000152395
59057: 0.000152393
59058: 0.00015239
59059: 0.000152387
59060: 0.000152385
59061: 0.000152382
59062: 0.00015238
59063: 0.000152377
59064: 0.000152375
59065: 0.000152372
59066: 0.000152369
59067: 0.000152367
59068: 0.000152364
59069: 0.000152362
59070: 0.000152359
59071: 0.000152356
59072: 0.000152354
59073: 0.000152351
59074: 0.000152349
59075: 0.000152346
59076: 0.000152344
59077: 0.000152341
59078: 0.000152338
59079: 0.000152336
59080: 0.000152333
59081: 0.000152331
59082: 0.000152328
59083: 0.000152326
59084: 0.000152323
59085: 0.00015232
59086: 0.000152318
59087: 0.000152315
59088: 0.000152313
59089: 0.00015231
59090: 0.000152307
59091: 0.000152305
59092: 0.000152302
59093: 0.0001523
59094: 0.000152297
59095: 0.000152295
59096: 0.000152292
59097: 0.000152289
59098: 0.000152287
59099: 0.000152284
59100: 0.000152282
59101: 0.000152279
59102: 0.000152277
59103: 0.000152274
59104: 0.000152271
59105: 0.000152269
59106: 0.000152266
59107: 0.000152264
59108: 0.000152261
59109: 0.000152259
59110: 0.000152256
59111: 0.000152253
59112: 0.000152251
59113: 0.000152248
59114: 0.000152246
59115: 0.000152243
59116: 0.00015224
59117: 0.000152238
59118: 0.000152235
59119: 0.000152233
59120: 0.00015223
59121: 0.000152228
59122: 0.000152225
59123: 0.000152222
59124: 0.00015222
59125: 0.000152217
59126: 0.000152215
59127: 0.000152212
59128: 0.00015221
59129: 0.000152207
59130: 0.000152204
59131: 0.000152202
59132: 0.000152199
59133: 0.000152197
59134: 0.000152194
59135: 0.000152192
59136: 0.000152189
59137: 0.000152186
59138: 0.000152184
59139: 0.000152181
59140: 0.000152179
59141: 0.000152176
59142: 0.000152174
59143: 0.000152171
59144: 0.000152168
59145: 0.000152166
59146: 0.000152163
59147: 0.000152161
59148: 0.000152158
59149: 0.000152156
59150: 0.000152153
59151: 0.00015215
59152: 0.000152148
59153: 0.000152145
59154: 0.000152143
59155: 0.00015214
59156: 0.000152138
59157: 0.000152135
59158: 0.000152132
59159: 0.00015213
59160: 0.000152127
59161: 0.000152125
59162: 0.000152122
59163: 0.00015212
59164: 0.000152117
59165: 0.000152114
59166: 0.000152112
59167: 0.000152109
59168: 0.000152107
59169: 0.000152104
59170: 0.000152102
59171: 0.000152099
59172: 0.000152096
59173: 0.000152094
59174: 0.000152091
59175: 0.000152089
59176: 0.000152086
59177: 0.000152084
59178: 0.000152081
59179: 0.000152078
59180: 0.000152076
59181: 0.000152073
59182: 0.000152071
59183: 0.000152068
59184: 0.000152066
59185: 0.000152063
59186: 0.00015206
59187: 0.000152058
59188: 0.000152055
59189: 0.000152053
59190: 0.00015205
59191: 0.000152048
59192: 0.000152045
59193: 0.000152042
59194: 0.00015204
59195: 0.000152037
59196: 0.000152035
59197: 0.000152032
59198: 0.00015203
59199: 0.000152027
59200: 0.000152024
59201: 0.000152022
59202: 0.000152019
59203: 0.000152017
59204: 0.000152014
59205: 0.000152012
59206: 0.000152009
59207: 0.000152006
59208: 0.000152004
59209: 0.000152001
59210: 0.000151999
59211: 0.000151996
59212: 0.000151994
59213: 0.000151991
59214: 0.000151989
59215: 0.000151986
59216: 0.000151983
59217: 0.000151981
59218: 0.000151978
59219: 0.000151976
59220: 0.000151973
59221: 0.000151971
59222: 0.000151968
59223: 0.000151965
59224: 0.000151963
59225: 0.00015196
59226: 0.000151958
59227: 0.000151955
59228: 0.000151953
59229: 0.00015195
59230: 0.000151947
59231: 0.000151945
59232: 0.000151942
59233: 0.00015194
59234: 0.000151937
59235: 0.000151935
59236: 0.000151932
59237: 0.00015193
59238: 0.000151927
59239: 0.000151924
59240: 0.000151922
59241: 0.000151919
59242: 0.000151917
59243: 0.000151914
59244: 0.000151912
59245: 0.000151909
59246: 0.000151906
59247: 0.000151904
59248: 0.000151901
59249: 0.000151899
59250: 0.000151896
59251: 0.000151894
59252: 0.000151891
59253: 0.000151888
59254: 0.000151886
59255: 0.000151883
59256: 0.000151881
59257: 0.000151878
59258: 0.000151876
59259: 0.000151873
59260: 0.000151871
59261: 0.000151868
59262: 0.000151865
59263: 0.000151863
59264: 0.00015186
59265: 0.000151858
59266: 0.000151855
59267: 0.000151853
59268: 0.00015185
59269: 0.000151847
59270: 0.000151845
59271: 0.000151842
59272: 0.00015184
59273: 0.000151837
59274: 0.000151835
59275: 0.000151832
59276: 0.00015183
59277: 0.000151827
59278: 0.000151824
59279: 0.000151822
59280: 0.000151819
59281: 0.000151817
59282: 0.000151814
59283: 0.000151812
59284: 0.000151809
59285: 0.000151806
59286: 0.000151804
59287: 0.000151801
59288: 0.000151799
59289: 0.000151796
59290: 0.000151794
59291: 0.000151791
59292: 0.000151789
59293: 0.000151786
59294: 0.000151783
59295: 0.000151781
59296: 0.000151778
59297: 0.000151776
59298: 0.000151773
59299: 0.000151771
59300: 0.000151768
59301: 0.000151766
59302: 0.000151763
59303: 0.00015176
59304: 0.000151758
59305: 0.000151755
59306: 0.000151753
59307: 0.00015175
59308: 0.000151748
59309: 0.000151745
59310: 0.000151743
59311: 0.00015174
59312: 0.000151737
59313: 0.000151735
59314: 0.000151732
59315: 0.00015173
59316: 0.000151727
59317: 0.000151725
59318: 0.000151722
59319: 0.000151719
59320: 0.000151717
59321: 0.000151714
59322: 0.000151712
59323: 0.000151709
59324: 0.000151707
59325: 0.000151704
59326: 0.000151702
59327: 0.000151699
59328: 0.000151696
59329: 0.000151694
59330: 0.000151691
59331: 0.000151689
59332: 0.000151686
59333: 0.000151684
59334: 0.000151681
59335: 0.000151679
59336: 0.000151676
59337: 0.000151673
59338: 0.000151671
59339: 0.000151668
59340: 0.000151666
59341: 0.000151663
59342: 0.000151661
59343: 0.000151658
59344: 0.000151656
59345: 0.000151653
59346: 0.00015165
59347: 0.000151648
59348: 0.000151645
59349: 0.000151643
59350: 0.00015164
59351: 0.000151638
59352: 0.000151635
59353: 0.000151633
59354: 0.00015163
59355: 0.000151627
59356: 0.000151625
59357: 0.000151622
59358: 0.00015162
59359: 0.000151617
59360: 0.000151615
59361: 0.000151612
59362: 0.00015161
59363: 0.000151607
59364: 0.000151604
59365: 0.000151602
59366: 0.000151599
59367: 0.000151597
59368: 0.000151594
59369: 0.000151592
59370: 0.000151589
59371: 0.000151587
59372: 0.000151584
59373: 0.000151582
59374: 0.000151579
59375: 0.000151576
59376: 0.000151574
59377: 0.000151571
59378: 0.000151569
59379: 0.000151566
59380: 0.000151564
59381: 0.000151561
59382: 0.000151559
59383: 0.000151556
59384: 0.000151553
59385: 0.000151551
59386: 0.000151548
59387: 0.000151546
59388: 0.000151543
59389: 0.000151541
59390: 0.000151538
59391: 0.000151536
59392: 0.000151533
59393: 0.00015153
59394: 0.000151528
59395: 0.000151525
59396: 0.000151523
59397: 0.00015152
59398: 0.000151518
59399: 0.000151515
59400: 0.000151513
59401: 0.00015151
59402: 0.000151507
59403: 0.000151505
59404: 0.000151502
59405: 0.0001515
59406: 0.000151497
59407: 0.000151495
59408: 0.000151492
59409: 0.00015149
59410: 0.000151487
59411: 0.000151485
59412: 0.000151482
59413: 0.000151479
59414: 0.000151477
59415: 0.000151474
59416: 0.000151472
59417: 0.000151469
59418: 0.000151467
59419: 0.000151464
59420: 0.000151462
59421: 0.000151459
59422: 0.000151457
59423: 0.000151454
59424: 0.000151451
59425: 0.000151449
59426: 0.000151446
59427: 0.000151444
59428: 0.000151441
59429: 0.000151439
59430: 0.000151436
59431: 0.000151434
59432: 0.000151431
59433: 0.000151428
59434: 0.000151426
59435: 0.000151423
59436: 0.000151421
59437: 0.000151418
59438: 0.000151416
59439: 0.000151413
59440: 0.000151411
59441: 0.000151408
59442: 0.000151406
59443: 0.000151403
59444: 0.0001514
59445: 0.000151398
59446: 0.000151395
59447: 0.000151393
59448: 0.00015139
59449: 0.000151388
59450: 0.000151385
59451: 0.000151383
59452: 0.00015138
59453: 0.000151378
59454: 0.000151375
59455: 0.000151372
59456: 0.00015137
59457: 0.000151367
59458: 0.000151365
59459: 0.000151362
59460: 0.00015136
59461: 0.000151357
59462: 0.000151355
59463: 0.000151352
59464: 0.00015135
59465: 0.000151347
59466: 0.000151344
59467: 0.000151342
59468: 0.000151339
59469: 0.000151337
59470: 0.000151334
59471: 0.000151332
59472: 0.000151329
59473: 0.000151327
59474: 0.000151324
59475: 0.000151322
59476: 0.000151319
59477: 0.000151316
59478: 0.000151314
59479: 0.000151311
59480: 0.000151309
59481: 0.000151306
59482: 0.000151304
59483: 0.000151301
59484: 0.000151299
59485: 0.000151296
59486: 0.000151294
59487: 0.000151291
59488: 0.000151288
59489: 0.000151286
59490: 0.000151283
59491: 0.000151281
59492: 0.000151278
59493: 0.000151276
59494: 0.000151273
59495: 0.000151271
59496: 0.000151268
59497: 0.000151266
59498: 0.000151263
59499: 0.000151261
59500: 0.000151258
59501: 0.000151255
59502: 0.000151253
59503: 0.00015125
59504: 0.000151248
59505: 0.000151245
59506: 0.000151243
59507: 0.00015124
59508: 0.000151238
59509: 0.000151235
59510: 0.000151233
59511: 0.00015123
59512: 0.000151227
59513: 0.000151225
59514: 0.000151222
59515: 0.00015122
59516: 0.000151217
59517: 0.000151215
59518: 0.000151212
59519: 0.00015121
59520: 0.000151207
59521: 0.000151205
59522: 0.000151202
59523: 0.0001512
59524: 0.000151197
59525: 0.000151194
59526: 0.000151192
59527: 0.000151189
59528: 0.000151187
59529: 0.000151184
59530: 0.000151182
59531: 0.000151179
59532: 0.000151177
59533: 0.000151174
59534: 0.000151172
59535: 0.000151169
59536: 0.000151167
59537: 0.000151164
59538: 0.000151161
59539: 0.000151159
59540: 0.000151156
59541: 0.000151154
59542: 0.000151151
59543: 0.000151149
59544: 0.000151146
59545: 0.000151144
59546: 0.000151141
59547: 0.000151139
59548: 0.000151136
59549: 0.000151134
59550: 0.000151131
59551: 0.000151128
59552: 0.000151126
59553: 0.000151123
59554: 0.000151121
59555: 0.000151118
59556: 0.000151116
59557: 0.000151113
59558: 0.000151111
59559: 0.000151108
59560: 0.000151106
59561: 0.000151103
59562: 0.000151101
59563: 0.000151098
59564: 0.000151095
59565: 0.000151093
59566: 0.00015109
59567: 0.000151088
59568: 0.000151085
59569: 0.000151083
59570: 0.00015108
59571: 0.000151078
59572: 0.000151075
59573: 0.000151073
59574: 0.00015107
59575: 0.000151068
59576: 0.000151065
59577: 0.000151062
59578: 0.00015106
59579: 0.000151057
59580: 0.000151055
59581: 0.000151052
59582: 0.00015105
59583: 0.000151047
59584: 0.000151045
59585: 0.000151042
59586: 0.00015104
59587: 0.000151037
59588: 0.000151035
59589: 0.000151032
59590: 0.00015103
59591: 0.000151027
59592: 0.000151024
59593: 0.000151022
59594: 0.000151019
59595: 0.000151017
59596: 0.000151014
59597: 0.000151012
59598: 0.000151009
59599: 0.000151007
59600: 0.000151004
59601: 0.000151002
59602: 0.000150999
59603: 0.000150997
59604: 0.000150994
59605: 0.000150992
59606: 0.000150989
59607: 0.000150986
59608: 0.000150984
59609: 0.000150981
59610: 0.000150979
59611: 0.000150976
59612: 0.000150974
59613: 0.000150971
59614: 0.000150969
59615: 0.000150966
59616: 0.000150964
59617: 0.000150961
59618: 0.000150959
59619: 0.000150956
59620: 0.000150954
59621: 0.000150951
59622: 0.000150948
59623: 0.000150946
59624: 0.000150943
59625: 0.000150941
59626: 0.000150938
59627: 0.000150936
59628: 0.000150933
59629: 0.000150931
59630: 0.000150928
59631: 0.000150926
59632: 0.000150923
59633: 0.000150921
59634: 0.000150918
59635: 0.000150916
59636: 0.000150913
59637: 0.00015091
59638: 0.000150908
59639: 0.000150905
59640: 0.000150903
59641: 0.0001509
59642: 0.000150898
59643: 0.000150895
59644: 0.000150893
59645: 0.00015089
59646: 0.000150888
59647: 0.000150885
59648: 0.000150883
59649: 0.00015088
59650: 0.000150878
59651: 0.000150875
59652: 0.000150873
59653: 0.00015087
59654: 0.000150867
59655: 0.000150865
59656: 0.000150862
59657: 0.00015086
59658: 0.000150857
59659: 0.000150855
59660: 0.000150852
59661: 0.00015085
59662: 0.000150847
59663: 0.000150845
59664: 0.000150842
59665: 0.00015084
59666: 0.000150837
59667: 0.000150835
59668: 0.000150832
59669: 0.00015083
59670: 0.000150827
59671: 0.000150825
59672: 0.000150822
59673: 0.000150819
59674: 0.000150817
59675: 0.000150814
59676: 0.000150812
59677: 0.000150809
59678: 0.000150807
59679: 0.000150804
59680: 0.000150802
59681: 0.000150799
59682: 0.000150797
59683: 0.000150794
59684: 0.000150792
59685: 0.000150789
59686: 0.000150787
59687: 0.000150784
59688: 0.000150782
59689: 0.000150779
59690: 0.000150776
59691: 0.000150774
59692: 0.000150771
59693: 0.000150769
59694: 0.000150766
59695: 0.000150764
59696: 0.000150761
59697: 0.000150759
59698: 0.000150756
59699: 0.000150754
59700: 0.000150751
59701: 0.000150749
59702: 0.000150746
59703: 0.000150744
59704: 0.000150741
59705: 0.000150739
59706: 0.000150736
59707: 0.000150734
59708: 0.000150731
59709: 0.000150729
59710: 0.000150726
59711: 0.000150723
59712: 0.000150721
59713: 0.000150718
59714: 0.000150716
59715: 0.000150713
59716: 0.000150711
59717: 0.000150708
59718: 0.000150706
59719: 0.000150703
59720: 0.000150701
59721: 0.000150698
59722: 0.000150696
59723: 0.000150693
59724: 0.000150691
59725: 0.000150688
59726: 0.000150686
59727: 0.000150683
59728: 0.000150681
59729: 0.000150678
59730: 0.000150676
59731: 0.000150673
59732: 0.00015067
59733: 0.000150668
59734: 0.000150665
59735: 0.000150663
59736: 0.00015066
59737: 0.000150658
59738: 0.000150655
59739: 0.000150653
59740: 0.00015065
59741: 0.000150648
59742: 0.000150645
59743: 0.000150643
59744: 0.00015064
59745: 0.000150638
59746: 0.000150635
59747: 0.000150633
59748: 0.00015063
59749: 0.000150628
59750: 0.000150625
59751: 0.000150623
59752: 0.00015062
59753: 0.000150618
59754: 0.000150615
59755: 0.000150612
59756: 0.00015061
59757: 0.000150607
59758: 0.000150605
59759: 0.000150602
59760: 0.0001506
59761: 0.000150597
59762: 0.000150595
59763: 0.000150592
59764: 0.00015059
59765: 0.000150587
59766: 0.000150585
59767: 0.000150582
59768: 0.00015058
59769: 0.000150577
59770: 0.000150575
59771: 0.000150572
59772: 0.00015057
59773: 0.000150567
59774: 0.000150565
59775: 0.000150562
59776: 0.00015056
59777: 0.000150557
59778: 0.000150555
59779: 0.000150552
59780: 0.00015055
59781: 0.000150547
59782: 0.000150544
59783: 0.000150542
59784: 0.000150539
59785: 0.000150537
59786: 0.000150534
59787: 0.000150532
59788: 0.000150529
59789: 0.000150527
59790: 0.000150524
59791: 0.000150522
59792: 0.000150519
59793: 0.000150517
59794: 0.000150514
59795: 0.000150512
59796: 0.000150509
59797: 0.000150507
59798: 0.000150504
59799: 0.000150502
59800: 0.000150499
59801: 0.000150497
59802: 0.000150494
59803: 0.000150492
59804: 0.000150489
59805: 0.000150487
59806: 0.000150484
59807: 0.000150482
59808: 0.000150479
59809: 0.000150477
59810: 0.000150474
59811: 0.000150471
59812: 0.000150469
59813: 0.000150466
59814: 0.000150464
59815: 0.000150461
59816: 0.000150459
59817: 0.000150456
59818: 0.000150454
59819: 0.000150451
59820: 0.000150449
59821: 0.000150446
59822: 0.000150444
59823: 0.000150441
59824: 0.000150439
59825: 0.000150436
59826: 0.000150434
59827: 0.000150431
59828: 0.000150429
59829: 0.000150426
59830: 0.000150424
59831: 0.000150421
59832: 0.000150419
59833: 0.000150416
59834: 0.000150414
59835: 0.000150411
59836: 0.000150409
59837: 0.000150406
59838: 0.000150404
59839: 0.000150401
59840: 0.000150399
59841: 0.000150396
59842: 0.000150394
59843: 0.000150391
59844: 0.000150389
59845: 0.000150386
59846: 0.000150383
59847: 0.000150381
59848: 0.000150378
59849: 0.000150376
59850: 0.000150373
59851: 0.000150371
59852: 0.000150368
59853: 0.000150366
59854: 0.000150363
59855: 0.000150361
59856: 0.000150358
59857: 0.000150356
59858: 0.000150353
59859: 0.000150351
59860: 0.000150348
59861: 0.000150346
59862: 0.000150343
59863: 0.000150341
59864: 0.000150338
59865: 0.000150336
59866: 0.000150333
59867: 0.000150331
59868: 0.000150328
59869: 0.000150326
59870: 0.000150323
59871: 0.000150321
59872: 0.000150318
59873: 0.000150316
59874: 0.000150313
59875: 0.000150311
59876: 0.000150308
59877: 0.000150306
59878: 0.000150303
59879: 0.000150301
59880: 0.000150298
59881: 0.000150296
59882: 0.000150293
59883: 0.000150291
59884: 0.000150288
59885: 0.000150286
59886: 0.000150283
59887: 0.000150281
59888: 0.000150278
59889: 0.000150276
59890: 0.000150273
59891: 0.00015027
59892: 0.000150268
59893: 0.000150265
59894: 0.000150263
59895: 0.00015026
59896: 0.000150258
59897: 0.000150255
59898: 0.000150253
59899: 0.00015025
59900: 0.000150248
59901: 0.000150245
59902: 0.000150243
59903: 0.00015024
59904: 0.000150238
59905: 0.000150235
59906: 0.000150233
59907: 0.00015023
59908: 0.000150228
59909: 0.000150225
59910: 0.000150223
59911: 0.00015022
59912: 0.000150218
59913: 0.000150215
59914: 0.000150213
59915: 0.00015021
59916: 0.000150208
59917: 0.000150205
59918: 0.000150203
59919: 0.0001502
59920: 0.000150198
59921: 0.000150195
59922: 0.000150193
59923: 0.00015019
59924: 0.000150188
59925: 0.000150185
59926: 0.000150183
59927: 0.00015018
59928: 0.000150178
59929: 0.000150175
59930: 0.000150173
59931: 0.00015017
59932: 0.000150168
59933: 0.000150165
59934: 0.000150163
59935: 0.00015016
59936: 0.000150158
59937: 0.000150155
59938: 0.000150153
59939: 0.00015015
59940: 0.000150148
59941: 0.000150145
59942: 0.000150143
59943: 0.00015014
59944: 0.000150138
59945: 0.000150135
59946: 0.000150133
59947: 0.00015013
59948: 0.000150128
59949: 0.000150125
59950: 0.000150123
59951: 0.00015012
59952: 0.000150118
59953: 0.000150115
59954: 0.000150113
59955: 0.00015011
59956: 0.000150108
59957: 0.000150105
59958: 0.000150103
59959: 0.0001501
59960: 0.000150098
59961: 0.000150095
59962: 0.000150093
59963: 0.00015009
59964: 0.000150088
59965: 0.000150085
59966: 0.000150083
59967: 0.00015008
59968: 0.000150078
59969: 0.000150075
59970: 0.000150073
59971: 0.00015007
59972: 0.000150068
59973: 0.000150065
59974: 0.000150063
59975: 0.00015006
59976: 0.000150058
59977: 0.000150055
59978: 0.000150053
59979: 0.00015005
59980: 0.000150048
59981: 0.000150045
59982: 0.000150043
59983: 0.00015004
59984: 0.000150038
59985: 0.000150035
59986: 0.000150033
59987: 0.00015003
59988: 0.000150028
59989: 0.000150025
59990: 0.000150023
59991: 0.00015002
59992: 0.000150018
59993: 0.000150015
59994: 0.000150013
59995: 0.00015001
59996: 0.000150008
59997: 0.000150005
59998: 0.000150003
59999: 0.00015
60000: 0.000149998
60001: 0.000149995
60002: 0.000149993
60003: 0.00014999
60004: 0.000149988
60005: 0.000149985
60006: 0.000149983
60007: 0.00014998
60008: 0.000149978
60009: 0.000149975
60010: 0.000149973
60011: 0.00014997
60012: 0.000149968
60013: 0.000149965
60014: 0.000149963
60015: 0.00014996
60016: 0.000149958
60017: 0.000149955
60018: 0.000149953
60019: 0.00014995
60020: 0.000149948
60021: 0.000149945
60022: 0.000149943
60023: 0.00014994
60024: 0.000149938
60025: 0.000149935
60026: 0.000149933
60027: 0.00014993
60028: 0.000149928
60029: 0.000149925
60030: 0.000149923
60031: 0.00014992
60032: 0.000149918
60033: 0.000149915
60034: 0.000149913
60035: 0.00014991
60036: 0.000149908
60037: 0.000149905
60038: 0.000149903
60039: 0.0001499
60040: 0.000149898
60041: 0.000149895
60042: 0.000149893
60043: 0.00014989
60044: 0.000149888
60045: 0.000149885
60046: 0.000149883
60047: 0.00014988
60048: 0.000149878
60049: 0.000149875
60050: 0.000149873
60051: 0.00014987
60052: 0.000149868
60053: 0.000149865
60054: 0.000149863
60055: 0.00014986
60056: 0.000149858
60057: 0.000149855
60058: 0.000149853
60059: 0.00014985
60060: 0.000149848
60061: 0.000149845
60062: 0.000149843
60063: 0.00014984
60064: 0.000149838
60065: 0.000149835
60066: 0.000149833
60067: 0.00014983
60068: 0.000149828
60069: 0.000149825
60070: 0.000149823
60071: 0.00014982
60072: 0.000149818
60073: 0.000149815
60074: 0.000149813
60075: 0.00014981
60076: 0.000149808
60077: 0.000149805
60078: 0.000149803
60079: 0.0001498
60080: 0.000149798
60081: 0.000149795
60082: 0.000149793
60083: 0.00014979
60084: 0.000149788
60085: 0.000149785
60086: 0.000149783
60087: 0.00014978
60088: 0.000149778
60089: 0.000149775
60090: 0.000149773
60091: 0.00014977
60092: 0.000149768
60093: 0.000149765
60094: 0.000149763
60095: 0.00014976
60096: 0.000149758
60097: 0.000149755
60098: 0.000149753
60099: 0.00014975
60100: 0.000149748
60101: 0.000149745
60102: 0.000149743
60103: 0.00014974
60104: 0.000149738
60105: 0.000149735
60106: 0.000149733
60107: 0.00014973
60108: 0.000149728
60109: 0.000149726
60110: 0.000149723
60111: 0.000149721
60112: 0.000149718
60113: 0.000149716
60114: 0.000149713
60115: 0.000149711
60116: 0.000149708
60117: 0.000149706
60118: 0.000149703
60119: 0.000149701
60120: 0.000149698
60121: 0.000149696
60122: 0.000149693
60123: 0.000149691
60124: 0.000149688
60125: 0.000149686
60126: 0.000149683
60127: 0.000149681
60128: 0.000149678
60129: 0.000149676
60130: 0.000149673
60131: 0.000149671
60132: 0.000149668
60133: 0.000149666
60134: 0.000149663
60135: 0.000149661
60136: 0.000149658
60137: 0.000149656
60138: 0.000149653
60139: 0.000149651
60140: 0.000149648
60141: 0.000149646
60142: 0.000149643
60143: 0.000149641
60144: 0.000149638
60145: 0.000149636
60146: 0.000149633
60147: 0.000149631
60148: 0.000149628
60149: 0.000149626
60150: 0.000149623
60151: 0.000149621
60152: 0.000149618
60153: 0.000149616
60154: 0.000149613
60155: 0.000149611
60156: 0.000149609
60157: 0.000149606
60158: 0.000149604
60159: 0.000149601
60160: 0.000149599
60161: 0.000149596
60162: 0.000149594
60163: 0.000149591
60164: 0.000149589
60165: 0.000149586
60166: 0.000149584
60167: 0.000149581
60168: 0.000149579
60169: 0.000149576
60170: 0.000149574
60171: 0.000149571
60172: 0.000149569
60173: 0.000149566
60174: 0.000149564
60175: 0.000149561
60176: 0.000149559
60177: 0.000149556
60178: 0.000149554
60179: 0.000149551
60180: 0.000149549
60181: 0.000149546
60182: 0.000149544
60183: 0.000149541
60184: 0.000149539
60185: 0.000149536
60186: 0.000149534
60187: 0.000149531
60188: 0.000149529
60189: 0.000149526
60190: 0.000149524
60191: 0.000149522
60192: 0.000149519
60193: 0.000149517
60194: 0.000149514
60195: 0.000149512
60196: 0.000149509
60197: 0.000149507
60198: 0.000149504
60199: 0.000149502
60200: 0.000149499
60201: 0.000149497
60202: 0.000149494
60203: 0.000149492
60204: 0.000149489
60205: 0.000149487
60206: 0.000149484
60207: 0.000149482
60208: 0.000149479
60209: 0.000149477
60210: 0.000149474
60211: 0.000149472
60212: 0.000149469
60213: 0.000149467
60214: 0.000149464
60215: 0.000149462
60216: 0.000149459
60217: 0.000149457
60218: 0.000149454
60219: 0.000149452
60220: 0.00014945
60221: 0.000149447
60222: 0.000149445
60223: 0.000149442
60224: 0.00014944
60225: 0.000149437
60226: 0.000149435
60227: 0.000149432
60228: 0.00014943
60229: 0.000149427
60230: 0.000149425
60231: 0.000149422
60232: 0.00014942
60233: 0.000149417
60234: 0.000149415
60235: 0.000149412
60236: 0.00014941
60237: 0.000149407
60238: 0.000149405
60239: 0.000149402
60240: 0.0001494
60241: 0.000149397
60242: 0.000149395
60243: 0.000149392
60244: 0.00014939
60245: 0.000149388
60246: 0.000149385
60247: 0.000149383
60248: 0.00014938
60249: 0.000149378
60250: 0.000149375
60251: 0.000149373
60252: 0.00014937
60253: 0.000149368
60254: 0.000149365
60255: 0.000149363
60256: 0.00014936
60257: 0.000149358
60258: 0.000149355
60259: 0.000149353
60260: 0.00014935
60261: 0.000149348
60262: 0.000149345
60263: 0.000149343
60264: 0.00014934
60265: 0.000149338
60266: 0.000149335
60267: 0.000149333
60268: 0.000149331
60269: 0.000149328
60270: 0.000149326
60271: 0.000149323
60272: 0.000149321
60273: 0.000149318
60274: 0.000149316
60275: 0.000149313
60276: 0.000149311
60277: 0.000149308
60278: 0.000149306
60279: 0.000149303
60280: 0.000149301
60281: 0.000149298
60282: 0.000149296
60283: 0.000149293
60284: 0.000149291
60285: 0.000149288
60286: 0.000149286
60287: 0.000149283
60288: 0.000149281
60289: 0.000149278
60290: 0.000149276
60291: 0.000149274
60292: 0.000149271
60293: 0.000149269
60294: 0.000149266
60295: 0.000149264
60296: 0.000149261
60297: 0.000149259
60298: 0.000149256
60299: 0.000149254
60300: 0.000149251
60301: 0.000149249
60302: 0.000149246
60303: 0.000149244
60304: 0.000149241
60305: 0.000149239
60306: 0.000149236
60307: 0.000149234
60308: 0.000149231
60309: 0.000149229
60310: 0.000149227
60311: 0.000149224
60312: 0.000149222
60313: 0.000149219
60314: 0.000149217
60315: 0.000149214
60316: 0.000149212
60317: 0.000149209
60318: 0.000149207
60319: 0.000149204
60320: 0.000149202
60321: 0.000149199
60322: 0.000149197
60323: 0.000149194
60324: 0.000149192
60325: 0.000149189
60326: 0.000149187
60327: 0.000149184
60328: 0.000149182
60329: 0.00014918
60330: 0.000149177
60331: 0.000149175
60332: 0.000149172
60333: 0.00014917
60334: 0.000149167
60335: 0.000149165
60336: 0.000149162
60337: 0.00014916
60338: 0.000149157
60339: 0.000149155
60340: 0.000149152
60341: 0.00014915
60342: 0.000149147
60343: 0.000149145
60344: 0.000149142
60345: 0.00014914
60346: 0.000149137
60347: 0.000149135
60348: 0.000149133
60349: 0.00014913
60350: 0.000149128
60351: 0.000149125
60352: 0.000149123
60353: 0.00014912
60354: 0.000149118
60355: 0.000149115
60356: 0.000149113
60357: 0.00014911
60358: 0.000149108
60359: 0.000149105
60360: 0.000149103
60361: 0.0001491
60362: 0.000149098
60363: 0.000149095
60364: 0.000149093
60365: 0.000149091
60366: 0.000149088
60367: 0.000149086
60368: 0.000149083
60369: 0.000149081
60370: 0.000149078
60371: 0.000149076
60372: 0.000149073
60373: 0.000149071
60374: 0.000149068
60375: 0.000149066
60376: 0.000149063
60377: 0.000149061
60378: 0.000149058
60379: 0.000149056
60380: 0.000149054
60381: 0.000149051
60382: 0.000149049
60383: 0.000149046
60384: 0.000149044
60385: 0.000149041
60386: 0.000149039
60387: 0.000149036
60388: 0.000149034
60389: 0.000149031
60390: 0.000149029
60391: 0.000149026
60392: 0.000149024
60393: 0.000149021
60394: 0.000149019
60395: 0.000149016
60396: 0.000149014
60397: 0.000149012
60398: 0.000149009
60399: 0.000149007
60400: 0.000149004
60401: 0.000149002
60402: 0.000148999
60403: 0.000148997
60404: 0.000148994
60405: 0.000148992
60406: 0.000148989
60407: 0.000148987
60408: 0.000148984
60409: 0.000148982
60410: 0.000148979
60411: 0.000148977
60412: 0.000148975
60413: 0.000148972
60414: 0.00014897
60415: 0.000148967
60416: 0.000148965
60417: 0.000148962
60418: 0.00014896
60419: 0.000148957
60420: 0.000148955
60421: 0.000148952
60422: 0.00014895
60423: 0.000148947
60424: 0.000148945
60425: 0.000148943
60426: 0.00014894
60427: 0.000148938
60428: 0.000148935
60429: 0.000148933
60430: 0.00014893
60431: 0.000148928
60432: 0.000148925
60433: 0.000148923
60434: 0.00014892
60435: 0.000148918
60436: 0.000148915
60437: 0.000148913
60438: 0.00014891
60439: 0.000148908
60440: 0.000148906
60441: 0.000148903
60442: 0.000148901
60443: 0.000148898
60444: 0.000148896
60445: 0.000148893
60446: 0.000148891
60447: 0.000148888
60448: 0.000148886
60449: 0.000148883
60450: 0.000148881
60451: 0.000148878
60452: 0.000148876
60453: 0.000148874
60454: 0.000148871
60455: 0.000148869
60456: 0.000148866
60457: 0.000148864
60458: 0.000148861
60459: 0.000148859
60460: 0.000148856
60461: 0.000148854
60462: 0.000148851
60463: 0.000148849
60464: 0.000148846
60465: 0.000148844
60466: 0.000148842
60467: 0.000148839
60468: 0.000148837
60469: 0.000148834
60470: 0.000148832
60471: 0.000148829
60472: 0.000148827
60473: 0.000148824
60474: 0.000148822
60475: 0.000148819
60476: 0.000148817
60477: 0.000148814
60478: 0.000148812
60479: 0.00014881
60480: 0.000148807
60481: 0.000148805
60482: 0.000148802
60483: 0.0001488
60484: 0.000148797
60485: 0.000148795
60486: 0.000148792
60487: 0.00014879
60488: 0.000148787
60489: 0.000148785
60490: 0.000148782
60491: 0.00014878
60492: 0.000148778
60493: 0.000148775
60494: 0.000148773
60495: 0.00014877
60496: 0.000148768
60497: 0.000148765
60498: 0.000148763
60499: 0.00014876
60500: 0.000148758
60501: 0.000148755
60502: 0.000148753
60503: 0.00014875
60504: 0.000148748
60505: 0.000148746
60506: 0.000148743
60507: 0.000148741
60508: 0.000148738
60509: 0.000148736
60510: 0.000148733
60511: 0.000148731
60512: 0.000148728
60513: 0.000148726
60514: 0.000148723
60515: 0.000148721
60516: 0.000148719
60517: 0.000148716
60518: 0.000148714
60519: 0.000148711
60520: 0.000148709
60521: 0.000148706
60522: 0.000148704
60523: 0.000148701
60524: 0.000148699
60525: 0.000148696
60526: 0.000148694
60527: 0.000148692
60528: 0.000148689
60529: 0.000148687
60530: 0.000148684
60531: 0.000148682
60532: 0.000148679
60533: 0.000148677
60534: 0.000148674
60535: 0.000148672
60536: 0.000148669
60537: 0.000148667
60538: 0.000148664
60539: 0.000148662
60540: 0.00014866
60541: 0.000148657
60542: 0.000148655
60543: 0.000148652
60544: 0.00014865
60545: 0.000148647
60546: 0.000148645
60547: 0.000148642
60548: 0.00014864
60549: 0.000148637
60550: 0.000148635
60551: 0.000148633
60552: 0.00014863
60553: 0.000148628
60554: 0.000148625
60555: 0.000148623
60556: 0.00014862
60557: 0.000148618
60558: 0.000148615
60559: 0.000148613
60560: 0.00014861
60561: 0.000148608
60562: 0.000148606
60563: 0.000148603
60564: 0.000148601
60565: 0.000148598
60566: 0.000148596
60567: 0.000148593
60568: 0.000148591
60569: 0.000148588
60570: 0.000148586
60571: 0.000148584
60572: 0.000148581
60573: 0.000148579
60574: 0.000148576
60575: 0.000148574
60576: 0.000148571
60577: 0.000148569
60578: 0.000148566
60579: 0.000148564
60580: 0.000148561
60581: 0.000148559
60582: 0.000148557
60583: 0.000148554
60584: 0.000148552
60585: 0.000148549
60586: 0.000148547
60587: 0.000148544
60588: 0.000148542
60589: 0.000148539
60590: 0.000148537
60591: 0.000148534
60592: 0.000148532
60593: 0.00014853
60594: 0.000148527
60595: 0.000148525
60596: 0.000148522
60597: 0.00014852
60598: 0.000148517
60599: 0.000148515
60600: 0.000148512
60601: 0.00014851
60602: 0.000148507
60603: 0.000148505
60604: 0.000148503
60605: 0.0001485
60606: 0.000148498
60607: 0.000148495
60608: 0.000148493
60609: 0.00014849
60610: 0.000148488
60611: 0.000148485
60612: 0.000148483
60613: 0.000148481
60614: 0.000148478
60615: 0.000148476
60616: 0.000148473
60617: 0.000148471
60618: 0.000148468
60619: 0.000148466
60620: 0.000148463
60621: 0.000148461
60622: 0.000148459
60623: 0.000148456
60624: 0.000148454
60625: 0.000148451
60626: 0.000148449
60627: 0.000148446
60628: 0.000148444
60629: 0.000148441
60630: 0.000148439
60631: 0.000148436
60632: 0.000148434
60633: 0.000148432
60634: 0.000148429
60635: 0.000148427
60636: 0.000148424
60637: 0.000148422
60638: 0.000148419
60639: 0.000148417
60640: 0.000148414
60641: 0.000148412
60642: 0.00014841
60643: 0.000148407
60644: 0.000148405
60645: 0.000148402
60646: 0.0001484
60647: 0.000148397
60648: 0.000148395
60649: 0.000148392
60650: 0.00014839
60651: 0.000148388
60652: 0.000148385
60653: 0.000148383
60654: 0.00014838
60655: 0.000148378
60656: 0.000148375
60657: 0.000148373
60658: 0.00014837
60659: 0.000148368
60660: 0.000148366
60661: 0.000148363
60662: 0.000148361
60663: 0.000148358
60664: 0.000148356
60665: 0.000148353
60666: 0.000148351
60667: 0.000148348
60668: 0.000148346
60669: 0.000148343
60670: 0.000148341
60671: 0.000148339
60672: 0.000148336
60673: 0.000148334
60674: 0.000148331
60675: 0.000148329
60676: 0.000148326
60677: 0.000148324
60678: 0.000148321
60679: 0.000148319
60680: 0.000148317
60681: 0.000148314
60682: 0.000148312
60683: 0.000148309
60684: 0.000148307
60685: 0.000148304
60686: 0.000148302
60687: 0.000148299
60688: 0.000148297
60689: 0.000148295
60690: 0.000148292
60691: 0.00014829
60692: 0.000148287
60693: 0.000148285
60694: 0.000148282
60695: 0.00014828
60696: 0.000148278
60697: 0.000148275
60698: 0.000148273
60699: 0.00014827
60700: 0.000148268
60701: 0.000148265
60702: 0.000148263
60703: 0.00014826
60704: 0.000148258
60705: 0.000148256
60706: 0.000148253
60707: 0.000148251
60708: 0.000148248
60709: 0.000148246
60710: 0.000148243
60711: 0.000148241
60712: 0.000148238
60713: 0.000148236
60714: 0.000148234
60715: 0.000148231
60716: 0.000148229
60717: 0.000148226
60718: 0.000148224
60719: 0.000148221
60720: 0.000148219
60721: 0.000148216
60722: 0.000148214
60723: 0.000148212
60724: 0.000148209
60725: 0.000148207
60726: 0.000148204
60727: 0.000148202
60728: 0.000148199
60729: 0.000148197
60730: 0.000148194
60731: 0.000148192
60732: 0.00014819
60733: 0.000148187
60734: 0.000148185
60735: 0.000148182
60736: 0.00014818
60737: 0.000148177
60738: 0.000148175
60739: 0.000148173
60740: 0.00014817
60741: 0.000148168
60742: 0.000148165
60743: 0.000148163
60744: 0.00014816
60745: 0.000148158
60746: 0.000148155
60747: 0.000148153
60748: 0.000148151
60749: 0.000148148
60750: 0.000148146
60751: 0.000148143
60752: 0.000148141
60753: 0.000148138
60754: 0.000148136
60755: 0.000148134
60756: 0.000148131
60757: 0.000148129
60758: 0.000148126
60759: 0.000148124
60760: 0.000148121
60761: 0.000148119
60762: 0.000148116
60763: 0.000148114
60764: 0.000148112
60765: 0.000148109
60766: 0.000148107
60767: 0.000148104
60768: 0.000148102
60769: 0.000148099
60770: 0.000148097
60771: 0.000148095
60772: 0.000148092
60773: 0.00014809
60774: 0.000148087
60775: 0.000148085
60776: 0.000148082
60777: 0.00014808
60778: 0.000148077
60779: 0.000148075
60780: 0.000148073
60781: 0.00014807
60782: 0.000148068
60783: 0.000148065
60784: 0.000148063
60785: 0.00014806
60786: 0.000148058
60787: 0.000148056
60788: 0.000148053
60789: 0.000148051
60790: 0.000148048
60791: 0.000148046
60792: 0.000148043
60793: 0.000148041
60794: 0.000148038
60795: 0.000148036
60796: 0.000148034
60797: 0.000148031
60798: 0.000148029
60799: 0.000148026
60800: 0.000148024
60801: 0.000148021
60802: 0.000148019
60803: 0.000148017
60804: 0.000148014
60805: 0.000148012
60806: 0.000148009
60807: 0.000148007
60808: 0.000148004
60809: 0.000148002
60810: 0.000148
60811: 0.000147997
60812: 0.000147995
60813: 0.000147992
60814: 0.00014799
60815: 0.000147987
60816: 0.000147985
60817: 0.000147983
60818: 0.00014798
60819: 0.000147978
60820: 0.000147975
60821: 0.000147973
60822: 0.00014797
60823: 0.000147968
60824: 0.000147965
60825: 0.000147963
60826: 0.000147961
60827: 0.000147958
60828: 0.000147956
60829: 0.000147953
60830: 0.000147951
60831: 0.000147948
60832: 0.000147946
60833: 0.000147944
60834: 0.000147941
60835: 0.000147939
60836: 0.000147936
60837: 0.000147934
60838: 0.000147931
60839: 0.000147929
60840: 0.000147927
60841: 0.000147924
60842: 0.000147922
60843: 0.000147919
60844: 0.000147917
60845: 0.000147914
60846: 0.000147912
60847: 0.00014791
60848: 0.000147907
60849: 0.000147905
60850: 0.000147902
60851: 0.0001479
60852: 0.000147897
60853: 0.000147895
60854: 0.000147893
60855: 0.00014789
60856: 0.000147888
60857: 0.000147885
60858: 0.000147883
60859: 0.00014788
60860: 0.000147878
60861: 0.000147876
60862: 0.000147873
60863: 0.000147871
60864: 0.000147868
60865: 0.000147866
60866: 0.000147863
60867: 0.000147861
60868: 0.000147859
60869: 0.000147856
60870: 0.000147854
60871: 0.000147851
60872: 0.000147849
60873: 0.000147846
60874: 0.000147844
60875: 0.000147842
60876: 0.000147839
60877: 0.000147837
60878: 0.000147834
60879: 0.000147832
60880: 0.000147829
60881: 0.000147827
60882: 0.000147825
60883: 0.000147822
60884: 0.00014782
60885: 0.000147817
60886: 0.000147815
60887: 0.000147812
60888: 0.00014781
60889: 0.000147808
60890: 0.000147805
60891: 0.000147803
60892: 0.0001478
60893: 0.000147798
60894: 0.000147795
60895: 0.000147793
60896: 0.000147791
60897: 0.000147788
60898: 0.000147786
60899: 0.000147783
60900: 0.000147781
60901: 0.000147778
60902: 0.000147776
60903: 0.000147774
60904: 0.000147771
60905: 0.000147769
60906: 0.000147766
60907: 0.000147764
60908: 0.000147761
60909: 0.000147759
60910: 0.000147757
60911: 0.000147754
60912: 0.000147752
60913: 0.000147749
60914: 0.000147747
60915: 0.000147744
60916: 0.000147742
60917: 0.00014774
60918: 0.000147737
60919: 0.000147735
60920: 0.000147732
60921: 0.00014773
60922: 0.000147727
60923: 0.000147725
60924: 0.000147723
60925: 0.00014772
60926: 0.000147718
60927: 0.000147715
60928: 0.000147713
60929: 0.00014771
60930: 0.000147708
60931: 0.000147706
60932: 0.000147703
60933: 0.000147701
60934: 0.000147698
60935: 0.000147696
60936: 0.000147694
60937: 0.000147691
60938: 0.000147689
60939: 0.000147686
60940: 0.000147684
60941: 0.000147681
60942: 0.000147679
60943: 0.000147677
60944: 0.000147674
60945: 0.000147672
60946: 0.000147669
60947: 0.000147667
60948: 0.000147664
60949: 0.000147662
60950: 0.00014766
60951: 0.000147657
60952: 0.000147655
60953: 0.000147652
60954: 0.00014765
60955: 0.000147647
60956: 0.000147645
60957: 0.000147643
60958: 0.00014764
60959: 0.000147638
60960: 0.000147635
60961: 0.000147633
60962: 0.000147631
60963: 0.000147628
60964: 0.000147626
60965: 0.000147623
60966: 0.000147621
60967: 0.000147618
60968: 0.000147616
60969: 0.000147614
60970: 0.000147611
60971: 0.000147609
60972: 0.000147606
60973: 0.000147604
60974: 0.000147601
60975: 0.000147599
60976: 0.000147597
60977: 0.000147594
60978: 0.000147592
60979: 0.000147589
60980: 0.000147587
60981: 0.000147585
60982: 0.000147582
60983: 0.00014758
60984: 0.000147577
60985: 0.000147575
60986: 0.000147572
60987: 0.00014757
60988: 0.000147568
60989: 0.000147565
60990: 0.000147563
60991: 0.00014756
60992: 0.000147558
60993: 0.000147555
60994: 0.000147553
60995: 0.000147551
60996: 0.000147548
60997: 0.000147546
60998: 0.000147543
60999: 0.000147541
61000: 0.000147539
61001: 0.000147536
61002: 0.000147534
61003: 0.000147531
61004: 0.000147529
61005: 0.000147526
61006: 0.000147524
61007: 0.000147522
61008: 0.000147519
61009: 0.000147517
61010: 0.000147514
61011: 0.000147512
61012: 0.00014751
61013: 0.000147507
61014: 0.000147505
61015: 0.000147502
61016: 0.0001475
61017: 0.000147497
61018: 0.000147495
61019: 0.000147493
61020: 0.00014749
61021: 0.000147488
61022: 0.000147485
61023: 0.000147483
61024: 0.000147481
61025: 0.000147478
61026: 0.000147476
61027: 0.000147473
61028: 0.000147471
61029: 0.000147468
61030: 0.000147466
61031: 0.000147464
61032: 0.000147461
61033: 0.000147459
61034: 0.000147456
61035: 0.000147454
61036: 0.000147452
61037: 0.000147449
61038: 0.000147447
61039: 0.000147444
61040: 0.000147442
61041: 0.000147439
61042: 0.000147437
61043: 0.000147435
61044: 0.000147432
61045: 0.00014743
61046: 0.000147427
61047: 0.000147425
61048: 0.000147423
61049: 0.00014742
61050: 0.000147418
61051: 0.000147415
61052: 0.000147413
61053: 0.00014741
61054: 0.000147408
61055: 0.000147406
61056: 0.000147403
61057: 0.000147401
61058: 0.000147398
61059: 0.000147396
61060: 0.000147394
61061: 0.000147391
61062: 0.000147389
61063: 0.000147386
61064: 0.000147384
61065: 0.000147382
61066: 0.000147379
61067: 0.000147377
61068: 0.000147374
61069: 0.000147372
61070: 0.000147369
61071: 0.000147367
61072: 0.000147365
61073: 0.000147362
61074: 0.00014736
61075: 0.000147357
61076: 0.000147355
61077: 0.000147353
61078: 0.00014735
61079: 0.000147348
61080: 0.000147345
61081: 0.000147343
61082: 0.000147341
61083: 0.000147338
61084: 0.000147336
61085: 0.000147333
61086: 0.000147331
61087: 0.000147328
61088: 0.000147326
61089: 0.000147324
61090: 0.000147321
61091: 0.000147319
61092: 0.000147316
61093: 0.000147314
61094: 0.000147312
61095: 0.000147309
61096: 0.000147307
61097: 0.000147304
61098: 0.000147302
61099: 0.0001473
61100: 0.000147297
61101: 0.000147295
61102: 0.000147292
61103: 0.00014729
61104: 0.000147287
61105: 0.000147285
61106: 0.000147283
61107: 0.00014728
61108: 0.000147278
61109: 0.000147275
61110: 0.000147273
61111: 0.000147271
61112: 0.000147268
61113: 0.000147266
61114: 0.000147263
61115: 0.000147261
61116: 0.000147259
61117: 0.000147256
61118: 0.000147254
61119: 0.000147251
61120: 0.000147249
61121: 0.000147246
61122: 0.000147244
61123: 0.000147242
61124: 0.000147239
61125: 0.000147237
61126: 0.000147234
61127: 0.000147232
61128: 0.00014723
61129: 0.000147227
61130: 0.000147225
61131: 0.000147222
61132: 0.00014722
61133: 0.000147218
61134: 0.000147215
61135: 0.000147213
61136: 0.00014721
61137: 0.000147208
61138: 0.000147206
61139: 0.000147203
61140: 0.000147201
61141: 0.000147198
61142: 0.000147196
61143: 0.000147194
61144: 0.000147191
61145: 0.000147189
61146: 0.000147186
61147: 0.000147184
61148: 0.000147181
61149: 0.000147179
61150: 0.000147177
61151: 0.000147174
61152: 0.000147172
61153: 0.000147169
61154: 0.000147167
61155: 0.000147165
61156: 0.000147162
61157: 0.00014716
61158: 0.000147157
61159: 0.000147155
61160: 0.000147153
61161: 0.00014715
61162: 0.000147148
61163: 0.000147145
61164: 0.000147143
61165: 0.000147141
61166: 0.000147138
61167: 0.000147136
61168: 0.000147133
61169: 0.000147131
61170: 0.000147129
61171: 0.000147126
61172: 0.000147124
61173: 0.000147121
61174: 0.000147119
61175: 0.000147117
61176: 0.000147114
61177: 0.000147112
61178: 0.000147109
61179: 0.000147107
61180: 0.000147104
61181: 0.000147102
61182: 0.0001471
61183: 0.000147097
61184: 0.000147095
61185: 0.000147092
61186: 0.00014709
61187: 0.000147088
61188: 0.000147085
61189: 0.000147083
61190: 0.00014708
61191: 0.000147078
61192: 0.000147076
61193: 0.000147073
61194: 0.000147071
61195: 0.000147068
61196: 0.000147066
61197: 0.000147064
61198: 0.000147061
61199: 0.000147059
61200: 0.000147056
61201: 0.000147054
61202: 0.000147052
61203: 0.000147049
61204: 0.000147047
61205: 0.000147044
61206: 0.000147042
61207: 0.00014704
61208: 0.000147037
61209: 0.000147035
61210: 0.000147032
61211: 0.00014703
61212: 0.000147028
61213: 0.000147025
61214: 0.000147023
61215: 0.00014702
61216: 0.000147018
61217: 0.000147016
61218: 0.000147013
61219: 0.000147011
61220: 0.000147008
61221: 0.000147006
61222: 0.000147004
61223: 0.000147001
61224: 0.000146999
61225: 0.000146996
61226: 0.000146994
61227: 0.000146992
61228: 0.000146989
61229: 0.000146987
61230: 0.000146984
61231: 0.000146982
61232: 0.00014698
61233: 0.000146977
61234: 0.000146975
61235: 0.000146972
61236: 0.00014697
61237: 0.000146968
61238: 0.000146965
61239: 0.000146963
61240: 0.00014696
61241: 0.000146958
61242: 0.000146956
61243: 0.000146953
61244: 0.000146951
61245: 0.000146948
61246: 0.000146946
61247: 0.000146944
61248: 0.000146941
61249: 0.000146939
61250: 0.000146936
61251: 0.000146934
61252: 0.000146932
61253: 0.000146929
61254: 0.000146927
61255: 0.000146924
61256: 0.000146922
61257: 0.00014692
61258: 0.000146917
61259: 0.000146915
61260: 0.000146912
61261: 0.00014691
61262: 0.000146908
61263: 0.000146905
61264: 0.000146903
61265: 0.0001469
61266: 0.000146898
61267: 0.000146896
61268: 0.000146893
61269: 0.000146891
61270: 0.000146888
61271: 0.000146886
61272: 0.000146884
61273: 0.000146881
61274: 0.000146879
61275: 0.000146876
61276: 0.000146874
61277: 0.000146872
61278: 0.000146869
61279: 0.000146867
61280: 0.000146864
61281: 0.000146862
61282: 0.00014686
61283: 0.000146857
61284: 0.000146855
61285: 0.000146852
61286: 0.00014685
61287: 0.000146848
61288: 0.000146845
61289: 0.000146843
61290: 0.00014684
61291: 0.000146838
61292: 0.000146836
61293: 0.000146833
61294: 0.000146831
61295: 0.000146829
61296: 0.000146826
61297: 0.000146824
61298: 0.000146821
61299: 0.000146819
61300: 0.000146817
61301: 0.000146814
61302: 0.000146812
61303: 0.000146809
61304: 0.000146807
61305: 0.000146805
61306: 0.000146802
61307: 0.0001468
61308: 0.000146797
61309: 0.000146795
61310: 0.000146793
61311: 0.00014679
61312: 0.000146788
61313: 0.000146785
61314: 0.000146783
61315: 0.000146781
61316: 0.000146778
61317: 0.000146776
61318: 0.000146773
61319: 0.000146771
61320: 0.000146769
61321: 0.000146766
61322: 0.000146764
61323: 0.000146761
61324: 0.000146759
61325: 0.000146757
61326: 0.000146754
61327: 0.000146752
61328: 0.000146749
61329: 0.000146747
61330: 0.000146745
61331: 0.000146742
61332: 0.00014674
61333: 0.000146738
61334: 0.000146735
61335: 0.000146733
61336: 0.00014673
61337: 0.000146728
61338: 0.000146726
61339: 0.000146723
61340: 0.000146721
61341: 0.000146718
61342: 0.000146716
61343: 0.000146714
61344: 0.000146711
61345: 0.000146709
61346: 0.000146706
61347: 0.000146704
61348: 0.000146702
61349: 0.000146699
61350: 0.000146697
61351: 0.000146694
61352: 0.000146692
61353: 0.00014669
61354: 0.000146687
61355: 0.000146685
61356: 0.000146683
61357: 0.00014668
61358: 0.000146678
61359: 0.000146675
61360: 0.000146673
61361: 0.000146671
61362: 0.000146668
61363: 0.000146666
61364: 0.000146663
61365: 0.000146661
61366: 0.000146659
61367: 0.000146656
61368: 0.000146654
61369: 0.000146651
61370: 0.000146649
61371: 0.000146647
61372: 0.000146644
61373: 0.000146642
61374: 0.00014664
61375: 0.000146637
61376: 0.000146635
61377: 0.000146632
61378: 0.00014663
61379: 0.000146628
61380: 0.000146625
61381: 0.000146623
61382: 0.00014662
61383: 0.000146618
61384: 0.000146616
61385: 0.000146613
61386: 0.000146611
61387: 0.000146608
61388: 0.000146606
61389: 0.000146604
61390: 0.000146601
61391: 0.000146599
61392: 0.000146597
61393: 0.000146594
61394: 0.000146592
61395: 0.000146589
61396: 0.000146587
61397: 0.000146585
61398: 0.000146582
61399: 0.00014658
61400: 0.000146577
61401: 0.000146575
61402: 0.000146573
61403: 0.00014657
61404: 0.000146568
61405: 0.000146565
61406: 0.000146563
61407: 0.000146561
61408: 0.000146558
61409: 0.000146556
61410: 0.000146554
61411: 0.000146551
61412: 0.000146549
61413: 0.000146546
61414: 0.000146544
61415: 0.000146542
61416: 0.000146539
61417: 0.000146537
61418: 0.000146534
61419: 0.000146532
61420: 0.00014653
61421: 0.000146527
61422: 0.000146525
61423: 0.000146523
61424: 0.00014652
61425: 0.000146518
61426: 0.000146515
61427: 0.000146513
61428: 0.000146511
61429: 0.000146508
61430: 0.000146506
61431: 0.000146503
61432: 0.000146501
61433: 0.000146499
61434: 0.000146496
61435: 0.000146494
61436: 0.000146492
61437: 0.000146489
61438: 0.000146487
61439: 0.000146484
61440: 0.000146482
61441: 0.00014648
61442: 0.000146477
61443: 0.000146475
61444: 0.000146472
61445: 0.00014647
61446: 0.000146468
61447: 0.000146465
61448: 0.000146463
61449: 0.000146461
61450: 0.000146458
61451: 0.000146456
61452: 0.000146453
61453: 0.000146451
61454: 0.000146449
61455: 0.000146446
61456: 0.000146444
61457: 0.000146441
61458: 0.000146439
61459: 0.000146437
61460: 0.000146434
61461: 0.000146432
61462: 0.00014643
61463: 0.000146427
61464: 0.000146425
61465: 0.000146422
61466: 0.00014642
61467: 0.000146418
61468: 0.000146415
61469: 0.000146413
61470: 0.000146411
61471: 0.000146408
61472: 0.000146406
61473: 0.000146403
61474: 0.000146401
61475: 0.000146399
61476: 0.000146396
61477: 0.000146394
61478: 0.000146391
61479: 0.000146389
61480: 0.000146387
61481: 0.000146384
61482: 0.000146382
61483: 0.00014638
61484: 0.000146377
61485: 0.000146375
61486: 0.000146372
61487: 0.00014637
61488: 0.000146368
61489: 0.000146365
61490: 0.000146363
61491: 0.000146361
61492: 0.000146358
61493: 0.000146356
61494: 0.000146353
61495: 0.000146351
61496: 0.000146349
61497: 0.000146346
61498: 0.000146344
61499: 0.000146341
61500: 0.000146339
61501: 0.000146337
61502: 0.000146334
61503: 0.000146332
61504: 0.00014633
61505: 0.000146327
61506: 0.000146325
61507: 0.000146322
61508: 0.00014632
61509: 0.000146318
61510: 0.000146315
61511: 0.000146313
61512: 0.000146311
61513: 0.000146308
61514: 0.000146306
61515: 0.000146303
61516: 0.000146301
61517: 0.000146299
61518: 0.000146296
61519: 0.000146294
61520: 0.000146292
61521: 0.000146289
61522: 0.000146287
61523: 0.000146284
61524: 0.000146282
61525: 0.00014628
61526: 0.000146277
61527: 0.000146275
61528: 0.000146272
61529: 0.00014627
61530: 0.000146268
61531: 0.000146265
61532: 0.000146263
61533: 0.000146261
61534: 0.000146258
61535: 0.000146256
61536: 0.000146253
61537: 0.000146251
61538: 0.000146249
61539: 0.000146246
61540: 0.000146244
61541: 0.000146242
61542: 0.000146239
61543: 0.000146237
61544: 0.000146234
61545: 0.000146232
61546: 0.00014623
61547: 0.000146227
61548: 0.000146225
61549: 0.000146223
61550: 0.00014622
61551: 0.000146218
61552: 0.000146215
61553: 0.000146213
61554: 0.000146211
61555: 0.000146208
61556: 0.000146206
61557: 0.000146204
61558: 0.000146201
61559: 0.000146199
61560: 0.000146196
61561: 0.000146194
61562: 0.000146192
61563: 0.000146189
61564: 0.000146187
61565: 0.000146185
61566: 0.000146182
61567: 0.00014618
61568: 0.000146177
61569: 0.000146175
61570: 0.000146173
61571: 0.00014617
61572: 0.000146168
61573: 0.000146166
61574: 0.000146163
61575: 0.000146161
61576: 0.000146158
61577: 0.000146156
61578: 0.000146154
61579: 0.000146151
61580: 0.000146149
61581: 0.000146147
61582: 0.000146144
61583: 0.000146142
61584: 0.000146139
61585: 0.000146137
61586: 0.000146135
61587: 0.000146132
61588: 0.00014613
61589: 0.000146128
61590: 0.000146125
61591: 0.000146123
61592: 0.000146121
61593: 0.000146118
61594: 0.000146116
61595: 0.000146113
61596: 0.000146111
61597: 0.000146109
61598: 0.000146106
61599: 0.000146104
61600: 0.000146102
61601: 0.000146099
61602: 0.000146097
61603: 0.000146094
61604: 0.000146092
61605: 0.00014609
61606: 0.000146087
61607: 0.000146085
61608: 0.000146083
61609: 0.00014608
61610: 0.000146078
61611: 0.000146075
61612: 0.000146073
61613: 0.000146071
61614: 0.000146068
61615: 0.000146066
61616: 0.000146064
61617: 0.000146061
61618: 0.000146059
61619: 0.000146056
61620: 0.000146054
61621: 0.000146052
61622: 0.000146049
61623: 0.000146047
61624: 0.000146045
61625: 0.000146042
61626: 0.00014604
61627: 0.000146038
61628: 0.000146035
61629: 0.000146033
61630: 0.00014603
61631: 0.000146028
61632: 0.000146026
61633: 0.000146023
61634: 0.000146021
61635: 0.000146019
61636: 0.000146016
61637: 0.000146014
61638: 0.000146011
61639: 0.000146009
61640: 0.000146007
61641: 0.000146004
61642: 0.000146002
61643: 0.000146
61644: 0.000145997
61645: 0.000145995
61646: 0.000145993
61647: 0.00014599
61648: 0.000145988
61649: 0.000145985
61650: 0.000145983
61651: 0.000145981
61652: 0.000145978
61653: 0.000145976
61654: 0.000145974
61655: 0.000145971
61656: 0.000145969
61657: 0.000145966
61658: 0.000145964
61659: 0.000145962
61660: 0.000145959
61661: 0.000145957
61662: 0.000145955
61663: 0.000145952
61664: 0.00014595
61665: 0.000145948
61666: 0.000145945
61667: 0.000145943
61668: 0.00014594
61669: 0.000145938
61670: 0.000145936
61671: 0.000145933
61672: 0.000145931
61673: 0.000145929
61674: 0.000145926
61675: 0.000145924
61676: 0.000145921
61677: 0.000145919
61678: 0.000145917
61679: 0.000145914
61680: 0.000145912
61681: 0.00014591
61682: 0.000145907
61683: 0.000145905
61684: 0.000145903
61685: 0.0001459
61686: 0.000145898
61687: 0.000145895
61688: 0.000145893
61689: 0.000145891
61690: 0.000145888
61691: 0.000145886
61692: 0.000145884
61693: 0.000145881
61694: 0.000145879
61695: 0.000145877
61696: 0.000145874
61697: 0.000145872
61698: 0.000145869
61699: 0.000145867
61700: 0.000145865
61701: 0.000145862
61702: 0.00014586
61703: 0.000145858
61704: 0.000145855
61705: 0.000145853
61706: 0.000145851
61707: 0.000145848
61708: 0.000145846
61709: 0.000145843
61710: 0.000145841
61711: 0.000145839
61712: 0.000145836
61713: 0.000145834
61714: 0.000145832
61715: 0.000145829
61716: 0.000145827
61717: 0.000145825
61718: 0.000145822
61719: 0.00014582
61720: 0.000145817
61721: 0.000145815
61722: 0.000145813
61723: 0.00014581
61724: 0.000145808
61725: 0.000145806
61726: 0.000145803
61727: 0.000145801
61728: 0.000145799
61729: 0.000145796
61730: 0.000145794
61731: 0.000145791
61732: 0.000145789
61733: 0.000145787
61734: 0.000145784
61735: 0.000145782
61736: 0.00014578
61737: 0.000145777
61738: 0.000145775
61739: 0.000145773
61740: 0.00014577
61741: 0.000145768
61742: 0.000145766
61743: 0.000145763
61744: 0.000145761
61745: 0.000145758
61746: 0.000145756
61747: 0.000145754
61748: 0.000145751
61749: 0.000145749
61750: 0.000145747
61751: 0.000145744
61752: 0.000145742
61753: 0.00014574
61754: 0.000145737
61755: 0.000145735
61756: 0.000145732
61757: 0.00014573
61758: 0.000145728
61759: 0.000145725
61760: 0.000145723
61761: 0.000145721
61762: 0.000145718
61763: 0.000145716
61764: 0.000145714
61765: 0.000145711
61766: 0.000145709
61767: 0.000145707
61768: 0.000145704
61769: 0.000145702
61770: 0.000145699
61771: 0.000145697
61772: 0.000145695
61773: 0.000145692
61774: 0.00014569
61775: 0.000145688
61776: 0.000145685
61777: 0.000145683
61778: 0.000145681
61779: 0.000145678
61780: 0.000145676
61781: 0.000145673
61782: 0.000145671
61783: 0.000145669
61784: 0.000145666
61785: 0.000145664
61786: 0.000145662
61787: 0.000145659
61788: 0.000145657
61789: 0.000145655
61790: 0.000145652
61791: 0.00014565
61792: 0.000145648
61793: 0.000145645
61794: 0.000145643
61795: 0.00014564
61796: 0.000145638
61797: 0.000145636
61798: 0.000145633
61799: 0.000145631
61800: 0.000145629
61801: 0.000145626
61802: 0.000145624
61803: 0.000145622
61804: 0.000145619
61805: 0.000145617
61806: 0.000145615
61807: 0.000145612
61808: 0.00014561
61809: 0.000145608
61810: 0.000145605
61811: 0.000145603
61812: 0.0001456
61813: 0.000145598
61814: 0.000145596
61815: 0.000145593
61816: 0.000145591
61817: 0.000145589
61818: 0.000145586
61819: 0.000145584
61820: 0.000145582
61821: 0.000145579
61822: 0.000145577
61823: 0.000145575
61824: 0.000145572
61825: 0.00014557
61826: 0.000145567
61827: 0.000145565
61828: 0.000145563
61829: 0.00014556
61830: 0.000145558
61831: 0.000145556
61832: 0.000145553
61833: 0.000145551
61834: 0.000145549
61835: 0.000145546
61836: 0.000145544
61837: 0.000145542
61838: 0.000145539
61839: 0.000145537
61840: 0.000145535
61841: 0.000145532
61842: 0.00014553
61843: 0.000145527
61844: 0.000145525
61845: 0.000145523
61846: 0.00014552
61847: 0.000145518
61848: 0.000145516
61849: 0.000145513
61850: 0.000145511
61851: 0.000145509
61852: 0.000145506
61853: 0.000145504
61854: 0.000145502
61855: 0.000145499
61856: 0.000145497
61857: 0.000145495
61858: 0.000145492
61859: 0.00014549
61860: 0.000145487
61861: 0.000145485
61862: 0.000145483
61863: 0.00014548
61864: 0.000145478
61865: 0.000145476
61866: 0.000145473
61867: 0.000145471
61868: 0.000145469
61869: 0.000145466
61870: 0.000145464
61871: 0.000145462
61872: 0.000145459
61873: 0.000145457
61874: 0.000145455
61875: 0.000145452
61876: 0.00014545
61877: 0.000145447
61878: 0.000145445
61879: 0.000145443
61880: 0.00014544
61881: 0.000145438
61882: 0.000145436
61883: 0.000145433
61884: 0.000145431
61885: 0.000145429
61886: 0.000145426
61887: 0.000145424
61888: 0.000145422
61889: 0.000145419
61890: 0.000145417
61891: 0.000145415
61892: 0.000145412
61893: 0.00014541
61894: 0.000145408
61895: 0.000145405
61896: 0.000145403
61897: 0.0001454
61898: 0.000145398
61899: 0.000145396
61900: 0.000145393
61901: 0.000145391
61902: 0.000145389
61903: 0.000145386
61904: 0.000145384
61905: 0.000145382
61906: 0.000145379
61907: 0.000145377
61908: 0.000145375
61909: 0.000145372
61910: 0.00014537
61911: 0.000145368
61912: 0.000145365
61913: 0.000145363
61914: 0.000145361
61915: 0.000145358
61916: 0.000145356
61917: 0.000145354
61918: 0.000145351
61919: 0.000145349
61920: 0.000145346
61921: 0.000145344
61922: 0.000145342
61923: 0.000145339
61924: 0.000145337
61925: 0.000145335
61926: 0.000145332
61927: 0.00014533
61928: 0.000145328
61929: 0.000145325
61930: 0.000145323
61931: 0.000145321
61932: 0.000145318
61933: 0.000145316
61934: 0.000145314
61935: 0.000145311
61936: 0.000145309
61937: 0.000145307
61938: 0.000145304
61939: 0.000145302
61940: 0.0001453
61941: 0.000145297
61942: 0.000145295
61943: 0.000145293
61944: 0.00014529
61945: 0.000145288
61946: 0.000145285
61947: 0.000145283
61948: 0.000145281
61949: 0.000145278
61950: 0.000145276
61951: 0.000145274
61952: 0.000145271
61953: 0.000145269
61954: 0.000145267
61955: 0.000145264
61956: 0.000145262
61957: 0.00014526
61958: 0.000145257
61959: 0.000145255
61960: 0.000145253
61961: 0.00014525
61962: 0.000145248
61963: 0.000145246
61964: 0.000145243
61965: 0.000145241
61966: 0.000145239
61967: 0.000145236
61968: 0.000145234
61969: 0.000145232
61970: 0.000145229
61971: 0.000145227
61972: 0.000145225
61973: 0.000145222
61974: 0.00014522
61975: 0.000145218
61976: 0.000145215
61977: 0.000145213
61978: 0.00014521
61979: 0.000145208
61980: 0.000145206
61981: 0.000145203
61982: 0.000145201
61983: 0.000145199
61984: 0.000145196
61985: 0.000145194
61986: 0.000145192
61987: 0.000145189
61988: 0.000145187
61989: 0.000145185
61990: 0.000145182
61991: 0.00014518
61992: 0.000145178
61993: 0.000145175
61994: 0.000145173
61995: 0.000145171
61996: 0.000145168
61997: 0.000145166
61998: 0.000145164
61999: 0.000145161
62000: 0.000145159
62001: 0.000145157
62002: 0.000145154
62003: 0.000145152
62004: 0.00014515
62005: 0.000145147
62006: 0.000145145
62007: 0.000145143
62008: 0.00014514
62009: 0.000145138
62010: 0.000145136
62011: 0.000145133
62012: 0.000145131
62013: 0.000145129
62014: 0.000145126
62015: 0.000145124
62016: 0.000145121
62017: 0.000145119
62018: 0.000145117
62019: 0.000145114
62020: 0.000145112
62021: 0.00014511
62022: 0.000145107
62023: 0.000145105
62024: 0.000145103
62025: 0.0001451
62026: 0.000145098
62027: 0.000145096
62028: 0.000145093
62029: 0.000145091
62030: 0.000145089
62031: 0.000145086
62032: 0.000145084
62033: 0.000145082
62034: 0.000145079
62035: 0.000145077
62036: 0.000145075
62037: 0.000145072
62038: 0.00014507
62039: 0.000145068
62040: 0.000145065
62041: 0.000145063
62042: 0.000145061
62043: 0.000145058
62044: 0.000145056
62045: 0.000145054
62046: 0.000145051
62047: 0.000145049
62048: 0.000145047
62049: 0.000145044
62050: 0.000145042
62051: 0.00014504
62052: 0.000145037
62053: 0.000145035
62054: 0.000145033
62055: 0.00014503
62056: 0.000145028
62057: 0.000145026
62058: 0.000145023
62059: 0.000145021
62060: 0.000145019
62061: 0.000145016
62062: 0.000145014
62063: 0.000145012
62064: 0.000145009
62065: 0.000145007
62066: 0.000145005
62067: 0.000145002
62068: 0.000145
62069: 0.000144998
62070: 0.000144995
62071: 0.000144993
62072: 0.000144991
62073: 0.000144988
62074: 0.000144986
62075: 0.000144984
62076: 0.000144981
62077: 0.000144979
62078: 0.000144977
62079: 0.000144974
62080: 0.000144972
62081: 0.00014497
62082: 0.000144967
62083: 0.000144965
62084: 0.000144963
62085: 0.00014496
62086: 0.000144958
62087: 0.000144956
62088: 0.000144953
62089: 0.000144951
62090: 0.000144949
62091: 0.000144946
62092: 0.000144944
62093: 0.000144942
62094: 0.000144939
62095: 0.000144937
62096: 0.000144935
62097: 0.000144932
62098: 0.00014493
62099: 0.000144928
62100: 0.000144925
62101: 0.000144923
62102: 0.000144921
62103: 0.000144918
62104: 0.000144916
62105: 0.000144914
62106: 0.000144911
62107: 0.000144909
62108: 0.000144907
62109: 0.000144904
62110: 0.000144902
62111: 0.0001449
62112: 0.000144897
62113: 0.000144895
62114: 0.000144893
62115: 0.00014489
62116: 0.000144888
62117: 0.000144886
62118: 0.000144883
62119: 0.000144881
62120: 0.000144879
62121: 0.000144876
62122: 0.000144874
62123: 0.000144872
62124: 0.000144869
62125: 0.000144867
62126: 0.000144865
62127: 0.000144862
62128: 0.00014486
62129: 0.000144858
62130: 0.000144855
62131: 0.000144853
62132: 0.000144851
62133: 0.000144848
62134: 0.000144846
62135: 0.000144844
62136: 0.000144841
62137: 0.000144839
62138: 0.000144837
62139: 0.000144834
62140: 0.000144832
62141: 0.00014483
62142: 0.000144827
62143: 0.000144825
62144: 0.000144823
62145: 0.00014482
62146: 0.000144818
62147: 0.000144816
62148: 0.000144813
62149: 0.000144811
62150: 0.000144809
62151: 0.000144806
62152: 0.000144804
62153: 0.000144802
62154: 0.000144799
62155: 0.000144797
62156: 0.000144795
62157: 0.000144792
62158: 0.00014479
62159: 0.000144788
62160: 0.000144785
62161: 0.000144783
62162: 0.000144781
62163: 0.000144778
62164: 0.000144776
62165: 0.000144774
62166: 0.000144771
62167: 0.000144769
62168: 0.000144767
62169: 0.000144764
62170: 0.000144762
62171: 0.00014476
62172: 0.000144757
62173: 0.000144755
62174: 0.000144753
62175: 0.00014475
62176: 0.000144748
62177: 0.000144746
62178: 0.000144743
62179: 0.000144741
62180: 0.000144739
62181: 0.000144736
62182: 0.000144734
62183: 0.000144732
62184: 0.000144729
62185: 0.000144727
62186: 0.000144725
62187: 0.000144722
62188: 0.00014472
62189: 0.000144718
62190: 0.000144715
62191: 0.000144713
62192: 0.000144711
62193: 0.000144708
62194: 0.000144706
62195: 0.000144704
62196: 0.000144702
62197: 0.000144699
62198: 0.000144697
62199: 0.000144695
62200: 0.000144692
62201: 0.00014469
62202: 0.000144688
62203: 0.000144685
62204: 0.000144683
62205: 0.000144681
62206: 0.000144678
62207: 0.000144676
62208: 0.000144674
62209: 0.000144671
62210: 0.000144669
62211: 0.000144667
62212: 0.000144664
62213: 0.000144662
62214: 0.00014466
62215: 0.000144657
62216: 0.000144655
62217: 0.000144653
62218: 0.00014465
62219: 0.000144648
62220: 0.000144646
62221: 0.000144643
62222: 0.000144641
62223: 0.000144639
62224: 0.000144636
62225: 0.000144634
62226: 0.000144632
62227: 0.000144629
62228: 0.000144627
62229: 0.000144625
62230: 0.000144622
62231: 0.00014462
62232: 0.000144618
62233: 0.000144615
62234: 0.000144613
62235: 0.000144611
62236: 0.000144609
62237: 0.000144606
62238: 0.000144604
62239: 0.000144602
62240: 0.000144599
62241: 0.000144597
62242: 0.000144595
62243: 0.000144592
62244: 0.00014459
62245: 0.000144588
62246: 0.000144585
62247: 0.000144583
62248: 0.000144581
62249: 0.000144578
62250: 0.000144576
62251: 0.000144574
62252: 0.000144571
62253: 0.000144569
62254: 0.000144567
62255: 0.000144564
62256: 0.000144562
62257: 0.00014456
62258: 0.000144557
62259: 0.000144555
62260: 0.000144553
62261: 0.00014455
62262: 0.000144548
62263: 0.000144546
62264: 0.000144543
62265: 0.000144541
62266: 0.000144539
62267: 0.000144537
62268: 0.000144534
62269: 0.000144532
62270: 0.00014453
62271: 0.000144527
62272: 0.000144525
62273: 0.000144523
62274: 0.00014452
62275: 0.000144518
62276: 0.000144516
62277: 0.000144513
62278: 0.000144511
62279: 0.000144509
62280: 0.000144506
62281: 0.000144504
62282: 0.000144502
62283: 0.000144499
62284: 0.000144497
62285: 0.000144495
62286: 0.000144492
62287: 0.00014449
62288: 0.000144488
62289: 0.000144485
62290: 0.000144483
62291: 0.000144481
62292: 0.000144479
62293: 0.000144476
62294: 0.000144474
62295: 0.000144472
62296: 0.000144469
62297: 0.000144467
62298: 0.000144465
62299: 0.000144462
62300: 0.00014446
62301: 0.000144458
62302: 0.000144455
62303: 0.000144453
62304: 0.000144451
62305: 0.000144448
62306: 0.000144446
62307: 0.000144444
62308: 0.000144441
62309: 0.000144439
62310: 0.000144437
62311: 0.000144434
62312: 0.000144432
62313: 0.00014443
62314: 0.000144428
62315: 0.000144425
62316: 0.000144423
62317: 0.000144421
62318: 0.000144418
62319: 0.000144416
62320: 0.000144414
62321: 0.000144411
62322: 0.000144409
62323: 0.000144407
62324: 0.000144404
62325: 0.000144402
62326: 0.0001444
62327: 0.000144397
62328: 0.000144395
62329: 0.000144393
62330: 0.00014439
62331: 0.000144388
62332: 0.000144386
62333: 0.000144383
62334: 0.000144381
62335: 0.000144379
62336: 0.000144377
62337: 0.000144374
62338: 0.000144372
62339: 0.00014437
62340: 0.000144367
62341: 0.000144365
62342: 0.000144363
62343: 0.00014436
62344: 0.000144358
62345: 0.000144356
62346: 0.000144353
62347: 0.000144351
62348: 0.000144349
62349: 0.000144346
62350: 0.000144344
62351: 0.000144342
62352: 0.000144339
62353: 0.000144337
62354: 0.000144335
62355: 0.000144333
62356: 0.00014433
62357: 0.000144328
62358: 0.000144326
62359: 0.000144323
62360: 0.000144321
62361: 0.000144319
62362: 0.000144316
62363: 0.000144314
62364: 0.000144312
62365: 0.000144309
62366: 0.000144307
62367: 0.000144305
62368: 0.000144302
62369: 0.0001443
62370: 0.000144298
62371: 0.000144296
62372: 0.000144293
62373: 0.000144291
62374: 0.000144289
62375: 0.000144286
62376: 0.000144284
62377: 0.000144282
62378: 0.000144279
62379: 0.000144277
62380: 0.000144275
62381: 0.000144272
62382: 0.00014427
62383: 0.000144268
62384: 0.000144265
62385: 0.000144263
62386: 0.000144261
62387: 0.000144259
62388: 0.000144256
62389: 0.000144254
62390: 0.000144252
62391: 0.000144249
62392: 0.000144247
62393: 0.000144245
62394: 0.000144242
62395: 0.00014424
62396: 0.000144238
62397: 0.000144235
62398: 0.000144233
62399: 0.000144231
62400: 0.000144228
62401: 0.000144226
62402: 0.000144224
62403: 0.000144222
62404: 0.000144219
62405: 0.000144217
62406: 0.000144215
62407: 0.000144212
62408: 0.00014421
62409: 0.000144208
62410: 0.000144205
62411: 0.000144203
62412: 0.000144201
62413: 0.000144198
62414: 0.000144196
62415: 0.000144194
62416: 0.000144191
62417: 0.000144189
62418: 0.000144187
62419: 0.000144185
62420: 0.000144182
62421: 0.00014418
62422: 0.000144178
62423: 0.000144175
62424: 0.000144173
62425: 0.000144171
62426: 0.000144168
62427: 0.000144166
62428: 0.000144164
62429: 0.000144161
62430: 0.000144159
62431: 0.000144157
62432: 0.000144155
62433: 0.000144152
62434: 0.00014415
62435: 0.000144148
62436: 0.000144145
62437: 0.000144143
62438: 0.000144141
62439: 0.000144138
62440: 0.000144136
62441: 0.000144134
62442: 0.000144131
62443: 0.000144129
62444: 0.000144127
62445: 0.000144125
62446: 0.000144122
62447: 0.00014412
62448: 0.000144118
62449: 0.000144115
62450: 0.000144113
62451: 0.000144111
62452: 0.000144108
62453: 0.000144106
62454: 0.000144104
62455: 0.000144101
62456: 0.000144099
62457: 0.000144097
62458: 0.000144095
62459: 0.000144092
62460: 0.00014409
62461: 0.000144088
62462: 0.000144085
62463: 0.000144083
62464: 0.000144081
62465: 0.000144078
62466: 0.000144076
62467: 0.000144074
62468: 0.000144071
62469: 0.000144069
62470: 0.000144067
62471: 0.000144065
62472: 0.000144062
62473: 0.00014406
62474: 0.000144058
62475: 0.000144055
62476: 0.000144053
62477: 0.000144051
62478: 0.000144048
62479: 0.000144046
62480: 0.000144044
62481: 0.000144041
62482: 0.000144039
62483: 0.000144037
62484: 0.000144035
62485: 0.000144032
62486: 0.00014403
62487: 0.000144028
62488: 0.000144025
62489: 0.000144023
62490: 0.000144021
62491: 0.000144018
62492: 0.000144016
62493: 0.000144014
62494: 0.000144012
62495: 0.000144009
62496: 0.000144007
62497: 0.000144005
62498: 0.000144002
62499: 0.000144
62500: 0.000143998
62501: 0.000143995
62502: 0.000143993
62503: 0.000143991
62504: 0.000143988
62505: 0.000143986
62506: 0.000143984
62507: 0.000143982
62508: 0.000143979
62509: 0.000143977
62510: 0.000143975
62511: 0.000143972
62512: 0.00014397
62513: 0.000143968
62514: 0.000143965
62515: 0.000143963
62516: 0.000143961
62517: 0.000143959
62518: 0.000143956
62519: 0.000143954
62520: 0.000143952
62521: 0.000143949
62522: 0.000143947
62523: 0.000143945
62524: 0.000143942
62525: 0.00014394
62526: 0.000143938
62527: 0.000143936
62528: 0.000143933
62529: 0.000143931
62530: 0.000143929
62531: 0.000143926
62532: 0.000143924
62533: 0.000143922
62534: 0.000143919
62535: 0.000143917
62536: 0.000143915
62537: 0.000143913
62538: 0.00014391
62539: 0.000143908
62540: 0.000143906
62541: 0.000143903
62542: 0.000143901
62543: 0.000143899
62544: 0.000143896
62545: 0.000143894
62546: 0.000143892
62547: 0.000143889
62548: 0.000143887
62549: 0.000143885
62550: 0.000143883
62551: 0.00014388
62552: 0.000143878
62553: 0.000143876
62554: 0.000143873
62555: 0.000143871
62556: 0.000143869
62557: 0.000143866
62558: 0.000143864
62559: 0.000143862
62560: 0.00014386
62561: 0.000143857
62562: 0.000143855
62563: 0.000143853
62564: 0.00014385
62565: 0.000143848
62566: 0.000143846
62567: 0.000143843
62568: 0.000143841
62569: 0.000143839
62570: 0.000143837
62571: 0.000143834
62572: 0.000143832
62573: 0.00014383
62574: 0.000143827
62575: 0.000143825
62576: 0.000143823
62577: 0.000143821
62578: 0.000143818
62579: 0.000143816
62580: 0.000143814
62581: 0.000143811
62582: 0.000143809
62583: 0.000143807
62584: 0.000143804
62585: 0.000143802
62586: 0.0001438
62587: 0.000143798
62588: 0.000143795
62589: 0.000143793
62590: 0.000143791
62591: 0.000143788
62592: 0.000143786
62593: 0.000143784
62594: 0.000143781
62595: 0.000143779
62596: 0.000143777
62597: 0.000143775
62598: 0.000143772
62599: 0.00014377
62600: 0.000143768
62601: 0.000143765
62602: 0.000143763
62603: 0.000143761
62604: 0.000143758
62605: 0.000143756
62606: 0.000143754
62607: 0.000143752
62608: 0.000143749
62609: 0.000143747
62610: 0.000143745
62611: 0.000143742
62612: 0.00014374
62613: 0.000143738
62614: 0.000143736
62615: 0.000143733
62616: 0.000143731
62617: 0.000143729
62618: 0.000143726
62619: 0.000143724
62620: 0.000143722
62621: 0.000143719
62622: 0.000143717
62623: 0.000143715
62624: 0.000143713
62625: 0.00014371
62626: 0.000143708
62627: 0.000143706
62628: 0.000143703
62629: 0.000143701
62630: 0.000143699
62631: 0.000143697
62632: 0.000143694
62633: 0.000143692
62634: 0.00014369
62635: 0.000143687
62636: 0.000143685
62637: 0.000143683
62638: 0.00014368
62639: 0.000143678
62640: 0.000143676
62641: 0.000143674
62642: 0.000143671
62643: 0.000143669
62644: 0.000143667
62645: 0.000143664
62646: 0.000143662
62647: 0.00014366
62648: 0.000143658
62649: 0.000143655
62650: 0.000143653
62651: 0.000143651
62652: 0.000143648
62653: 0.000143646
62654: 0.000143644
62655: 0.000143641
62656: 0.000143639
62657: 0.000143637
62658: 0.000143635
62659: 0.000143632
62660: 0.00014363
62661: 0.000143628
62662: 0.000143625
62663: 0.000143623
62664: 0.000143621
62665: 0.000143619
62666: 0.000143616
62667: 0.000143614
62668: 0.000143612
62669: 0.000143609
62670: 0.000143607
62671: 0.000143605
62672: 0.000143603
62673: 0.0001436
62674: 0.000143598
62675: 0.000143596
62676: 0.000143593
62677: 0.000143591
62678: 0.000143589
62679: 0.000143586
62680: 0.000143584
62681: 0.000143582
62682: 0.00014358
62683: 0.000143577
62684: 0.000143575
62685: 0.000143573
62686: 0.00014357
62687: 0.000143568
62688: 0.000143566
62689: 0.000143564
62690: 0.000143561
62691: 0.000143559
62692: 0.000143557
62693: 0.000143554
62694: 0.000143552
62695: 0.00014355
62696: 0.000143548
62697: 0.000143545
62698: 0.000143543
62699: 0.000143541
62700: 0.000143538
62701: 0.000143536
62702: 0.000143534
62703: 0.000143532
62704: 0.000143529
62705: 0.000143527
62706: 0.000143525
62707: 0.000143522
62708: 0.00014352
62709: 0.000143518
62710: 0.000143515
62711: 0.000143513
62712: 0.000143511
62713: 0.000143509
62714: 0.000143506
62715: 0.000143504
62716: 0.000143502
62717: 0.000143499
62718: 0.000143497
62719: 0.000143495
62720: 0.000143493
62721: 0.00014349
62722: 0.000143488
62723: 0.000143486
62724: 0.000143483
62725: 0.000143481
62726: 0.000143479
62727: 0.000143477
62728: 0.000143474
62729: 0.000143472
62730: 0.00014347
62731: 0.000143467
62732: 0.000143465
62733: 0.000143463
62734: 0.000143461
62735: 0.000143458
62736: 0.000143456
62737: 0.000143454
62738: 0.000143451
62739: 0.000143449
62740: 0.000143447
62741: 0.000143445
62742: 0.000143442
62743: 0.00014344
62744: 0.000143438
62745: 0.000143435
62746: 0.000143433
62747: 0.000143431
62748: 0.000143429
62749: 0.000143426
62750: 0.000143424
62751: 0.000143422
62752: 0.000143419
62753: 0.000143417
62754: 0.000143415
62755: 0.000143413
62756: 0.00014341
62757: 0.000143408
62758: 0.000143406
62759: 0.000143403
62760: 0.000143401
62761: 0.000143399
62762: 0.000143397
62763: 0.000143394
62764: 0.000143392
62765: 0.00014339
62766: 0.000143387
62767: 0.000143385
62768: 0.000143383
62769: 0.000143381
62770: 0.000143378
62771: 0.000143376
62772: 0.000143374
62773: 0.000143371
62774: 0.000143369
62775: 0.000143367
62776: 0.000143365
62777: 0.000143362
62778: 0.00014336
62779: 0.000143358
62780: 0.000143355
62781: 0.000143353
62782: 0.000143351
62783: 0.000143349
62784: 0.000143346
62785: 0.000143344
62786: 0.000143342
62787: 0.000143339
62788: 0.000143337
62789: 0.000143335
62790: 0.000143333
62791: 0.00014333
62792: 0.000143328
62793: 0.000143326
62794: 0.000143324
62795: 0.000143321
62796: 0.000143319
62797: 0.000143317
62798: 0.000143314
62799: 0.000143312
62800: 0.00014331
62801: 0.000143308
62802: 0.000143305
62803: 0.000143303
62804: 0.000143301
62805: 0.000143298
62806: 0.000143296
62807: 0.000143294
62808: 0.000143292
62809: 0.000143289
62810: 0.000143287
62811: 0.000143285
62812: 0.000143282
62813: 0.00014328
62814: 0.000143278
62815: 0.000143276
62816: 0.000143273
62817: 0.000143271
62818: 0.000143269
62819: 0.000143266
62820: 0.000143264
62821: 0.000143262
62822: 0.00014326
62823: 0.000143257
62824: 0.000143255
62825: 0.000143253
62826: 0.000143251
62827: 0.000143248
62828: 0.000143246
62829: 0.000143244
62830: 0.000143241
62831: 0.000143239
62832: 0.000143237
62833: 0.000143235
62834: 0.000143232
62835: 0.00014323
62836: 0.000143228
62837: 0.000143225
62838: 0.000143223
62839: 0.000143221
62840: 0.000143219
62841: 0.000143216
62842: 0.000143214
62843: 0.000143212
62844: 0.000143209
62845: 0.000143207
62846: 0.000143205
62847: 0.000143203
62848: 0.0001432
62849: 0.000143198
62850: 0.000143196
62851: 0.000143194
62852: 0.000143191
62853: 0.000143189
62854: 0.000143187
62855: 0.000143184
62856: 0.000143182
62857: 0.00014318
62858: 0.000143178
62859: 0.000143175
62860: 0.000143173
62861: 0.000143171
62862: 0.000143168
62863: 0.000143166
62864: 0.000143164
62865: 0.000143162
62866: 0.000143159
62867: 0.000143157
62868: 0.000143155
62869: 0.000143153
62870: 0.00014315
62871: 0.000143148
62872: 0.000143146
62873: 0.000143143
62874: 0.000143141
62875: 0.000143139
62876: 0.000143137
62877: 0.000143134
62878: 0.000143132
62879: 0.00014313
62880: 0.000143127
62881: 0.000143125
62882: 0.000143123
62883: 0.000143121
62884: 0.000143118
62885: 0.000143116
62886: 0.000143114
62887: 0.000143112
62888: 0.000143109
62889: 0.000143107
62890: 0.000143105
62891: 0.000143102
62892: 0.0001431
62893: 0.000143098
62894: 0.000143096
62895: 0.000143093
62896: 0.000143091
62897: 0.000143089
62898: 0.000143087
62899: 0.000143084
62900: 0.000143082
62901: 0.00014308
62902: 0.000143077
62903: 0.000143075
62904: 0.000143073
62905: 0.000143071
62906: 0.000143068
62907: 0.000143066
62908: 0.000143064
62909: 0.000143062
62910: 0.000143059
62911: 0.000143057
62912: 0.000143055
62913: 0.000143052
62914: 0.00014305
62915: 0.000143048
62916: 0.000143046
62917: 0.000143043
62918: 0.000143041
62919: 0.000143039
62920: 0.000143037
62921: 0.000143034
62922: 0.000143032
62923: 0.00014303
62924: 0.000143027
62925: 0.000143025
62926: 0.000143023
62927: 0.000143021
62928: 0.000143018
62929: 0.000143016
62930: 0.000143014
62931: 0.000143012
62932: 0.000143009
62933: 0.000143007
62934: 0.000143005
62935: 0.000143002
62936: 0.000143
62937: 0.000142998
62938: 0.000142996
62939: 0.000142993
62940: 0.000142991
62941: 0.000142989
62942: 0.000142987
62943: 0.000142984
62944: 0.000142982
62945: 0.00014298
62946: 0.000142977
62947: 0.000142975
62948: 0.000142973
62949: 0.000142971
62950: 0.000142968
62951: 0.000142966
62952: 0.000142964
62953: 0.000142962
62954: 0.000142959
62955: 0.000142957
62956: 0.000142955
62957: 0.000142952
62958: 0.00014295
62959: 0.000142948
62960: 0.000142946
62961: 0.000142943
62962: 0.000142941
62963: 0.000142939
62964: 0.000142937
62965: 0.000142934
62966: 0.000142932
62967: 0.00014293
62968: 0.000142927
62969: 0.000142925
62970: 0.000142923
62971: 0.000142921
62972: 0.000142918
62973: 0.000142916
62974: 0.000142914
62975: 0.000142912
62976: 0.000142909
62977: 0.000142907
62978: 0.000142905
62979: 0.000142903
62980: 0.0001429
62981: 0.000142898
62982: 0.000142896
62983: 0.000142893
62984: 0.000142891
62985: 0.000142889
62986: 0.000142887
62987: 0.000142884
62988: 0.000142882
62989: 0.00014288
62990: 0.000142878
62991: 0.000142875
62992: 0.000142873
62993: 0.000142871
62994: 0.000142868
62995: 0.000142866
62996: 0.000142864
62997: 0.000142862
62998: 0.000142859
62999: 0.000142857
63000: 0.000142855
63001: 0.000142853
63002: 0.00014285
63003: 0.000142848
63004: 0.000142846
63005: 0.000142844
63006: 0.000142841
63007: 0.000142839
63008: 0.000142837
63009: 0.000142834
63010: 0.000142832
63011: 0.00014283
63012: 0.000142828
63013: 0.000142825
63014: 0.000142823
63015: 0.000142821
63016: 0.000142819
63017: 0.000142816
63018: 0.000142814
63019: 0.000142812
63020: 0.00014281
63021: 0.000142807
63022: 0.000142805
63023: 0.000142803
63024: 0.0001428
63025: 0.000142798
63026: 0.000142796
63027: 0.000142794
63028: 0.000142791
63029: 0.000142789
63030: 0.000142787
63031: 0.000142785
63032: 0.000142782
63033: 0.00014278
63034: 0.000142778
63035: 0.000142776
63036: 0.000142773
63037: 0.000142771
63038: 0.000142769
63039: 0.000142766
63040: 0.000142764
63041: 0.000142762
63042: 0.00014276
63043: 0.000142757
63044: 0.000142755
63045: 0.000142753
63046: 0.000142751
63047: 0.000142748
63048: 0.000142746
63049: 0.000142744
63050: 0.000142742
63051: 0.000142739
63052: 0.000142737
63053: 0.000142735
63054: 0.000142733
63055: 0.00014273
63056: 0.000142728
63057: 0.000142726
63058: 0.000142723
63059: 0.000142721
63060: 0.000142719
63061: 0.000142717
63062: 0.000142714
63063: 0.000142712
63064: 0.00014271
63065: 0.000142708
63066: 0.000142705
63067: 0.000142703
63068: 0.000142701
63069: 0.000142699
63070: 0.000142696
63071: 0.000142694
63072: 0.000142692
63073: 0.00014269
63074: 0.000142687
63075: 0.000142685
63076: 0.000142683
63077: 0.00014268
63078: 0.000142678
63079: 0.000142676
63080: 0.000142674
63081: 0.000142671
63082: 0.000142669
63083: 0.000142667
63084: 0.000142665
63085: 0.000142662
63086: 0.00014266
63087: 0.000142658
63088: 0.000142656
63089: 0.000142653
63090: 0.000142651
63091: 0.000142649
63092: 0.000142647
63093: 0.000142644
63094: 0.000142642
63095: 0.00014264
63096: 0.000142638
63097: 0.000142635
63098: 0.000142633
63099: 0.000142631
63100: 0.000142628
63101: 0.000142626
63102: 0.000142624
63103: 0.000142622
63104: 0.000142619
63105: 0.000142617
63106: 0.000142615
63107: 0.000142613
63108: 0.00014261
63109: 0.000142608
63110: 0.000142606
63111: 0.000142604
63112: 0.000142601
63113: 0.000142599
63114: 0.000142597
63115: 0.000142595
63116: 0.000142592
63117: 0.00014259
63118: 0.000142588
63119: 0.000142586
63120: 0.000142583
63121: 0.000142581
63122: 0.000142579
63123: 0.000142577
63124: 0.000142574
63125: 0.000142572
63126: 0.00014257
63127: 0.000142567
63128: 0.000142565
63129: 0.000142563
63130: 0.000142561
63131: 0.000142558
63132: 0.000142556
63133: 0.000142554
63134: 0.000142552
63135: 0.000142549
63136: 0.000142547
63137: 0.000142545
63138: 0.000142543
63139: 0.00014254
63140: 0.000142538
63141: 0.000142536
63142: 0.000142534
63143: 0.000142531
63144: 0.000142529
63145: 0.000142527
63146: 0.000142525
63147: 0.000142522
63148: 0.00014252
63149: 0.000142518
63150: 0.000142516
63151: 0.000142513
63152: 0.000142511
63153: 0.000142509
63154: 0.000142507
63155: 0.000142504
63156: 0.000142502
63157: 0.0001425
63158: 0.000142498
63159: 0.000142495
63160: 0.000142493
63161: 0.000142491
63162: 0.000142488
63163: 0.000142486
63164: 0.000142484
63165: 0.000142482
63166: 0.000142479
63167: 0.000142477
63168: 0.000142475
63169: 0.000142473
63170: 0.00014247
63171: 0.000142468
63172: 0.000142466
63173: 0.000142464
63174: 0.000142461
63175: 0.000142459
63176: 0.000142457
63177: 0.000142455
63178: 0.000142452
63179: 0.00014245
63180: 0.000142448
63181: 0.000142446
63182: 0.000142443
63183: 0.000142441
63184: 0.000142439
63185: 0.000142437
63186: 0.000142434
63187: 0.000142432
63188: 0.00014243
63189: 0.000142428
63190: 0.000142425
63191: 0.000142423
63192: 0.000142421
63193: 0.000142419
63194: 0.000142416
63195: 0.000142414
63196: 0.000142412
63197: 0.00014241
63198: 0.000142407
63199: 0.000142405
63200: 0.000142403
63201: 0.000142401
63202: 0.000142398
63203: 0.000142396
63204: 0.000142394
63205: 0.000142392
63206: 0.000142389
63207: 0.000142387
63208: 0.000142385
63209: 0.000142383
63210: 0.00014238
63211: 0.000142378
63212: 0.000142376
63213: 0.000142374
63214: 0.000142371
63215: 0.000142369
63216: 0.000142367
63217: 0.000142365
63218: 0.000142362
63219: 0.00014236
63220: 0.000142358
63221: 0.000142356
63222: 0.000142353
63223: 0.000142351
63224: 0.000142349
63225: 0.000142347
63226: 0.000142344
63227: 0.000142342
63228: 0.00014234
63229: 0.000142337
63230: 0.000142335
63231: 0.000142333
63232: 0.000142331
63233: 0.000142328
63234: 0.000142326
63235: 0.000142324
63236: 0.000142322
63237: 0.000142319
63238: 0.000142317
63239: 0.000142315
63240: 0.000142313
63241: 0.00014231
63242: 0.000142308
63243: 0.000142306
63244: 0.000142304
63245: 0.000142301
63246: 0.000142299
63247: 0.000142297
63248: 0.000142295
63249: 0.000142292
63250: 0.00014229
63251: 0.000142288
63252: 0.000142286
63253: 0.000142283
63254: 0.000142281
63255: 0.000142279
63256: 0.000142277
63257: 0.000142274
63258: 0.000142272
63259: 0.00014227
63260: 0.000142268
63261: 0.000142265
63262: 0.000142263
63263: 0.000142261
63264: 0.000142259
63265: 0.000142257
63266: 0.000142254
63267: 0.000142252
63268: 0.00014225
63269: 0.000142248
63270: 0.000142245
63271: 0.000142243
63272: 0.000142241
63273: 0.000142239
63274: 0.000142236
63275: 0.000142234
63276: 0.000142232
63277: 0.00014223
63278: 0.000142227
63279: 0.000142225
63280: 0.000142223
63281: 0.000142221
63282: 0.000142218
63283: 0.000142216
63284: 0.000142214
63285: 0.000142212
63286: 0.000142209
63287: 0.000142207
63288: 0.000142205
63289: 0.000142203
63290: 0.0001422
63291: 0.000142198
63292: 0.000142196
63293: 0.000142194
63294: 0.000142191
63295: 0.000142189
63296: 0.000142187
63297: 0.000142185
63298: 0.000142182
63299: 0.00014218
63300: 0.000142178
63301: 0.000142176
63302: 0.000142173
63303: 0.000142171
63304: 0.000142169
63305: 0.000142167
63306: 0.000142164
63307: 0.000142162
63308: 0.00014216
63309: 0.000142158
63310: 0.000142155
63311: 0.000142153
63312: 0.000142151
63313: 0.000142149
63314: 0.000142146
63315: 0.000142144
63316: 0.000142142
63317: 0.00014214
63318: 0.000142137
63319: 0.000142135
63320: 0.000142133
63321: 0.000142131
63322: 0.000142128
63323: 0.000142126
63324: 0.000142124
63325: 0.000142122
63326: 0.000142119
63327: 0.000142117
63328: 0.000142115
63329: 0.000142113
63330: 0.00014211
63331: 0.000142108
63332: 0.000142106
63333: 0.000142104
63334: 0.000142102
63335: 0.000142099
63336: 0.000142097
63337: 0.000142095
63338: 0.000142093
63339: 0.00014209
63340: 0.000142088
63341: 0.000142086
63342: 0.000142084
63343: 0.000142081
63344: 0.000142079
63345: 0.000142077
63346: 0.000142075
63347: 0.000142072
63348: 0.00014207
63349: 0.000142068
63350: 0.000142066
63351: 0.000142063
63352: 0.000142061
63353: 0.000142059
63354: 0.000142057
63355: 0.000142054
63356: 0.000142052
63357: 0.00014205
63358: 0.000142048
63359: 0.000142045
63360: 0.000142043
63361: 0.000142041
63362: 0.000142039
63363: 0.000142036
63364: 0.000142034
63365: 0.000142032
63366: 0.00014203
63367: 0.000142028
63368: 0.000142025
63369: 0.000142023
63370: 0.000142021
63371: 0.000142019
63372: 0.000142016
63373: 0.000142014
63374: 0.000142012
63375: 0.00014201
63376: 0.000142007
63377: 0.000142005
63378: 0.000142003
63379: 0.000142001
63380: 0.000141998
63381: 0.000141996
63382: 0.000141994
63383: 0.000141992
63384: 0.000141989
63385: 0.000141987
63386: 0.000141985
63387: 0.000141983
63388: 0.00014198
63389: 0.000141978
63390: 0.000141976
63391: 0.000141974
63392: 0.000141972
63393: 0.000141969
63394: 0.000141967
63395: 0.000141965
63396: 0.000141963
63397: 0.00014196
63398: 0.000141958
63399: 0.000141956
63400: 0.000141954
63401: 0.000141951
63402: 0.000141949
63403: 0.000141947
63404: 0.000141945
63405: 0.000141942
63406: 0.00014194
63407: 0.000141938
63408: 0.000141936
63409: 0.000141933
63410: 0.000141931
63411: 0.000141929
63412: 0.000141927
63413: 0.000141924
63414: 0.000141922
63415: 0.00014192
63416: 0.000141918
63417: 0.000141916
63418: 0.000141913
63419: 0.000141911
63420: 0.000141909
63421: 0.000141907
63422: 0.000141904
63423: 0.000141902
63424: 0.0001419
63425: 0.000141898
63426: 0.000141895
63427: 0.000141893
63428: 0.000141891
63429: 0.000141889
63430: 0.000141886
63431: 0.000141884
63432: 0.000141882
63433: 0.00014188
63434: 0.000141878
63435: 0.000141875
63436: 0.000141873
63437: 0.000141871
63438: 0.000141869
63439: 0.000141866
63440: 0.000141864
63441: 0.000141862
63442: 0.00014186
63443: 0.000141857
63444: 0.000141855
63445: 0.000141853
63446: 0.000141851
63447: 0.000141848
63448: 0.000141846
63449: 0.000141844
63450: 0.000141842
63451: 0.00014184
63452: 0.000141837
63453: 0.000141835
63454: 0.000141833
63455: 0.000141831
63456: 0.000141828
63457: 0.000141826
63458: 0.000141824
63459: 0.000141822
63460: 0.000141819
63461: 0.000141817
63462: 0.000141815
63463: 0.000141813
63464: 0.00014181
63465: 0.000141808
63466: 0.000141806
63467: 0.000141804
63468: 0.000141802
63469: 0.000141799
63470: 0.000141797
63471: 0.000141795
63472: 0.000141793
63473: 0.00014179
63474: 0.000141788
63475: 0.000141786
63476: 0.000141784
63477: 0.000141781
63478: 0.000141779
63479: 0.000141777
63480: 0.000141775
63481: 0.000141772
63482: 0.00014177
63483: 0.000141768
63484: 0.000141766
63485: 0.000141764
63486: 0.000141761
63487: 0.000141759
63488: 0.000141757
63489: 0.000141755
63490: 0.000141752
63491: 0.00014175
63492: 0.000141748
63493: 0.000141746
63494: 0.000141743
63495: 0.000141741
63496: 0.000141739
63497: 0.000141737
63498: 0.000141735
63499: 0.000141732
63500: 0.00014173
63501: 0.000141728
63502: 0.000141726
63503: 0.000141723
63504: 0.000141721
63505: 0.000141719
63506: 0.000141717
63507: 0.000141714
63508: 0.000141712
63509: 0.00014171
63510: 0.000141708
63511: 0.000141706
63512: 0.000141703
63513: 0.000141701
63514: 0.000141699
63515: 0.000141697
63516: 0.000141694
63517: 0.000141692
63518: 0.00014169
63519: 0.000141688
63520: 0.000141685
63521: 0.000141683
63522: 0.000141681
63523: 0.000141679
63524: 0.000141677
63525: 0.000141674
63526: 0.000141672
63527: 0.00014167
63528: 0.000141668
63529: 0.000141665
63530: 0.000141663
63531: 0.000141661
63532: 0.000141659
63533: 0.000141656
63534: 0.000141654
63535: 0.000141652
63536: 0.00014165
63537: 0.000141648
63538: 0.000141645
63539: 0.000141643
63540: 0.000141641
63541: 0.000141639
63542: 0.000141636
63543: 0.000141634
63544: 0.000141632
63545: 0.00014163
63546: 0.000141627
63547: 0.000141625
63548: 0.000141623
63549: 0.000141621
63550: 0.000141619
63551: 0.000141616
63552: 0.000141614
63553: 0.000141612
63554: 0.00014161
63555: 0.000141607
63556: 0.000141605
63557: 0.000141603
63558: 0.000141601
63559: 0.000141598
63560: 0.000141596
63561: 0.000141594
63562: 0.000141592
63563: 0.00014159
63564: 0.000141587
63565: 0.000141585
63566: 0.000141583
63567: 0.000141581
63568: 0.000141578
63569: 0.000141576
63570: 0.000141574
63571: 0.000141572
63572: 0.00014157
63573: 0.000141567
63574: 0.000141565
63575: 0.000141563
63576: 0.000141561
63577: 0.000141558
63578: 0.000141556
63579: 0.000141554
63580: 0.000141552
63581: 0.000141549
63582: 0.000141547
63583: 0.000141545
63584: 0.000141543
63585: 0.000141541
63586: 0.000141538
63587: 0.000141536
63588: 0.000141534
63589: 0.000141532
63590: 0.000141529
63591: 0.000141527
63592: 0.000141525
63593: 0.000141523
63594: 0.000141521
63595: 0.000141518
63596: 0.000141516
63597: 0.000141514
63598: 0.000141512
63599: 0.000141509
63600: 0.000141507
63601: 0.000141505
63602: 0.000141503
63603: 0.000141501
63604: 0.000141498
63605: 0.000141496
63606: 0.000141494
63607: 0.000141492
63608: 0.000141489
63609: 0.000141487
63610: 0.000141485
63611: 0.000141483
63612: 0.000141481
63613: 0.000141478
63614: 0.000141476
63615: 0.000141474
63616: 0.000141472
63617: 0.000141469
63618: 0.000141467
63619: 0.000141465
63620: 0.000141463
63621: 0.000141461
63622: 0.000141458
63623: 0.000141456
63624: 0.000141454
63625: 0.000141452
63626: 0.000141449
63627: 0.000141447
63628: 0.000141445
63629: 0.000141443
63630: 0.00014144
63631: 0.000141438
63632: 0.000141436
63633: 0.000141434
63634: 0.000141432
63635: 0.000141429
63636: 0.000141427
63637: 0.000141425
63638: 0.000141423
63639: 0.00014142
63640: 0.000141418
63641: 0.000141416
63642: 0.000141414
63643: 0.000141412
63644: 0.000141409
63645: 0.000141407
63646: 0.000141405
63647: 0.000141403
63648: 0.0001414
63649: 0.000141398
63650: 0.000141396
63651: 0.000141394
63652: 0.000141392
63653: 0.000141389
63654: 0.000141387
63655: 0.000141385
63656: 0.000141383
63657: 0.000141381
63658: 0.000141378
63659: 0.000141376
63660: 0.000141374
63661: 0.000141372
63662: 0.000141369
63663: 0.000141367
63664: 0.000141365
63665: 0.000141363
63666: 0.000141361
63667: 0.000141358
63668: 0.000141356
63669: 0.000141354
63670: 0.000141352
63671: 0.000141349
63672: 0.000141347
63673: 0.000141345
63674: 0.000141343
63675: 0.000141341
63676: 0.000141338
63677: 0.000141336
63678: 0.000141334
63679: 0.000141332
63680: 0.000141329
63681: 0.000141327
63682: 0.000141325
63683: 0.000141323
63684: 0.000141321
63685: 0.000141318
63686: 0.000141316
63687: 0.000141314
63688: 0.000141312
63689: 0.000141309
63690: 0.000141307
63691: 0.000141305
63692: 0.000141303
63693: 0.000141301
63694: 0.000141298
63695: 0.000141296
63696: 0.000141294
63697: 0.000141292
63698: 0.00014129
63699: 0.000141287
63700: 0.000141285
63701: 0.000141283
63702: 0.000141281
63703: 0.000141278
63704: 0.000141276
63705: 0.000141274
63706: 0.000141272
63707: 0.00014127
63708: 0.000141267
63709: 0.000141265
63710: 0.000141263
63711: 0.000141261
63712: 0.000141258
63713: 0.000141256
63714: 0.000141254
63715: 0.000141252
63716: 0.00014125
63717: 0.000141247
63718: 0.000141245
63719: 0.000141243
63720: 0.000141241
63721: 0.000141239
63722: 0.000141236
63723: 0.000141234
63724: 0.000141232
63725: 0.00014123
63726: 0.000141227
63727: 0.000141225
63728: 0.000141223
63729: 0.000141221
63730: 0.000141219
63731: 0.000141216
63732: 0.000141214
63733: 0.000141212
63734: 0.00014121
63735: 0.000141207
63736: 0.000141205
63737: 0.000141203
63738: 0.000141201
63739: 0.000141199
63740: 0.000141196
63741: 0.000141194
63742: 0.000141192
63743: 0.00014119
63744: 0.000141188
63745: 0.000141185
63746: 0.000141183
63747: 0.000141181
63748: 0.000141179
63749: 0.000141176
63750: 0.000141174
63751: 0.000141172
63752: 0.00014117
63753: 0.000141168
63754: 0.000141165
63755: 0.000141163
63756: 0.000141161
63757: 0.000141159
63758: 0.000141157
63759: 0.000141154
63760: 0.000141152
63761: 0.00014115
63762: 0.000141148
63763: 0.000141145
63764: 0.000141143
63765: 0.000141141
63766: 0.000141139
63767: 0.000141137
63768: 0.000141134
63769: 0.000141132
63770: 0.00014113
63771: 0.000141128
63772: 0.000141126
63773: 0.000141123
63774: 0.000141121
63775: 0.000141119
63776: 0.000141117
63777: 0.000141114
63778: 0.000141112
63779: 0.00014111
63780: 0.000141108
63781: 0.000141106
63782: 0.000141103
63783: 0.000141101
63784: 0.000141099
63785: 0.000141097
63786: 0.000141095
63787: 0.000141092
63788: 0.00014109
63789: 0.000141088
63790: 0.000141086
63791: 0.000141084
63792: 0.000141081
63793: 0.000141079
63794: 0.000141077
63795: 0.000141075
63796: 0.000141072
63797: 0.00014107
63798: 0.000141068
63799: 0.000141066
63800: 0.000141064
63801: 0.000141061
63802: 0.000141059
63803: 0.000141057
63804: 0.000141055
63805: 0.000141053
63806: 0.00014105
63807: 0.000141048
63808: 0.000141046
63809: 0.000141044
63810: 0.000141042
63811: 0.000141039
63812: 0.000141037
63813: 0.000141035
63814: 0.000141033
63815: 0.00014103
63816: 0.000141028
63817: 0.000141026
63818: 0.000141024
63819: 0.000141022
63820: 0.000141019
63821: 0.000141017
63822: 0.000141015
63823: 0.000141013
63824: 0.000141011
63825: 0.000141008
63826: 0.000141006
63827: 0.000141004
63828: 0.000141002
63829: 0.000141
63830: 0.000140997
63831: 0.000140995
63832: 0.000140993
63833: 0.000140991
63834: 0.000140988
63835: 0.000140986
63836: 0.000140984
63837: 0.000140982
63838: 0.00014098
63839: 0.000140977
63840: 0.000140975
63841: 0.000140973
63842: 0.000140971
63843: 0.000140969
63844: 0.000140966
63845: 0.000140964
63846: 0.000140962
63847: 0.00014096
63848: 0.000140958
63849: 0.000140955
63850: 0.000140953
63851: 0.000140951
63852: 0.000140949
63853: 0.000140947
63854: 0.000140944
63855: 0.000140942
63856: 0.00014094
63857: 0.000140938
63858: 0.000140935
63859: 0.000140933
63860: 0.000140931
63861: 0.000140929
63862: 0.000140927
63863: 0.000140924
63864: 0.000140922
63865: 0.00014092
63866: 0.000140918
63867: 0.000140916
63868: 0.000140913
63869: 0.000140911
63870: 0.000140909
63871: 0.000140907
63872: 0.000140905
63873: 0.000140902
63874: 0.0001409
63875: 0.000140898
63876: 0.000140896
63877: 0.000140894
63878: 0.000140891
63879: 0.000140889
63880: 0.000140887
63881: 0.000140885
63882: 0.000140883
63883: 0.00014088
63884: 0.000140878
63885: 0.000140876
63886: 0.000140874
63887: 0.000140872
63888: 0.000140869
63889: 0.000140867
63890: 0.000140865
63891: 0.000140863
63892: 0.000140861
63893: 0.000140858
63894: 0.000140856
63895: 0.000140854
63896: 0.000140852
63897: 0.000140849
63898: 0.000140847
63899: 0.000140845
63900: 0.000140843
63901: 0.000140841
63902: 0.000140838
63903: 0.000140836
63904: 0.000140834
63905: 0.000140832
63906: 0.00014083
63907: 0.000140827
63908: 0.000140825
63909: 0.000140823
63910: 0.000140821
63911: 0.000140819
63912: 0.000140816
63913: 0.000140814
63914: 0.000140812
63915: 0.00014081
63916: 0.000140808
63917: 0.000140805
63918: 0.000140803
63919: 0.000140801
63920: 0.000140799
63921: 0.000140797
63922: 0.000140794
63923: 0.000140792
63924: 0.00014079
63925: 0.000140788
63926: 0.000140786
63927: 0.000140783
63928: 0.000140781
63929: 0.000140779
63930: 0.000140777
63931: 0.000140775
63932: 0.000140772
63933: 0.00014077
63934: 0.000140768
63935: 0.000140766
63936: 0.000140764
63937: 0.000140761
63938: 0.000140759
63939: 0.000140757
63940: 0.000140755
63941: 0.000140753
63942: 0.00014075
63943: 0.000140748
63944: 0.000140746
63945: 0.000140744
63946: 0.000140742
63947: 0.000140739
63948: 0.000140737
63949: 0.000140735
63950: 0.000140733
63951: 0.000140731
63952: 0.000140728
63953: 0.000140726
63954: 0.000140724
63955: 0.000140722
63956: 0.00014072
63957: 0.000140717
63958: 0.000140715
63959: 0.000140713
63960: 0.000140711
63961: 0.000140709
63962: 0.000140706
63963: 0.000140704
63964: 0.000140702
63965: 0.0001407
63966: 0.000140698
63967: 0.000140695
63968: 0.000140693
63969: 0.000140691
63970: 0.000140689
63971: 0.000140687
63972: 0.000140684
63973: 0.000140682
63974: 0.00014068
63975: 0.000140678
63976: 0.000140676
63977: 0.000140673
63978: 0.000140671
63979: 0.000140669
63980: 0.000140667
63981: 0.000140665
63982: 0.000140662
63983: 0.00014066
63984: 0.000140658
63985: 0.000140656
63986: 0.000140654
63987: 0.000140651
63988: 0.000140649
63989: 0.000140647
63990: 0.000140645
63991: 0.000140643
63992: 0.00014064
63993: 0.000140638
63994: 0.000140636
63995: 0.000140634
63996: 0.000140632
63997: 0.000140629
63998: 0.000140627
63999: 0.000140625
64000: 0.000140623
64001: 0.000140621
64002: 0.000140618
64003: 0.000140616
64004: 0.000140614
64005: 0.000140612
64006: 0.00014061
64007: 0.000140607
64008: 0.000140605
64009: 0.000140603
64010: 0.000140601
64011: 0.000140599
64012: 0.000140596
64013: 0.000140594
64014: 0.000140592
64015: 0.00014059
64016: 0.000140588
64017: 0.000140585
64018: 0.000140583
64019: 0.000140581
64020: 0.000140579
64021: 0.000140577
64022: 0.000140574
64023: 0.000140572
64024: 0.00014057
64025: 0.000140568
64026: 0.000140566
64027: 0.000140564
64028: 0.000140561
64029: 0.000140559
64030: 0.000140557
64031: 0.000140555
64032: 0.000140553
64033: 0.00014055
64034: 0.000140548
64035: 0.000140546
64036: 0.000140544
64037: 0.000140542
64038: 0.000140539
64039: 0.000140537
64040: 0.000140535
64041: 0.000140533
64042: 0.000140531
64043: 0.000140528
64044: 0.000140526
64045: 0.000140524
64046: 0.000140522
64047: 0.00014052
64048: 0.000140517
64049: 0.000140515
64050: 0.000140513
64051: 0.000140511
64052: 0.000140509
64053: 0.000140506
64054: 0.000140504
64055: 0.000140502
64056: 0.0001405
64057: 0.000140498
64058: 0.000140495
64059: 0.000140493
64060: 0.000140491
64061: 0.000140489
64062: 0.000140487
64063: 0.000140485
64064: 0.000140482
64065: 0.00014048
64066: 0.000140478
64067: 0.000140476
64068: 0.000140474
64069: 0.000140471
64070: 0.000140469
64071: 0.000140467
64072: 0.000140465
64073: 0.000140463
64074: 0.00014046
64075: 0.000140458
64076: 0.000140456
64077: 0.000140454
64078: 0.000140452
64079: 0.000140449
64080: 0.000140447
64081: 0.000140445
64082: 0.000140443
64083: 0.000140441
64084: 0.000140438
64085: 0.000140436
64086: 0.000140434
64087: 0.000140432
64088: 0.00014043
64089: 0.000140428
64090: 0.000140425
64091: 0.000140423
64092: 0.000140421
64093: 0.000140419
64094: 0.000140417
64095: 0.000140414
64096: 0.000140412
64097: 0.00014041
64098: 0.000140408
64099: 0.000140406
64100: 0.000140403
64101: 0.000140401
64102: 0.000140399
64103: 0.000140397
64104: 0.000140395
64105: 0.000140392
64106: 0.00014039
64107: 0.000140388
64108: 0.000140386
64109: 0.000140384
64110: 0.000140382
64111: 0.000140379
64112: 0.000140377
64113: 0.000140375
64114: 0.000140373
64115: 0.000140371
64116: 0.000140368
64117: 0.000140366
64118: 0.000140364
64119: 0.000140362
64120: 0.00014036
64121: 0.000140357
64122: 0.000140355
64123: 0.000140353
64124: 0.000140351
64125: 0.000140349
64126: 0.000140346
64127: 0.000140344
64128: 0.000140342
64129: 0.00014034
64130: 0.000140338
64131: 0.000140336
64132: 0.000140333
64133: 0.000140331
64134: 0.000140329
64135: 0.000140327
64136: 0.000140325
64137: 0.000140322
64138: 0.00014032
64139: 0.000140318
64140: 0.000140316
64141: 0.000140314
64142: 0.000140311
64143: 0.000140309
64144: 0.000140307
64145: 0.000140305
64146: 0.000140303
64147: 0.000140301
64148: 0.000140298
64149: 0.000140296
64150: 0.000140294
64151: 0.000140292
64152: 0.00014029
64153: 0.000140287
64154: 0.000140285
64155: 0.000140283
64156: 0.000140281
64157: 0.000140279
64158: 0.000140277
64159: 0.000140274
64160: 0.000140272
64161: 0.00014027
64162: 0.000140268
64163: 0.000140266
64164: 0.000140263
64165: 0.000140261
64166: 0.000140259
64167: 0.000140257
64168: 0.000140255
64169: 0.000140252
64170: 0.00014025
64171: 0.000140248
64172: 0.000140246
64173: 0.000140244
64174: 0.000140242
64175: 0.000140239
64176: 0.000140237
64177: 0.000140235
64178: 0.000140233
64179: 0.000140231
64180: 0.000140228
64181: 0.000140226
64182: 0.000140224
64183: 0.000140222
64184: 0.00014022
64185: 0.000140217
64186: 0.000140215
64187: 0.000140213
64188: 0.000140211
64189: 0.000140209
64190: 0.000140207
64191: 0.000140204
64192: 0.000140202
64193: 0.0001402
64194: 0.000140198
64195: 0.000140196
64196: 0.000140193
64197: 0.000140191
64198: 0.000140189
64199: 0.000140187
64200: 0.000140185
64201: 0.000140183
64202: 0.00014018
64203: 0.000140178
64204: 0.000140176
64205: 0.000140174
64206: 0.000140172
64207: 0.000140169
64208: 0.000140167
64209: 0.000140165
64210: 0.000140163
64211: 0.000140161
64212: 0.000140159
64213: 0.000140156
64214: 0.000140154
64215: 0.000140152
64216: 0.00014015
64217: 0.000140148
64218: 0.000140145
64219: 0.000140143
64220: 0.000140141
64221: 0.000140139
64222: 0.000140137
64223: 0.000140135
64224: 0.000140132
64225: 0.00014013
64226: 0.000140128
64227: 0.000140126
64228: 0.000140124
64229: 0.000140121
64230: 0.000140119
64231: 0.000140117
64232: 0.000140115
64233: 0.000140113
64234: 0.000140111
64235: 0.000140108
64236: 0.000140106
64237: 0.000140104
64238: 0.000140102
64239: 0.0001401
64240: 0.000140097
64241: 0.000140095
64242: 0.000140093
64243: 0.000140091
64244: 0.000140089
64245: 0.000140087
64246: 0.000140084
64247: 0.000140082
64248: 0.00014008
64249: 0.000140078
64250: 0.000140076
64251: 0.000140073
64252: 0.000140071
64253: 0.000140069
64254: 0.000140067
64255: 0.000140065
64256: 0.000140063
64257: 0.00014006
64258: 0.000140058
64259: 0.000140056
64260: 0.000140054
64261: 0.000140052
64262: 0.000140049
64263: 0.000140047
64264: 0.000140045
64265: 0.000140043
64266: 0.000140041
64267: 0.000140039
64268: 0.000140036
64269: 0.000140034
64270: 0.000140032
64271: 0.00014003
64272: 0.000140028
64273: 0.000140026
64274: 0.000140023
64275: 0.000140021
64276: 0.000140019
64277: 0.000140017
64278: 0.000140015
64279: 0.000140012
64280: 0.00014001
64281: 0.000140008
64282: 0.000140006
64283: 0.000140004
64284: 0.000140002
64285: 0.000139999
64286: 0.000139997
64287: 0.000139995
64288: 0.000139993
64289: 0.000139991
64290: 0.000139988
64291: 0.000139986
64292: 0.000139984
64293: 0.000139982
64294: 0.00013998
64295: 0.000139978
64296: 0.000139975
64297: 0.000139973
64298: 0.000139971
64299: 0.000139969
64300: 0.000139967
64301: 0.000139965
64302: 0.000139962
64303: 0.00013996
64304: 0.000139958
64305: 0.000139956
64306: 0.000139954
64307: 0.000139951
64308: 0.000139949
64309: 0.000139947
64310: 0.000139945
64311: 0.000139943
64312: 0.000139941
64313: 0.000139938
64314: 0.000139936
64315: 0.000139934
64316: 0.000139932
64317: 0.00013993
64318: 0.000139928
64319: 0.000139925
64320: 0.000139923
64321: 0.000139921
64322: 0.000139919
64323: 0.000139917
64324: 0.000139914
64325: 0.000139912
64326: 0.00013991
64327: 0.000139908
64328: 0.000139906
64329: 0.000139904
64330: 0.000139901
64331: 0.000139899
64332: 0.000139897
64333: 0.000139895
64334: 0.000139893
64335: 0.000139891
64336: 0.000139888
64337: 0.000139886
64338: 0.000139884
64339: 0.000139882
64340: 0.00013988
64341: 0.000139878
64342: 0.000139875
64343: 0.000139873
64344: 0.000139871
64345: 0.000139869
64346: 0.000139867
64347: 0.000139864
64348: 0.000139862
64349: 0.00013986
64350: 0.000139858
64351: 0.000139856
64352: 0.000139854
64353: 0.000139851
64354: 0.000139849
64355: 0.000139847
64356: 0.000139845
64357: 0.000139843
64358: 0.000139841
64359: 0.000139838
64360: 0.000139836
64361: 0.000139834
64362: 0.000139832
64363: 0.00013983
64364: 0.000139828
64365: 0.000139825
64366: 0.000139823
64367: 0.000139821
64368: 0.000139819
64369: 0.000139817
64370: 0.000139815
64371: 0.000139812
64372: 0.00013981
64373: 0.000139808
64374: 0.000139806
64375: 0.000139804
64376: 0.000139801
64377: 0.000139799
64378: 0.000139797
64379: 0.000139795
64380: 0.000139793
64381: 0.000139791
64382: 0.000139788
64383: 0.000139786
64384: 0.000139784
64385: 0.000139782
64386: 0.00013978
64387: 0.000139778
64388: 0.000139775
64389: 0.000139773
64390: 0.000139771
64391: 0.000139769
64392: 0.000139767
64393: 0.000139765
64394: 0.000139762
64395: 0.00013976
64396: 0.000139758
64397: 0.000139756
64398: 0.000139754
64399: 0.000139752
64400: 0.000139749
64401: 0.000139747
64402: 0.000139745
64403: 0.000139743
64404: 0.000139741
64405: 0.000139739
64406: 0.000139736
64407: 0.000139734
64408: 0.000139732
64409: 0.00013973
64410: 0.000139728
64411: 0.000139726
64412: 0.000139723
64413: 0.000139721
64414: 0.000139719
64415: 0.000139717
64416: 0.000139715
64417: 0.000139713
64418: 0.00013971
64419: 0.000139708
64420: 0.000139706
64421: 0.000139704
64422: 0.000139702
64423: 0.000139699
64424: 0.000139697
64425: 0.000139695
64426: 0.000139693
64427: 0.000139691
64428: 0.000139689
64429: 0.000139686
64430: 0.000139684
64431: 0.000139682
64432: 0.00013968
64433: 0.000139678
64434: 0.000139676
64435: 0.000139673
64436: 0.000139671
64437: 0.000139669
64438: 0.000139667
64439: 0.000139665
64440: 0.000139663
64441: 0.00013966
64442: 0.000139658
64443: 0.000139656
64444: 0.000139654
64445: 0.000139652
64446: 0.00013965
64447: 0.000139647
64448: 0.000139645
64449: 0.000139643
64450: 0.000139641
64451: 0.000139639
64452: 0.000139637
64453: 0.000139634
64454: 0.000139632
64455: 0.00013963
64456: 0.000139628
64457: 0.000139626
64458: 0.000139624
64459: 0.000139621
64460: 0.000139619
64461: 0.000139617
64462: 0.000139615
64463: 0.000139613
64464: 0.000139611
64465: 0.000139608
64466: 0.000139606
64467: 0.000139604
64468: 0.000139602
64469: 0.0001396
64470: 0.000139598
64471: 0.000139595
64472: 0.000139593
64473: 0.000139591
64474: 0.000139589
64475: 0.000139587
64476: 0.000139585
64477: 0.000139582
64478: 0.00013958
64479: 0.000139578
64480: 0.000139576
64481: 0.000139574
64482: 0.000139572
64483: 0.00013957
64484: 0.000139567
64485: 0.000139565
64486: 0.000139563
64487: 0.000139561
64488: 0.000139559
64489: 0.000139557
64490: 0.000139554
64491: 0.000139552
64492: 0.00013955
64493: 0.000139548
64494: 0.000139546
64495: 0.000139544
64496: 0.000139541
64497: 0.000139539
64498: 0.000139537
64499: 0.000139535
64500: 0.000139533
64501: 0.000139531
64502: 0.000139528
64503: 0.000139526
64504: 0.000139524
64505: 0.000139522
64506: 0.00013952
64507: 0.000139518
64508: 0.000139515
64509: 0.000139513
64510: 0.000139511
64511: 0.000139509
64512: 0.000139507
64513: 0.000139505
64514: 0.000139502
64515: 0.0001395
64516: 0.000139498
64517: 0.000139496
64518: 0.000139494
64519: 0.000139492
64520: 0.000139489
64521: 0.000139487
64522: 0.000139485
64523: 0.000139483
64524: 0.000139481
64525: 0.000139479
64526: 0.000139476
64527: 0.000139474
64528: 0.000139472
64529: 0.00013947
64530: 0.000139468
64531: 0.000139466
64532: 0.000139464
64533: 0.000139461
64534: 0.000139459
64535: 0.000139457
64536: 0.000139455
64537: 0.000139453
64538: 0.000139451
64539: 0.000139448
64540: 0.000139446
64541: 0.000139444
64542: 0.000139442
64543: 0.00013944
64544: 0.000139438
64545: 0.000139435
64546: 0.000139433
64547: 0.000139431
64548: 0.000139429
64549: 0.000139427
64550: 0.000139425
64551: 0.000139422
64552: 0.00013942
64553: 0.000139418
64554: 0.000139416
64555: 0.000139414
64556: 0.000139412
64557: 0.00013941
64558: 0.000139407
64559: 0.000139405
64560: 0.000139403
64561: 0.000139401
64562: 0.000139399
64563: 0.000139397
64564: 0.000139394
64565: 0.000139392
64566: 0.00013939
64567: 0.000139388
64568: 0.000139386
64569: 0.000139384
64570: 0.000139381
64571: 0.000139379
64572: 0.000139377
64573: 0.000139375
64574: 0.000139373
64575: 0.000139371
64576: 0.000139369
64577: 0.000139366
64578: 0.000139364
64579: 0.000139362
64580: 0.00013936
64581: 0.000139358
64582: 0.000139356
64583: 0.000139353
64584: 0.000139351
64585: 0.000139349
64586: 0.000139347
64587: 0.000139345
64588: 0.000139343
64589: 0.00013934
64590: 0.000139338
64591: 0.000139336
64592: 0.000139334
64593: 0.000139332
64594: 0.00013933
64595: 0.000139328
64596: 0.000139325
64597: 0.000139323
64598: 0.000139321
64599: 0.000139319
64600: 0.000139317
64601: 0.000139315
64602: 0.000139312
64603: 0.00013931
64604: 0.000139308
64605: 0.000139306
64606: 0.000139304
64607: 0.000139302
64608: 0.000139299
64609: 0.000139297
64610: 0.000139295
64611: 0.000139293
64612: 0.000139291
64613: 0.000139289
64614: 0.000139287
64615: 0.000139284
64616: 0.000139282
64617: 0.00013928
64618: 0.000139278
64619: 0.000139276
64620: 0.000139274
64621: 0.000139271
64622: 0.000139269
64623: 0.000139267
64624: 0.000139265
64625: 0.000139263
64626: 0.000139261
64627: 0.000139259
64628: 0.000139256
64629: 0.000139254
64630: 0.000139252
64631: 0.00013925
64632: 0.000139248
64633: 0.000139246
64634: 0.000139243
64635: 0.000139241
64636: 0.000139239
64637: 0.000139237
64638: 0.000139235
64639: 0.000139233
64640: 0.000139231
64641: 0.000139228
64642: 0.000139226
64643: 0.000139224
64644: 0.000139222
64645: 0.00013922
64646: 0.000139218
64647: 0.000139215
64648: 0.000139213
64649: 0.000139211
64650: 0.000139209
64651: 0.000139207
64652: 0.000139205
64653: 0.000139203
64654: 0.0001392
64655: 0.000139198
64656: 0.000139196
64657: 0.000139194
64658: 0.000139192
64659: 0.00013919
64660: 0.000139187
64661: 0.000139185
64662: 0.000139183
64663: 0.000139181
64664: 0.000139179
64665: 0.000139177
64666: 0.000139175
64667: 0.000139172
64668: 0.00013917
64669: 0.000139168
64670: 0.000139166
64671: 0.000139164
64672: 0.000139162
64673: 0.000139159
64674: 0.000139157
64675: 0.000139155
64676: 0.000139153
64677: 0.000139151
64678: 0.000139149
64679: 0.000139147
64680: 0.000139144
64681: 0.000139142
64682: 0.00013914
64683: 0.000139138
64684: 0.000139136
64685: 0.000139134
64686: 0.000139132
64687: 0.000139129
64688: 0.000139127
64689: 0.000139125
64690: 0.000139123
64691: 0.000139121
64692: 0.000139119
64693: 0.000139116
64694: 0.000139114
64695: 0.000139112
64696: 0.00013911
64697: 0.000139108
64698: 0.000139106
64699: 0.000139104
64700: 0.000139101
64701: 0.000139099
64702: 0.000139097
64703: 0.000139095
64704: 0.000139093
64705: 0.000139091
64706: 0.000139089
64707: 0.000139086
64708: 0.000139084
64709: 0.000139082
64710: 0.00013908
64711: 0.000139078
64712: 0.000139076
64713: 0.000139073
64714: 0.000139071
64715: 0.000139069
64716: 0.000139067
64717: 0.000139065
64718: 0.000139063
64719: 0.000139061
64720: 0.000139058
64721: 0.000139056
64722: 0.000139054
64723: 0.000139052
64724: 0.00013905
64725: 0.000139048
64726: 0.000139046
64727: 0.000139043
64728: 0.000139041
64729: 0.000139039
64730: 0.000139037
64731: 0.000139035
64732: 0.000139033
64733: 0.00013903
64734: 0.000139028
64735: 0.000139026
64736: 0.000139024
64737: 0.000139022
64738: 0.00013902
64739: 0.000139018
64740: 0.000139015
64741: 0.000139013
64742: 0.000139011
64743: 0.000139009
64744: 0.000139007
64745: 0.000139005
64746: 0.000139003
64747: 0.000139
64748: 0.000138998
64749: 0.000138996
64750: 0.000138994
64751: 0.000138992
64752: 0.00013899
64753: 0.000138988
64754: 0.000138985
64755: 0.000138983
64756: 0.000138981
64757: 0.000138979
64758: 0.000138977
64759: 0.000138975
64760: 0.000138973
64761: 0.00013897
64762: 0.000138968
64763: 0.000138966
64764: 0.000138964
64765: 0.000138962
64766: 0.00013896
64767: 0.000138958
64768: 0.000138955
64769: 0.000138953
64770: 0.000138951
64771: 0.000138949
64772: 0.000138947
64773: 0.000138945
64774: 0.000138942
64775: 0.00013894
64776: 0.000138938
64777: 0.000138936
64778: 0.000138934
64779: 0.000138932
64780: 0.00013893
64781: 0.000138927
64782: 0.000138925
64783: 0.000138923
64784: 0.000138921
64785: 0.000138919
64786: 0.000138917
64787: 0.000138915
64788: 0.000138912
64789: 0.00013891
64790: 0.000138908
64791: 0.000138906
64792: 0.000138904
64793: 0.000138902
64794: 0.0001389
64795: 0.000138897
64796: 0.000138895
64797: 0.000138893
64798: 0.000138891
64799: 0.000138889
64800: 0.000138887
64801: 0.000138885
64802: 0.000138882
64803: 0.00013888
64804: 0.000138878
64805: 0.000138876
64806: 0.000138874
64807: 0.000138872
64808: 0.00013887
64809: 0.000138867
64810: 0.000138865
64811: 0.000138863
64812: 0.000138861
64813: 0.000138859
64814: 0.000138857
64815: 0.000138855
64816: 0.000138852
64817: 0.00013885
64818: 0.000138848
64819: 0.000138846
64820: 0.000138844
64821: 0.000138842
64822: 0.00013884
64823: 0.000138837
64824: 0.000138835
64825: 0.000138833
64826: 0.000138831
64827: 0.000138829
64828: 0.000138827
64829: 0.000138825
64830: 0.000138822
64831: 0.00013882
64832: 0.000138818
64833: 0.000138816
64834: 0.000138814
64835: 0.000138812
64836: 0.00013881
64837: 0.000138807
64838: 0.000138805
64839: 0.000138803
64840: 0.000138801
64841: 0.000138799
64842: 0.000138797
64843: 0.000138795
64844: 0.000138793
64845: 0.00013879
64846: 0.000138788
64847: 0.000138786
64848: 0.000138784
64849: 0.000138782
64850: 0.00013878
64851: 0.000138778
64852: 0.000138775
64853: 0.000138773
64854: 0.000138771
64855: 0.000138769
64856: 0.000138767
64857: 0.000138765
64858: 0.000138763
64859: 0.00013876
64860: 0.000138758
64861: 0.000138756
64862: 0.000138754
64863: 0.000138752
64864: 0.00013875
64865: 0.000138748
64866: 0.000138745
64867: 0.000138743
64868: 0.000138741
64869: 0.000138739
64870: 0.000138737
64871: 0.000138735
64872: 0.000138733
64873: 0.00013873
64874: 0.000138728
64875: 0.000138726
64876: 0.000138724
64877: 0.000138722
64878: 0.00013872
64879: 0.000138718
64880: 0.000138715
64881: 0.000138713
64882: 0.000138711
64883: 0.000138709
64884: 0.000138707
64885: 0.000138705
64886: 0.000138703
64887: 0.000138701
64888: 0.000138698
64889: 0.000138696
64890: 0.000138694
64891: 0.000138692
64892: 0.00013869
64893: 0.000138688
64894: 0.000138686
64895: 0.000138683
64896: 0.000138681
64897: 0.000138679
64898: 0.000138677
64899: 0.000138675
64900: 0.000138673
64901: 0.000138671
64902: 0.000138668
64903: 0.000138666
64904: 0.000138664
64905: 0.000138662
64906: 0.00013866
64907: 0.000138658
64908: 0.000138656
64909: 0.000138654
64910: 0.000138651
64911: 0.000138649
64912: 0.000138647
64913: 0.000138645
64914: 0.000138643
64915: 0.000138641
64916: 0.000138639
64917: 0.000138636
64918: 0.000138634
64919: 0.000138632
64920: 0.00013863
64921: 0.000138628
64922: 0.000138626
64923: 0.000138624
64924: 0.000138621
64925: 0.000138619
64926: 0.000138617
64927: 0.000138615
64928: 0.000138613
64929: 0.000138611
64930: 0.000138609
64931: 0.000138607
64932: 0.000138604
64933: 0.000138602
64934: 0.0001386
64935: 0.000138598
64936: 0.000138596
64937: 0.000138594
64938: 0.000138592
64939: 0.000138589
64940: 0.000138587
64941: 0.000138585
64942: 0.000138583
64943: 0.000138581
64944: 0.000138579
64945: 0.000138577
64946: 0.000138575
64947: 0.000138572
64948: 0.00013857
64949: 0.000138568
64950: 0.000138566
64951: 0.000138564
64952: 0.000138562
64953: 0.00013856
64954: 0.000138557
64955: 0.000138555
64956: 0.000138553
64957: 0.000138551
64958: 0.000138549
64959: 0.000138547
64960: 0.000138545
64961: 0.000138543
64962: 0.00013854
64963: 0.000138538
64964: 0.000138536
64965: 0.000138534
64966: 0.000138532
64967: 0.00013853
64968: 0.000138528
64969: 0.000138525
64970: 0.000138523
64971: 0.000138521
64972: 0.000138519
64973: 0.000138517
64974: 0.000138515
64975: 0.000138513
64976: 0.000138511
64977: 0.000138508
64978: 0.000138506
64979: 0.000138504
64980: 0.000138502
64981: 0.0001385
64982: 0.000138498
64983: 0.000138496
64984: 0.000138493
64985: 0.000138491
64986: 0.000138489
64987: 0.000138487
64988: 0.000138485
64989: 0.000138483
64990: 0.000138481
64991: 0.000138479
64992: 0.000138476
64993: 0.000138474
64994: 0.000138472
64995: 0.00013847
64996: 0.000138468
64997: 0.000138466
64998: 0.000138464
64999: 0.000138462
65000: 0.000138459
65001: 0.000138457
65002: 0.000138455
65003: 0.000138453
65004: 0.000138451
65005: 0.000138449
65006: 0.000138447
65007: 0.000138444
65008: 0.000138442
65009: 0.00013844
65010: 0.000138438
65011: 0.000138436
65012: 0.000138434
65013: 0.000138432
65014: 0.00013843
65015: 0.000138427
65016: 0.000138425
65017: 0.000138423
65018: 0.000138421
65019: 0.000138419
65020: 0.000138417
65021: 0.000138415
65022: 0.000138413
65023: 0.00013841
65024: 0.000138408
65025: 0.000138406
65026: 0.000138404
65027: 0.000138402
65028: 0.0001384
65029: 0.000138398
65030: 0.000138396
65031: 0.000138393
65032: 0.000138391
65033: 0.000138389
65034: 0.000138387
65035: 0.000138385
65036: 0.000138383
65037: 0.000138381
65038: 0.000138379
65039: 0.000138376
65040: 0.000138374
65041: 0.000138372
65042: 0.00013837
65043: 0.000138368
65044: 0.000138366
65045: 0.000138364
65046: 0.000138361
65047: 0.000138359
65048: 0.000138357
65049: 0.000138355
65050: 0.000138353
65051: 0.000138351
65052: 0.000138349
65053: 0.000138347
65054: 0.000138344
65055: 0.000138342
65056: 0.00013834
65057: 0.000138338
65058: 0.000138336
65059: 0.000138334
65060: 0.000138332
65061: 0.00013833
65062: 0.000138327
65063: 0.000138325
65064: 0.000138323
65065: 0.000138321
65066: 0.000138319
65067: 0.000138317
65068: 0.000138315
65069: 0.000138313
65070: 0.00013831
65071: 0.000138308
65072: 0.000138306
65073: 0.000138304
65074: 0.000138302
65075: 0.0001383
65076: 0.000138298
65077: 0.000138296
65078: 0.000138293
65079: 0.000138291
65080: 0.000138289
65081: 0.000138287
65082: 0.000138285
65083: 0.000138283
65084: 0.000138281
65085: 0.000138279
65086: 0.000138276
65087: 0.000138274
65088: 0.000138272
65089: 0.00013827
65090: 0.000138268
65091: 0.000138266
65092: 0.000138264
65093: 0.000138262
65094: 0.000138259
65095: 0.000138257
65096: 0.000138255
65097: 0.000138253
65098: 0.000138251
65099: 0.000138249
65100: 0.000138247
65101: 0.000138245
65102: 0.000138242
65103: 0.00013824
65104: 0.000138238
65105: 0.000138236
65106: 0.000138234
65107: 0.000138232
65108: 0.00013823
65109: 0.000138228
65110: 0.000138225
65111: 0.000138223
65112: 0.000138221
65113: 0.000138219
65114: 0.000138217
65115: 0.000138215
65116: 0.000138213
65117: 0.000138211
65118: 0.000138209
65119: 0.000138206
65120: 0.000138204
65121: 0.000138202
65122: 0.0001382
65123: 0.000138198
65124: 0.000138196
65125: 0.000138194
65126: 0.000138192
65127: 0.000138189
65128: 0.000138187
65129: 0.000138185
65130: 0.000138183
65131: 0.000138181
65132: 0.000138179
65133: 0.000138177
65134: 0.000138175
65135: 0.000138172
65136: 0.00013817
65137: 0.000138168
65138: 0.000138166
65139: 0.000138164
65140: 0.000138162
65141: 0.00013816
65142: 0.000138158
65143: 0.000138155
65144: 0.000138153
65145: 0.000138151
65146: 0.000138149
65147: 0.000138147
65148: 0.000138145
65149: 0.000138143
65150: 0.000138141
65151: 0.000138139
65152: 0.000138136
65153: 0.000138134
65154: 0.000138132
65155: 0.00013813
65156: 0.000138128
65157: 0.000138126
65158: 0.000138124
65159: 0.000138122
65160: 0.000138119
65161: 0.000138117
65162: 0.000138115
65163: 0.000138113
65164: 0.000138111
65165: 0.000138109
65166: 0.000138107
65167: 0.000138105
65168: 0.000138102
65169: 0.0001381
65170: 0.000138098
65171: 0.000138096
65172: 0.000138094
65173: 0.000138092
65174: 0.00013809
65175: 0.000138088
65176: 0.000138086
65177: 0.000138083
65178: 0.000138081
65179: 0.000138079
65180: 0.000138077
65181: 0.000138075
65182: 0.000138073
65183: 0.000138071
65184: 0.000138069
65185: 0.000138066
65186: 0.000138064
65187: 0.000138062
65188: 0.00013806
65189: 0.000138058
65190: 0.000138056
65191: 0.000138054
65192: 0.000138052
65193: 0.00013805
65194: 0.000138047
65195: 0.000138045
65196: 0.000138043
65197: 0.000138041
65198: 0.000138039
65199: 0.000138037
65200: 0.000138035
65201: 0.000138033
65202: 0.00013803
65203: 0.000138028
65204: 0.000138026
65205: 0.000138024
65206: 0.000138022
65207: 0.00013802
65208: 0.000138018
65209: 0.000138016
65210: 0.000138014
65211: 0.000138011
65212: 0.000138009
65213: 0.000138007
65214: 0.000138005
65215: 0.000138003
65216: 0.000138001
65217: 0.000137999
65218: 0.000137997
65219: 0.000137994
65220: 0.000137992
65221: 0.00013799
65222: 0.000137988
65223: 0.000137986
65224: 0.000137984
65225: 0.000137982
65226: 0.00013798
65227: 0.000137978
65228: 0.000137975
65229: 0.000137973
65230: 0.000137971
65231: 0.000137969
65232: 0.000137967
65233: 0.000137965
65234: 0.000137963
65235: 0.000137961
65236: 0.000137959
65237: 0.000137956
65238: 0.000137954
65239: 0.000137952
65240: 0.00013795
65241: 0.000137948
65242: 0.000137946
65243: 0.000137944
65244: 0.000137942
65245: 0.000137939
65246: 0.000137937
65247: 0.000137935
65248: 0.000137933
65249: 0.000137931
65250: 0.000137929
65251: 0.000137927
65252: 0.000137925
65253: 0.000137923
65254: 0.00013792
65255: 0.000137918
65256: 0.000137916
65257: 0.000137914
65258: 0.000137912
65259: 0.00013791
65260: 0.000137908
65261: 0.000137906
65262: 0.000137904
65263: 0.000137901
65264: 0.000137899
65265: 0.000137897
65266: 0.000137895
65267: 0.000137893
65268: 0.000137891
65269: 0.000137889
65270: 0.000137887
65271: 0.000137885
65272: 0.000137882
65273: 0.00013788
65274: 0.000137878
65275: 0.000137876
65276: 0.000137874
65277: 0.000137872
65278: 0.00013787
65279: 0.000137868
65280: 0.000137866
65281: 0.000137863
65282: 0.000137861
65283: 0.000137859
65284: 0.000137857
65285: 0.000137855
65286: 0.000137853
65287: 0.000137851
65288: 0.000137849
65289: 0.000137847
65290: 0.000137844
65291: 0.000137842
65292: 0.00013784
65293: 0.000137838
65294: 0.000137836
65295: 0.000137834
65296: 0.000137832
65297: 0.00013783
65298: 0.000137828
65299: 0.000137825
65300: 0.000137823
65301: 0.000137821
65302: 0.000137819
65303: 0.000137817
65304: 0.000137815
65305: 0.000137813
65306: 0.000137811
65307: 0.000137809
65308: 0.000137806
65309: 0.000137804
65310: 0.000137802
65311: 0.0001378
65312: 0.000137798
65313: 0.000137796
65314: 0.000137794
65315: 0.000137792
65316: 0.00013779
65317: 0.000137787
65318: 0.000137785
65319: 0.000137783
65320: 0.000137781
65321: 0.000137779
65322: 0.000137777
65323: 0.000137775
65324: 0.000137773
65325: 0.000137771
65326: 0.000137768
65327: 0.000137766
65328: 0.000137764
65329: 0.000137762
65330: 0.00013776
65331: 0.000137758
65332: 0.000137756
65333: 0.000137754
65334: 0.000137752
65335: 0.000137749
65336: 0.000137747
65337: 0.000137745
65338: 0.000137743
65339: 0.000137741
65340: 0.000137739
65341: 0.000137737
65342: 0.000137735
65343: 0.000137733
65344: 0.000137731
65345: 0.000137728
65346: 0.000137726
65347: 0.000137724
65348: 0.000137722
65349: 0.00013772
65350: 0.000137718
65351: 0.000137716
65352: 0.000137714
65353: 0.000137712
65354: 0.000137709
65355: 0.000137707
65356: 0.000137705
65357: 0.000137703
65358: 0.000137701
65359: 0.000137699
65360: 0.000137697
65361: 0.000137695
65362: 0.000137693
65363: 0.00013769
65364: 0.000137688
65365: 0.000137686
65366: 0.000137684
65367: 0.000137682
65368: 0.00013768
65369: 0.000137678
65370: 0.000137676
65371: 0.000137674
65372: 0.000137672
65373: 0.000137669
65374: 0.000137667
65375: 0.000137665
65376: 0.000137663
65377: 0.000137661
65378: 0.000137659
65379: 0.000137657
65380: 0.000137655
65381: 0.000137653
65382: 0.00013765
65383: 0.000137648
65384: 0.000137646
65385: 0.000137644
65386: 0.000137642
65387: 0.00013764
65388: 0.000137638
65389: 0.000137636
65390: 0.000137634
65391: 0.000137632
65392: 0.000137629
65393: 0.000137627
65394: 0.000137625
65395: 0.000137623
65396: 0.000137621
65397: 0.000137619
65398: 0.000137617
65399: 0.000137615
65400: 0.000137613
65401: 0.00013761
65402: 0.000137608
65403: 0.000137606
65404: 0.000137604
65405: 0.000137602
65406: 0.0001376
65407: 0.000137598
65408: 0.000137596
65409: 0.000137594
65410: 0.000137592
65411: 0.000137589
65412: 0.000137587
65413: 0.000137585
65414: 0.000137583
65415: 0.000137581
65416: 0.000137579
65417: 0.000137577
65418: 0.000137575
65419: 0.000137573
65420: 0.000137571
65421: 0.000137568
65422: 0.000137566
65423: 0.000137564
65424: 0.000137562
65425: 0.00013756
65426: 0.000137558
65427: 0.000137556
65428: 0.000137554
65429: 0.000137552
65430: 0.000137549
65431: 0.000137547
65432: 0.000137545
65433: 0.000137543
65434: 0.000137541
65435: 0.000137539
65436: 0.000137537
65437: 0.000137535
65438: 0.000137533
65439: 0.000137531
65440: 0.000137528
65441: 0.000137526
65442: 0.000137524
65443: 0.000137522
65444: 0.00013752
65445: 0.000137518
65446: 0.000137516
65447: 0.000137514
65448: 0.000137512
65449: 0.00013751
65450: 0.000137507
65451: 0.000137505
65452: 0.000137503
65453: 0.000137501
65454: 0.000137499
65455: 0.000137497
65456: 0.000137495
65457: 0.000137493
65458: 0.000137491
65459: 0.000137489
65460: 0.000137486
65461: 0.000137484
65462: 0.000137482
65463: 0.00013748
65464: 0.000137478
65465: 0.000137476
65466: 0.000137474
65467: 0.000137472
65468: 0.00013747
65469: 0.000137468
65470: 0.000137465
65471: 0.000137463
65472: 0.000137461
65473: 0.000137459
65474: 0.000137457
65475: 0.000137455
65476: 0.000137453
65477: 0.000137451
65478: 0.000137449
65479: 0.000137447
65480: 0.000137444
65481: 0.000137442
65482: 0.00013744
65483: 0.000137438
65484: 0.000137436
65485: 0.000137434
65486: 0.000137432
65487: 0.00013743
65488: 0.000137428
65489: 0.000137426
65490: 0.000137423
65491: 0.000137421
65492: 0.000137419
65493: 0.000137417
65494: 0.000137415
65495: 0.000137413
65496: 0.000137411
65497: 0.000137409
65498: 0.000137407
65499: 0.000137405
65500: 0.000137402
65501: 0.0001374
65502: 0.000137398
65503: 0.000137396
65504: 0.000137394
65505: 0.000137392
65506: 0.00013739
65507: 0.000137388
65508: 0.000137386
65509: 0.000137384
65510: 0.000137382
65511: 0.000137379
65512: 0.000137377
65513: 0.000137375
65514: 0.000137373
65515: 0.000137371
65516: 0.000137369
65517: 0.000137367
65518: 0.000137365
65519: 0.000137363
65520: 0.000137361
65521: 0.000137358
65522: 0.000137356
65523: 0.000137354
65524: 0.000137352
65525: 0.00013735
65526: 0.000137348
65527: 0.000137346
65528: 0.000137344
65529: 0.000137342
65530: 0.00013734
65531: 0.000137337
65532: 0.000137335
65533: 0.000137333
65534: 0.000137331
65535: 0.000137329
65536: 0.000137327
65537: 0.000137325
65538: 0.000137323
65539: 0.000137321
65540: 0.000137319
65541: 0.000137317
65542: 0.000137314
65543: 0.000137312
65544: 0.00013731
65545: 0.000137308
65546: 0.000137306
65547: 0.000137304
65548: 0.000137302
65549: 0.0001373
65550: 0.000137298
65551: 0.000137296
65552: 0.000137293
65553: 0.000137291
65554: 0.000137289
65555: 0.000137287
65556: 0.000137285
65557: 0.000137283
65558: 0.000137281
65559: 0.000137279
65560: 0.000137277
65561: 0.000137275
65562: 0.000137273
65563: 0.00013727
65564: 0.000137268
65565: 0.000137266
65566: 0.000137264
65567: 0.000137262
65568: 0.00013726
65569: 0.000137258
65570: 0.000137256
65571: 0.000137254
65572: 0.000137252
65573: 0.00013725
65574: 0.000137247
65575: 0.000137245
65576: 0.000137243
65577: 0.000137241
65578: 0.000137239
65579: 0.000137237
65580: 0.000137235
65581: 0.000137233
65582: 0.000137231
65583: 0.000137229
65584: 0.000137226
65585: 0.000137224
65586: 0.000137222
65587: 0.00013722
65588: 0.000137218
65589: 0.000137216
65590: 0.000137214
65591: 0.000137212
65592: 0.00013721
65593: 0.000137208
65594: 0.000137206
65595: 0.000137203
65596: 0.000137201
65597: 0.000137199
65598: 0.000137197
65599: 0.000137195
65600: 0.000137193
65601: 0.000137191
65602: 0.000137189
65603: 0.000137187
65604: 0.000137185
65605: 0.000137183
65606: 0.00013718
65607: 0.000137178
65608: 0.000137176
65609: 0.000137174
65610: 0.000137172
65611: 0.00013717
65612: 0.000137168
65613: 0.000137166
65614: 0.000137164
65615: 0.000137162
65616: 0.00013716
65617: 0.000137157
65618: 0.000137155
65619: 0.000137153
65620: 0.000137151
65621: 0.000137149
65622: 0.000137147
65623: 0.000137145
65624: 0.000137143
65625: 0.000137141
65626: 0.000137139
65627: 0.000137137
65628: 0.000137134
65629: 0.000137132
65630: 0.00013713
65631: 0.000137128
65632: 0.000137126
65633: 0.000137124
65634: 0.000137122
65635: 0.00013712
65636: 0.000137118
65637: 0.000137116
65638: 0.000137114
65639: 0.000137112
65640: 0.000137109
65641: 0.000137107
65642: 0.000137105
65643: 0.000137103
65644: 0.000137101
65645: 0.000137099
65646: 0.000137097
65647: 0.000137095
65648: 0.000137093
65649: 0.000137091
65650: 0.000137089
65651: 0.000137086
65652: 0.000137084
65653: 0.000137082
65654: 0.00013708
65655: 0.000137078
65656: 0.000137076
65657: 0.000137074
65658: 0.000137072
65659: 0.00013707
65660: 0.000137068
65661: 0.000137066
65662: 0.000137063
65663: 0.000137061
65664: 0.000137059
65665: 0.000137057
65666: 0.000137055
65667: 0.000137053
65668: 0.000137051
65669: 0.000137049
65670: 0.000137047
65671: 0.000137045
65672: 0.000137043
65673: 0.000137041
65674: 0.000137038
65675: 0.000137036
65676: 0.000137034
65677: 0.000137032
65678: 0.00013703
65679: 0.000137028
65680: 0.000137026
65681: 0.000137024
65682: 0.000137022
65683: 0.00013702
65684: 0.000137018
65685: 0.000137015
65686: 0.000137013
65687: 0.000137011
65688: 0.000137009
65689: 0.000137007
65690: 0.000137005
65691: 0.000137003
65692: 0.000137001
65693: 0.000136999
65694: 0.000136997
65695: 0.000136995
65696: 0.000136993
65697: 0.00013699
65698: 0.000136988
65699: 0.000136986
65700: 0.000136984
65701: 0.000136982
65702: 0.00013698
65703: 0.000136978
65704: 0.000136976
65705: 0.000136974
65706: 0.000136972
65707: 0.00013697
65708: 0.000136968
65709: 0.000136965
65710: 0.000136963
65711: 0.000136961
65712: 0.000136959
65713: 0.000136957
65714: 0.000136955
65715: 0.000136953
65716: 0.000136951
65717: 0.000136949
65718: 0.000136947
65719: 0.000136945
65720: 0.000136943
65721: 0.00013694
65722: 0.000136938
65723: 0.000136936
65724: 0.000136934
65725: 0.000136932
65726: 0.00013693
65727: 0.000136928
65728: 0.000136926
65729: 0.000136924
65730: 0.000136922
65731: 0.00013692
65732: 0.000136918
65733: 0.000136915
65734: 0.000136913
65735: 0.000136911
65736: 0.000136909
65737: 0.000136907
65738: 0.000136905
65739: 0.000136903
65740: 0.000136901
65741: 0.000136899
65742: 0.000136897
65743: 0.000136895
65744: 0.000136893
65745: 0.00013689
65746: 0.000136888
65747: 0.000136886
65748: 0.000136884
65749: 0.000136882
65750: 0.00013688
65751: 0.000136878
65752: 0.000136876
65753: 0.000136874
65754: 0.000136872
65755: 0.00013687
65756: 0.000136868
65757: 0.000136865
65758: 0.000136863
65759: 0.000136861
65760: 0.000136859
65761: 0.000136857
65762: 0.000136855
65763: 0.000136853
65764: 0.000136851
65765: 0.000136849
65766: 0.000136847
65767: 0.000136845
65768: 0.000136843
65769: 0.000136841
65770: 0.000136838
65771: 0.000136836
65772: 0.000136834
65773: 0.000136832
65774: 0.00013683
65775: 0.000136828
65776: 0.000136826
65777: 0.000136824
65778: 0.000136822
65779: 0.00013682
65780: 0.000136818
65781: 0.000136816
65782: 0.000136813
65783: 0.000136811
65784: 0.000136809
65785: 0.000136807
65786: 0.000136805
65787: 0.000136803
65788: 0.000136801
65789: 0.000136799
65790: 0.000136797
65791: 0.000136795
65792: 0.000136793
65793: 0.000136791
65794: 0.000136789
65795: 0.000136786
65796: 0.000136784
65797: 0.000136782
65798: 0.00013678
65799: 0.000136778
65800: 0.000136776
65801: 0.000136774
65802: 0.000136772
65803: 0.00013677
65804: 0.000136768
65805: 0.000136766
65806: 0.000136764
65807: 0.000136761
65808: 0.000136759
65809: 0.000136757
65810: 0.000136755
65811: 0.000136753
65812: 0.000136751
65813: 0.000136749
65814: 0.000136747
65815: 0.000136745
65816: 0.000136743
65817: 0.000136741
65818: 0.000136739
65819: 0.000136737
65820: 0.000136734
65821: 0.000136732
65822: 0.00013673
65823: 0.000136728
65824: 0.000136726
65825: 0.000136724
65826: 0.000136722
65827: 0.00013672
65828: 0.000136718
65829: 0.000136716
65830: 0.000136714
65831: 0.000136712
65832: 0.00013671
65833: 0.000136707
65834: 0.000136705
65835: 0.000136703
65836: 0.000136701
65837: 0.000136699
65838: 0.000136697
65839: 0.000136695
65840: 0.000136693
65841: 0.000136691
65842: 0.000136689
65843: 0.000136687
65844: 0.000136685
65845: 0.000136683
65846: 0.00013668
65847: 0.000136678
65848: 0.000136676
65849: 0.000136674
65850: 0.000136672
65851: 0.00013667
65852: 0.000136668
65853: 0.000136666
65854: 0.000136664
65855: 0.000136662
65856: 0.00013666
65857: 0.000136658
65858: 0.000136656
65859: 0.000136654
65860: 0.000136651
65861: 0.000136649
65862: 0.000136647
65863: 0.000136645
65864: 0.000136643
65865: 0.000136641
65866: 0.000136639
65867: 0.000136637
65868: 0.000136635
65869: 0.000136633
65870: 0.000136631
65871: 0.000136629
65872: 0.000136627
65873: 0.000136624
65874: 0.000136622
65875: 0.00013662
65876: 0.000136618
65877: 0.000136616
65878: 0.000136614
65879: 0.000136612
65880: 0.00013661
65881: 0.000136608
65882: 0.000136606
65883: 0.000136604
65884: 0.000136602
65885: 0.0001366
65886: 0.000136598
65887: 0.000136595
65888: 0.000136593
65889: 0.000136591
65890: 0.000136589
65891: 0.000136587
65892: 0.000136585
65893: 0.000136583
65894: 0.000136581
65895: 0.000136579
65896: 0.000136577
65897: 0.000136575
65898: 0.000136573
65899: 0.000136571
65900: 0.000136568
65901: 0.000136566
65902: 0.000136564
65903: 0.000136562
65904: 0.00013656
65905: 0.000136558
65906: 0.000136556
65907: 0.000136554
65908: 0.000136552
65909: 0.00013655
65910: 0.000136548
65911: 0.000136546
65912: 0.000136544
65913: 0.000136542
65914: 0.000136539
65915: 0.000136537
65916: 0.000136535
65917: 0.000136533
65918: 0.000136531
65919: 0.000136529
65920: 0.000136527
65921: 0.000136525
65922: 0.000136523
65923: 0.000136521
65924: 0.000136519
65925: 0.000136517
65926: 0.000136515
65927: 0.000136513
65928: 0.00013651
65929: 0.000136508
65930: 0.000136506
65931: 0.000136504
65932: 0.000136502
65933: 0.0001365
65934: 0.000136498
65935: 0.000136496
65936: 0.000136494
65937: 0.000136492
65938: 0.00013649
65939: 0.000136488
65940: 0.000136486
65941: 0.000136484
65942: 0.000136482
65943: 0.000136479
65944: 0.000136477
65945: 0.000136475
65946: 0.000136473
65947: 0.000136471
65948: 0.000136469
65949: 0.000136467
65950: 0.000136465
65951: 0.000136463
65952: 0.000136461
65953: 0.000136459
65954: 0.000136457
65955: 0.000136455
65956: 0.000136453
65957: 0.00013645
65958: 0.000136448
65959: 0.000136446
65960: 0.000136444
65961: 0.000136442
65962: 0.00013644
65963: 0.000136438
65964: 0.000136436
65965: 0.000136434
65966: 0.000136432
65967: 0.00013643
65968: 0.000136428
65969: 0.000136426
65970: 0.000136424
65971: 0.000136422
65972: 0.000136419
65973: 0.000136417
65974: 0.000136415
65975: 0.000136413
65976: 0.000136411
65977: 0.000136409
65978: 0.000136407
65979: 0.000136405
65980: 0.000136403
65981: 0.000136401
65982: 0.000136399
65983: 0.000136397
65984: 0.000136395
65985: 0.000136393
65986: 0.000136391
65987: 0.000136388
65988: 0.000136386
65989: 0.000136384
65990: 0.000136382
65991: 0.00013638
65992: 0.000136378
65993: 0.000136376
65994: 0.000136374
65995: 0.000136372
65996: 0.00013637
65997: 0.000136368
65998: 0.000136366
65999: 0.000136364
66000: 0.000136362
66001: 0.00013636
66002: 0.000136357
66003: 0.000136355
66004: 0.000136353
66005: 0.000136351
66006: 0.000136349
66007: 0.000136347
66008: 0.000136345
66009: 0.000136343
66010: 0.000136341
66011: 0.000136339
66012: 0.000136337
66013: 0.000136335
66014: 0.000136333
66015: 0.000136331
66016: 0.000136329
66017: 0.000136326
66018: 0.000136324
66019: 0.000136322
66020: 0.00013632
66021: 0.000136318
66022: 0.000136316
66023: 0.000136314
66024: 0.000136312
66025: 0.00013631
66026: 0.000136308
66027: 0.000136306
66028: 0.000136304
66029: 0.000136302
66030: 0.0001363
66031: 0.000136298
66032: 0.000136295
66033: 0.000136293
66034: 0.000136291
66035: 0.000136289
66036: 0.000136287
66037: 0.000136285
66038: 0.000136283
66039: 0.000136281
66040: 0.000136279
66041: 0.000136277
66042: 0.000136275
66043: 0.000136273
66044: 0.000136271
66045: 0.000136269
66046: 0.000136267
66047: 0.000136265
66048: 0.000136262
66049: 0.00013626
66050: 0.000136258
66051: 0.000136256
66052: 0.000136254
66053: 0.000136252
66054: 0.00013625
66055: 0.000136248
66056: 0.000136246
66057: 0.000136244
66058: 0.000136242
66059: 0.00013624
66060: 0.000136238
66061: 0.000136236
66062: 0.000136234
66063: 0.000136232
66064: 0.000136229
66065: 0.000136227
66066: 0.000136225
66067: 0.000136223
66068: 0.000136221
66069: 0.000136219
66070: 0.000136217
66071: 0.000136215
66072: 0.000136213
66073: 0.000136211
66074: 0.000136209
66075: 0.000136207
66076: 0.000136205
66077: 0.000136203
66078: 0.000136201
66079: 0.000136199
66080: 0.000136196
66081: 0.000136194
66082: 0.000136192
66083: 0.00013619
66084: 0.000136188
66085: 0.000136186
66086: 0.000136184
66087: 0.000136182
66088: 0.00013618
66089: 0.000136178
66090: 0.000136176
66091: 0.000136174
66092: 0.000136172
66093: 0.00013617
66094: 0.000136168
66095: 0.000136166
66096: 0.000136164
66097: 0.000136161
66098: 0.000136159
66099: 0.000136157
66100: 0.000136155
66101: 0.000136153
66102: 0.000136151
66103: 0.000136149
66104: 0.000136147
66105: 0.000136145
66106: 0.000136143
66107: 0.000136141
66108: 0.000136139
66109: 0.000136137
66110: 0.000136135
66111: 0.000136133
66112: 0.000136131
66113: 0.000136129
66114: 0.000136126
66115: 0.000136124
66116: 0.000136122
66117: 0.00013612
66118: 0.000136118
66119: 0.000136116
66120: 0.000136114
66121: 0.000136112
66122: 0.00013611
66123: 0.000136108
66124: 0.000136106
66125: 0.000136104
66126: 0.000136102
66127: 0.0001361
66128: 0.000136098
66129: 0.000136096
66130: 0.000136094
66131: 0.000136091
66132: 0.000136089
66133: 0.000136087
66134: 0.000136085
66135: 0.000136083
66136: 0.000136081
66137: 0.000136079
66138: 0.000136077
66139: 0.000136075
66140: 0.000136073
66141: 0.000136071
66142: 0.000136069
66143: 0.000136067
66144: 0.000136065
66145: 0.000136063
66146: 0.000136061
66147: 0.000136059
66148: 0.000136056
66149: 0.000136054
66150: 0.000136052
66151: 0.00013605
66152: 0.000136048
66153: 0.000136046
66154: 0.000136044
66155: 0.000136042
66156: 0.00013604
66157: 0.000136038
66158: 0.000136036
66159: 0.000136034
66160: 0.000136032
66161: 0.00013603
66162: 0.000136028
66163: 0.000136026
66164: 0.000136024
66165: 0.000136022
66166: 0.000136019
66167: 0.000136017
66168: 0.000136015
66169: 0.000136013
66170: 0.000136011
66171: 0.000136009
66172: 0.000136007
66173: 0.000136005
66174: 0.000136003
66175: 0.000136001
66176: 0.000135999
66177: 0.000135997
66178: 0.000135995
66179: 0.000135993
66180: 0.000135991
66181: 0.000135989
66182: 0.000135987
66183: 0.000135985
66184: 0.000135982
66185: 0.00013598
66186: 0.000135978
66187: 0.000135976
66188: 0.000135974
66189: 0.000135972
66190: 0.00013597
66191: 0.000135968
66192: 0.000135966
66193: 0.000135964
66194: 0.000135962
66195: 0.00013596
66196: 0.000135958
66197: 0.000135956
66198: 0.000135954
66199: 0.000135952
66200: 0.00013595
66201: 0.000135948
66202: 0.000135946
66203: 0.000135943
66204: 0.000135941
66205: 0.000135939
66206: 0.000135937
66207: 0.000135935
66208: 0.000135933
66209: 0.000135931
66210: 0.000135929
66211: 0.000135927
66212: 0.000135925
66213: 0.000135923
66214: 0.000135921
66215: 0.000135919
66216: 0.000135917
66217: 0.000135915
66218: 0.000135913
66219: 0.000135911
66220: 0.000135909
66221: 0.000135906
66222: 0.000135904
66223: 0.000135902
66224: 0.0001359
66225: 0.000135898
66226: 0.000135896
66227: 0.000135894
66228: 0.000135892
66229: 0.00013589
66230: 0.000135888
66231: 0.000135886
66232: 0.000135884
66233: 0.000135882
66234: 0.00013588
66235: 0.000135878
66236: 0.000135876
66237: 0.000135874
66238: 0.000135872
66239: 0.00013587
66240: 0.000135868
66241: 0.000135865
66242: 0.000135863
66243: 0.000135861
66244: 0.000135859
66245: 0.000135857
66246: 0.000135855
66247: 0.000135853
66248: 0.000135851
66249: 0.000135849
66250: 0.000135847
66251: 0.000135845
66252: 0.000135843
66253: 0.000135841
66254: 0.000135839
66255: 0.000135837
66256: 0.000135835
66257: 0.000135833
66258: 0.000135831
66259: 0.000135829
66260: 0.000135827
66261: 0.000135824
66262: 0.000135822
66263: 0.00013582
66264: 0.000135818
66265: 0.000135816
66266: 0.000135814
66267: 0.000135812
66268: 0.00013581
66269: 0.000135808
66270: 0.000135806
66271: 0.000135804
66272: 0.000135802
66273: 0.0001358
66274: 0.000135798
66275: 0.000135796
66276: 0.000135794
66277: 0.000135792
66278: 0.00013579
66279: 0.000135788
66280: 0.000135786
66281: 0.000135783
66282: 0.000135781
66283: 0.000135779
66284: 0.000135777
66285: 0.000135775
66286: 0.000135773
66287: 0.000135771
66288: 0.000135769
66289: 0.000135767
66290: 0.000135765
66291: 0.000135763
66292: 0.000135761
66293: 0.000135759
66294: 0.000135757
66295: 0.000135755
66296: 0.000135753
66297: 0.000135751
66298: 0.000135749
66299: 0.000135747
66300: 0.000135745
66301: 0.000135743
66302: 0.00013574
66303: 0.000135738
66304: 0.000135736
66305: 0.000135734
66306: 0.000135732
66307: 0.00013573
66308: 0.000135728
66309: 0.000135726
66310: 0.000135724
66311: 0.000135722
66312: 0.00013572
66313: 0.000135718
66314: 0.000135716
66315: 0.000135714
66316: 0.000135712
66317: 0.00013571
66318: 0.000135708
66319: 0.000135706
66320: 0.000135704
66321: 0.000135702
66322: 0.0001357
66323: 0.000135697
66324: 0.000135695
66325: 0.000135693
66326: 0.000135691
66327: 0.000135689
66328: 0.000135687
66329: 0.000135685
66330: 0.000135683
66331: 0.000135681
66332: 0.000135679
66333: 0.000135677
66334: 0.000135675
66335: 0.000135673
66336: 0.000135671
66337: 0.000135669
66338: 0.000135667
66339: 0.000135665
66340: 0.000135663
66341: 0.000135661
66342: 0.000135659
66343: 0.000135657
66344: 0.000135655
66345: 0.000135652
66346: 0.00013565
66347: 0.000135648
66348: 0.000135646
66349: 0.000135644
66350: 0.000135642
66351: 0.00013564
66352: 0.000135638
66353: 0.000135636
66354: 0.000135634
66355: 0.000135632
66356: 0.00013563
66357: 0.000135628
66358: 0.000135626
66359: 0.000135624
66360: 0.000135622
66361: 0.00013562
66362: 0.000135618
66363: 0.000135616
66364: 0.000135614
66365: 0.000135612
66366: 0.00013561
66367: 0.000135608
66368: 0.000135605
66369: 0.000135603
66370: 0.000135601
66371: 0.000135599
66372: 0.000135597
66373: 0.000135595
66374: 0.000135593
66375: 0.000135591
66376: 0.000135589
66377: 0.000135587
66378: 0.000135585
66379: 0.000135583
66380: 0.000135581
66381: 0.000135579
66382: 0.000135577
66383: 0.000135575
66384: 0.000135573
66385: 0.000135571
66386: 0.000135569
66387: 0.000135567
66388: 0.000135565
66389: 0.000135563
66390: 0.000135561
66391: 0.000135559
66392: 0.000135556
66393: 0.000135554
66394: 0.000135552
66395: 0.00013555
66396: 0.000135548
66397: 0.000135546
66398: 0.000135544
66399: 0.000135542
66400: 0.00013554
66401: 0.000135538
66402: 0.000135536
66403: 0.000135534
66404: 0.000135532
66405: 0.00013553
66406: 0.000135528
66407: 0.000135526
66408: 0.000135524
66409: 0.000135522
66410: 0.00013552
66411: 0.000135518
66412: 0.000135516
66413: 0.000135514
66414: 0.000135512
66415: 0.00013551
66416: 0.000135507
66417: 0.000135505
66418: 0.000135503
66419: 0.000135501
66420: 0.000135499
66421: 0.000135497
66422: 0.000135495
66423: 0.000135493
66424: 0.000135491
66425: 0.000135489
66426: 0.000135487
66427: 0.000135485
66428: 0.000135483
66429: 0.000135481
66430: 0.000135479
66431: 0.000135477
66432: 0.000135475
66433: 0.000135473
66434: 0.000135471
66435: 0.000135469
66436: 0.000135467
66437: 0.000135465
66438: 0.000135463
66439: 0.000135461
66440: 0.000135459
66441: 0.000135456
66442: 0.000135454
66443: 0.000135452
66444: 0.00013545
66445: 0.000135448
66446: 0.000135446
66447: 0.000135444
66448: 0.000135442
66449: 0.00013544
66450: 0.000135438
66451: 0.000135436
66452: 0.000135434
66453: 0.000135432
66454: 0.00013543
66455: 0.000135428
66456: 0.000135426
66457: 0.000135424
66458: 0.000135422
66459: 0.00013542
66460: 0.000135418
66461: 0.000135416
66462: 0.000135414
66463: 0.000135412
66464: 0.00013541
66465: 0.000135408
66466: 0.000135406
66467: 0.000135404
66468: 0.000135401
66469: 0.000135399
66470: 0.000135397
66471: 0.000135395
66472: 0.000135393
66473: 0.000135391
66474: 0.000135389
66475: 0.000135387
66476: 0.000135385
66477: 0.000135383
66478: 0.000135381
66479: 0.000135379
66480: 0.000135377
66481: 0.000135375
66482: 0.000135373
66483: 0.000135371
66484: 0.000135369
66485: 0.000135367
66486: 0.000135365
66487: 0.000135363
66488: 0.000135361
66489: 0.000135359
66490: 0.000135357
66491: 0.000135355
66492: 0.000135353
66493: 0.000135351
66494: 0.000135349
66495: 0.000135346
66496: 0.000135344
66497: 0.000135342
66498: 0.00013534
66499: 0.000135338
66500: 0.000135336
66501: 0.000135334
66502: 0.000135332
66503: 0.00013533
66504: 0.000135328
66505: 0.000135326
66506: 0.000135324
66507: 0.000135322
66508: 0.00013532
66509: 0.000135318
66510: 0.000135316
66511: 0.000135314
66512: 0.000135312
66513: 0.00013531
66514: 0.000135308
66515: 0.000135306
66516: 0.000135304
66517: 0.000135302
66518: 0.0001353
66519: 0.000135298
66520: 0.000135296
66521: 0.000135294
66522: 0.000135292
66523: 0.00013529
66524: 0.000135287
66525: 0.000135285
66526: 0.000135283
66527: 0.000135281
66528: 0.000135279
66529: 0.000135277
66530: 0.000135275
66531: 0.000135273
66532: 0.000135271
66533: 0.000135269
66534: 0.000135267
66535: 0.000135265
66536: 0.000135263
66537: 0.000135261
66538: 0.000135259
66539: 0.000135257
66540: 0.000135255
66541: 0.000135253
66542: 0.000135251
66543: 0.000135249
66544: 0.000135247
66545: 0.000135245
66546: 0.000135243
66547: 0.000135241
66548: 0.000135239
66549: 0.000135237
66550: 0.000135235
66551: 0.000135233
66552: 0.000135231
66553: 0.000135229
66554: 0.000135227
66555: 0.000135224
66556: 0.000135222
66557: 0.00013522
66558: 0.000135218
66559: 0.000135216
66560: 0.000135214
66561: 0.000135212
66562: 0.00013521
66563: 0.000135208
66564: 0.000135206
66565: 0.000135204
66566: 0.000135202
66567: 0.0001352
66568: 0.000135198
66569: 0.000135196
66570: 0.000135194
66571: 0.000135192
66572: 0.00013519
66573: 0.000135188
66574: 0.000135186
66575: 0.000135184
66576: 0.000135182
66577: 0.00013518
66578: 0.000135178
66579: 0.000135176
66580: 0.000135174
66581: 0.000135172
66582: 0.00013517
66583: 0.000135168
66584: 0.000135166
66585: 0.000135164
66586: 0.000135162
66587: 0.000135159
66588: 0.000135157
66589: 0.000135155
66590: 0.000135153
66591: 0.000135151
66592: 0.000135149
66593: 0.000135147
66594: 0.000135145
66595: 0.000135143
66596: 0.000135141
66597: 0.000135139
66598: 0.000135137
66599: 0.000135135
66600: 0.000135133
66601: 0.000135131
66602: 0.000135129
66603: 0.000135127
66604: 0.000135125
66605: 0.000135123
66606: 0.000135121
66607: 0.000135119
66608: 0.000135117
66609: 0.000135115
66610: 0.000135113
66611: 0.000135111
66612: 0.000135109
66613: 0.000135107
66614: 0.000135105
66615: 0.000135103
66616: 0.000135101
66617: 0.000135099
66618: 0.000135097
66619: 0.000135095
66620: 0.000135093
66621: 0.000135091
66622: 0.000135088
66623: 0.000135086
66624: 0.000135084
66625: 0.000135082
66626: 0.00013508
66627: 0.000135078
66628: 0.000135076
66629: 0.000135074
66630: 0.000135072
66631: 0.00013507
66632: 0.000135068
66633: 0.000135066
66634: 0.000135064
66635: 0.000135062
66636: 0.00013506
66637: 0.000135058
66638: 0.000135056
66639: 0.000135054
66640: 0.000135052
66641: 0.00013505
66642: 0.000135048
66643: 0.000135046
66644: 0.000135044
66645: 0.000135042
66646: 0.00013504
66647: 0.000135038
66648: 0.000135036
66649: 0.000135034
66650: 0.000135032
66651: 0.00013503
66652: 0.000135028
66653: 0.000135026
66654: 0.000135024
66655: 0.000135022
66656: 0.00013502
66657: 0.000135018
66658: 0.000135016
66659: 0.000135014
66660: 0.000135011
66661: 0.000135009
66662: 0.000135007
66663: 0.000135005
66664: 0.000135003
66665: 0.000135001
66666: 0.000134999
66667: 0.000134997
66668: 0.000134995
66669: 0.000134993
66670: 0.000134991
66671: 0.000134989
66672: 0.000134987
66673: 0.000134985
66674: 0.000134983
66675: 0.000134981
66676: 0.000134979
66677: 0.000134977
66678: 0.000134975
66679: 0.000134973
66680: 0.000134971
66681: 0.000134969
66682: 0.000134967
66683: 0.000134965
66684: 0.000134963
66685: 0.000134961
66686: 0.000134959
66687: 0.000134957
66688: 0.000134955
66689: 0.000134953
66690: 0.000134951
66691: 0.000134949
66692: 0.000134947
66693: 0.000134945
66694: 0.000134943
66695: 0.000134941
66696: 0.000134939
66697: 0.000134937
66698: 0.000134935
66699: 0.000134933
66700: 0.000134931
66701: 0.000134928
66702: 0.000134926
66703: 0.000134924
66704: 0.000134922
66705: 0.00013492
66706: 0.000134918
66707: 0.000134916
66708: 0.000134914
66709: 0.000134912
66710: 0.00013491
66711: 0.000134908
66712: 0.000134906
66713: 0.000134904
66714: 0.000134902
66715: 0.0001349
66716: 0.000134898
66717: 0.000134896
66718: 0.000134894
66719: 0.000134892
66720: 0.00013489
66721: 0.000134888
66722: 0.000134886
66723: 0.000134884
66724: 0.000134882
66725: 0.00013488
66726: 0.000134878
66727: 0.000134876
66728: 0.000134874
66729: 0.000134872
66730: 0.00013487
66731: 0.000134868
66732: 0.000134866
66733: 0.000134864
66734: 0.000134862
66735: 0.00013486
66736: 0.000134858
66737: 0.000134856
66738: 0.000134854
66739: 0.000134852
66740: 0.00013485
66741: 0.000134848
66742: 0.000134846
66743: 0.000134844
66744: 0.000134842
66745: 0.00013484
66746: 0.000134838
66747: 0.000134836
66748: 0.000134833
66749: 0.000134831
66750: 0.000134829
66751: 0.000134827
66752: 0.000134825
66753: 0.000134823
66754: 0.000134821
66755: 0.000134819
66756: 0.000134817
66757: 0.000134815
66758: 0.000134813
66759: 0.000134811
66760: 0.000134809
66761: 0.000134807
66762: 0.000134805
66763: 0.000134803
66764: 0.000134801
66765: 0.000134799
66766: 0.000134797
66767: 0.000134795
66768: 0.000134793
66769: 0.000134791
66770: 0.000134789
66771: 0.000134787
66772: 0.000134785
66773: 0.000134783
66774: 0.000134781
66775: 0.000134779
66776: 0.000134777
66777: 0.000134775
66778: 0.000134773
66779: 0.000134771
66780: 0.000134769
66781: 0.000134767
66782: 0.000134765
66783: 0.000134763
66784: 0.000134761
66785: 0.000134759
66786: 0.000134757
66787: 0.000134755
66788: 0.000134753
66789: 0.000134751
66790: 0.000134749
66791: 0.000134747
66792: 0.000134745
66793: 0.000134743
66794: 0.000134741
66795: 0.000134739
66796: 0.000134737
66797: 0.000134735
66798: 0.000134733
66799: 0.000134731
66800: 0.000134729
66801: 0.000134727
66802: 0.000134724
66803: 0.000134722
66804: 0.00013472
66805: 0.000134718
66806: 0.000134716
66807: 0.000134714
66808: 0.000134712
66809: 0.00013471
66810: 0.000134708
66811: 0.000134706
66812: 0.000134704
66813: 0.000134702
66814: 0.0001347
66815: 0.000134698
66816: 0.000134696
66817: 0.000134694
66818: 0.000134692
66819: 0.00013469
66820: 0.000134688
66821: 0.000134686
66822: 0.000134684
66823: 0.000134682
66824: 0.00013468
66825: 0.000134678
66826: 0.000134676
66827: 0.000134674
66828: 0.000134672
66829: 0.00013467
66830: 0.000134668
66831: 0.000134666
66832: 0.000134664
66833: 0.000134662
66834: 0.00013466
66835: 0.000134658
66836: 0.000134656
66837: 0.000134654
66838: 0.000134652
66839: 0.00013465
66840: 0.000134648
66841: 0.000134646
66842: 0.000134644
66843: 0.000134642
66844: 0.00013464
66845: 0.000134638
66846: 0.000134636
66847: 0.000134634
66848: 0.000134632
66849: 0.00013463
66850: 0.000134628
66851: 0.000134626
66852: 0.000134624
66853: 0.000134622
66854: 0.00013462
66855: 0.000134618
66856: 0.000134616
66857: 0.000134614
66858: 0.000134612
66859: 0.00013461
66860: 0.000134608
66861: 0.000134606
66862: 0.000134604
66863: 0.000134602
66864: 0.0001346
66865: 0.000134598
66866: 0.000134596
66867: 0.000134594
66868: 0.000134592
66869: 0.00013459
66870: 0.000134587
66871: 0.000134585
66872: 0.000134583
66873: 0.000134581
66874: 0.000134579
66875: 0.000134577
66876: 0.000134575
66877: 0.000134573
66878: 0.000134571
66879: 0.000134569
66880: 0.000134567
66881: 0.000134565
66882: 0.000134563
66883: 0.000134561
66884: 0.000134559
66885: 0.000134557
66886: 0.000134555
66887: 0.000134553
66888: 0.000134551
66889: 0.000134549
66890: 0.000134547
66891: 0.000134545
66892: 0.000134543
66893: 0.000134541
66894: 0.000134539
66895: 0.000134537
66896: 0.000134535
66897: 0.000134533
66898: 0.000134531
66899: 0.000134529
66900: 0.000134527
66901: 0.000134525
66902: 0.000134523
66903: 0.000134521
66904: 0.000134519
66905: 0.000134517
66906: 0.000134515
66907: 0.000134513
66908: 0.000134511
66909: 0.000134509
66910: 0.000134507
66911: 0.000134505
66912: 0.000134503
66913: 0.000134501
66914: 0.000134499
66915: 0.000134497
66916: 0.000134495
66917: 0.000134493
66918: 0.000134491
66919: 0.000134489
66920: 0.000134487
66921: 0.000134485
66922: 0.000134483
66923: 0.000134481
66924: 0.000134479
66925: 0.000134477
66926: 0.000134475
66927: 0.000134473
66928: 0.000134471
66929: 0.000134469
66930: 0.000134467
66931: 0.000134465
66932: 0.000134463
66933: 0.000134461
66934: 0.000134459
66935: 0.000134457
66936: 0.000134455
66937: 0.000134453
66938: 0.000134451
66939: 0.000134449
66940: 0.000134447
66941: 0.000134445
66942: 0.000134443
66943: 0.000134441
66944: 0.000134439
66945: 0.000134437
66946: 0.000134435
66947: 0.000134433
66948: 0.000134431
66949: 0.000134429
66950: 0.000134427
66951: 0.000134425
66952: 0.000134423
66953: 0.000134421
66954: 0.000134419
66955: 0.000134417
66956: 0.000134415
66957: 0.000134413
66958: 0.000134411
66959: 0.000134409
66960: 0.000134407
66961: 0.000134405
66962: 0.000134403
66963: 0.000134401
66964: 0.000134399
66965: 0.000134397
66966: 0.000134395
66967: 0.000134393
66968: 0.000134391
66969: 0.000134389
66970: 0.000134387
66971: 0.000134385
66972: 0.000134383
66973: 0.000134381
66974: 0.000134378
66975: 0.000134376
66976: 0.000134374
66977: 0.000134372
66978: 0.00013437
66979: 0.000134368
66980: 0.000134366
66981: 0.000134364
66982: 0.000134362
66983: 0.00013436
66984: 0.000134358
66985: 0.000134356
66986: 0.000134354
66987: 0.000134352
66988: 0.00013435
66989: 0.000134348
66990: 0.000134346
66991: 0.000134344
66992: 0.000134342
66993: 0.00013434
66994: 0.000134338
66995: 0.000134336
66996: 0.000134334
66997: 0.000134332
66998: 0.00013433
66999: 0.000134328
67000: 0.000134326
67001: 0.000134324
67002: 0.000134322
67003: 0.00013432
67004: 0.000134318
67005: 0.000134316
67006: 0.000134314
67007: 0.000134312
67008: 0.00013431
67009: 0.000134308
67010: 0.000134306
67011: 0.000134304
67012: 0.000134302
67013: 0.0001343
67014: 0.000134298
67015: 0.000134296
67016: 0.000134294
67017: 0.000134292
67018: 0.00013429
67019: 0.000134288
67020: 0.000134286
67021: 0.000134284
67022: 0.000134282
67023: 0.00013428
67024: 0.000134278
67025: 0.000134276
67026: 0.000134274
67027: 0.000134272
67028: 0.00013427
67029: 0.000134268
67030: 0.000134266
67031: 0.000134264
67032: 0.000134262
67033: 0.00013426
67034: 0.000134258
67035: 0.000134256
67036: 0.000134254
67037: 0.000134252
67038: 0.00013425
67039: 0.000134248
67040: 0.000134246
67041: 0.000134244
67042: 0.000134242
67043: 0.00013424
67044: 0.000134238
67045: 0.000134236
67046: 0.000134234
67047: 0.000134232
67048: 0.00013423
67049: 0.000134228
67050: 0.000134226
67051: 0.000134224
67052: 0.000134222
67053: 0.00013422
67054: 0.000134218
67055: 0.000134216
67056: 0.000134214
67057: 0.000134212
67058: 0.00013421
67059: 0.000134208
67060: 0.000134206
67061: 0.000134204
67062: 0.000134202
67063: 0.0001342
67064: 0.000134198
67065: 0.000134196
67066: 0.000134194
67067: 0.000134192
67068: 0.00013419
67069: 0.000134188
67070: 0.000134186
67071: 0.000134184
67072: 0.000134182
67073: 0.00013418
67074: 0.000134178
67075: 0.000134176
67076: 0.000134174
67077: 0.000134172
67078: 0.00013417
67079: 0.000134168
67080: 0.000134166
67081: 0.000134164
67082: 0.000134162
67083: 0.00013416
67084: 0.000134158
67085: 0.000134156
67086: 0.000134154
67087: 0.000134152
67088: 0.00013415
67089: 0.000134148
67090: 0.000134146
67091: 0.000134144
67092: 0.000134142
67093: 0.00013414
67094: 0.000134138
67095: 0.000134136
67096: 0.000134134
67097: 0.000134132
67098: 0.00013413
67099: 0.000134128
67100: 0.000134126
67101: 0.000134124
67102: 0.000134122
67103: 0.00013412
67104: 0.000134118
67105: 0.000134116
67106: 0.000134114
67107: 0.000134112
67108: 0.00013411
67109: 0.000134108
67110: 0.000134106
67111: 0.000134104
67112: 0.000134102
67113: 0.0001341
67114: 0.000134098
67115: 0.000134096
67116: 0.000134094
67117: 0.000134092
67118: 0.00013409
67119: 0.000134088
67120: 0.000134086
67121: 0.000134084
67122: 0.000134082
67123: 0.00013408
67124: 0.000134078
67125: 0.000134076
67126: 0.000134074
67127: 0.000134072
67128: 0.00013407
67129: 0.000134068
67130: 0.000134066
67131: 0.000134064
67132: 0.000134062
67133: 0.00013406
67134: 0.000134058
67135: 0.000134056
67136: 0.000134054
67137: 0.000134052
67138: 0.00013405
67139: 0.000134048
67140: 0.000134046
67141: 0.000134044
67142: 0.000134042
67143: 0.00013404
67144: 0.000134038
67145: 0.000134036
67146: 0.000134034
67147: 0.000134032
67148: 0.00013403
67149: 0.000134028
67150: 0.000134026
67151: 0.000134024
67152: 0.000134022
67153: 0.00013402
67154: 0.000134018
67155: 0.000134016
67156: 0.000134014
67157: 0.000134012
67158: 0.00013401
67159: 0.000134008
67160: 0.000134006
67161: 0.000134004
67162: 0.000134002
67163: 0.000134
67164: 0.000133998
67165: 0.000133996
67166: 0.000133994
67167: 0.000133992
67168: 0.00013399
67169: 0.000133988
67170: 0.000133986
67171: 0.000133984
67172: 0.000133982
67173: 0.00013398
67174: 0.000133978
67175: 0.000133976
67176: 0.000133974
67177: 0.000133972
67178: 0.00013397
67179: 0.000133968
67180: 0.000133966
67181: 0.000133964
67182: 0.000133962
67183: 0.00013396
67184: 0.000133958
67185: 0.000133956
67186: 0.000133954
67187: 0.000133952
67188: 0.00013395
67189: 0.000133949
67190: 0.000133947
67191: 0.000133945
67192: 0.000133943
67193: 0.000133941
67194: 0.000133939
67195: 0.000133937
67196: 0.000133935
67197: 0.000133933
67198: 0.000133931
67199: 0.000133929
67200: 0.000133927
67201: 0.000133925
67202: 0.000133923
67203: 0.000133921
67204: 0.000133919
67205: 0.000133917
67206: 0.000133915
67207: 0.000133913
67208: 0.000133911
67209: 0.000133909
67210: 0.000133907
67211: 0.000133905
67212: 0.000133903
67213: 0.000133901
67214: 0.000133899
67215: 0.000133897
67216: 0.000133895
67217: 0.000133893
67218: 0.000133891
67219: 0.000133889
67220: 0.000133887
67221: 0.000133885
67222: 0.000133883
67223: 0.000133881
67224: 0.000133879
67225: 0.000133877
67226: 0.000133875
67227: 0.000133873
67228: 0.000133871
67229: 0.000133869
67230: 0.000133867
67231: 0.000133865
67232: 0.000133863
67233: 0.000133861
67234: 0.000133859
67235: 0.000133857
67236: 0.000133855
67237: 0.000133853
67238: 0.000133851
67239: 0.000133849
67240: 0.000133847
67241: 0.000133845
67242: 0.000133843
67243: 0.000133841
67244: 0.000133839
67245: 0.000133837
67246: 0.000133835
67247: 0.000133833
67248: 0.000133831
67249: 0.000133829
67250: 0.000133827
67251: 0.000133825
67252: 0.000133823
67253: 0.000133821
67254: 0.000133819
67255: 0.000133817
67256: 0.000133815
67257: 0.000133813
67258: 0.000133811
67259: 0.000133809
67260: 0.000133807
67261: 0.000133805
67262: 0.000133803
67263: 0.000133801
67264: 0.000133799
67265: 0.000133797
67266: 0.000133795
67267: 0.000133793
67268: 0.000133791
67269: 0.000133789
67270: 0.000133787
67271: 0.000133785
67272: 0.000133783
67273: 0.000133781
67274: 0.000133779
67275: 0.000133777
67276: 0.000133775
67277: 0.000133773
67278: 0.000133771
67279: 0.000133769
67280: 0.000133767
67281: 0.000133765
67282: 0.000133763
67283: 0.000133761
67284: 0.000133759
67285: 0.000133757
67286: 0.000133755
67287: 0.000133753
67288: 0.000133751
67289: 0.000133749
67290: 0.000133747
67291: 0.000133745
67292: 0.000133743
67293: 0.000133741
67294: 0.00013374
67295: 0.000133738
67296: 0.000133736
67297: 0.000133734
67298: 0.000133732
67299: 0.00013373
67300: 0.000133728
67301: 0.000133726
67302: 0.000133724
67303: 0.000133722
67304: 0.00013372
67305: 0.000133718
67306: 0.000133716
67307: 0.000133714
67308: 0.000133712
67309: 0.00013371
67310: 0.000133708
67311: 0.000133706
67312: 0.000133704
67313: 0.000133702
67314: 0.0001337
67315: 0.000133698
67316: 0.000133696
67317: 0.000133694
67318: 0.000133692
67319: 0.00013369
67320: 0.000133688
67321: 0.000133686
67322: 0.000133684
67323: 0.000133682
67324: 0.00013368
67325: 0.000133678
67326: 0.000133676
67327: 0.000133674
67328: 0.000133672
67329: 0.00013367
67330: 0.000133668
67331: 0.000133666
67332: 0.000133664
67333: 0.000133662
67334: 0.00013366
67335: 0.000133658
67336: 0.000133656
67337: 0.000133654
67338: 0.000133652
67339: 0.00013365
67340: 0.000133648
67341: 0.000133646
67342: 0.000133644
67343: 0.000133642
67344: 0.00013364
67345: 0.000133638
67346: 0.000133636
67347: 0.000133634
67348: 0.000133632
67349: 0.00013363
67350: 0.000133628
67351: 0.000133626
67352: 0.000133624
67353: 0.000133622
67354: 0.00013362
67355: 0.000133618
67356: 0.000133616
67357: 0.000133614
67358: 0.000133612
67359: 0.00013361
67360: 0.000133608
67361: 0.000133606
67362: 0.000133605
67363: 0.000133603
67364: 0.000133601
67365: 0.000133599
67366: 0.000133597
67367: 0.000133595
67368: 0.000133593
67369: 0.000133591
67370: 0.000133589
67371: 0.000133587
67372: 0.000133585
67373: 0.000133583
67374: 0.000133581
67375: 0.000133579
67376: 0.000133577
67377: 0.000133575
67378: 0.000133573
67379: 0.000133571
67380: 0.000133569
67381: 0.000133567
67382: 0.000133565
67383: 0.000133563
67384: 0.000133561
67385: 0.000133559
67386: 0.000133557
67387: 0.000133555
67388: 0.000133553
67389: 0.000133551
67390: 0.000133549
67391: 0.000133547
67392: 0.000133545
67393: 0.000133543
67394: 0.000133541
67395: 0.000133539
67396: 0.000133537
67397: 0.000133535
67398: 0.000133533
67399: 0.000133531
67400: 0.000133529
67401: 0.000133527
67402: 0.000133525
67403: 0.000133523
67404: 0.000133521
67405: 0.000133519
67406: 0.000133517
67407: 0.000133515
67408: 0.000133513
67409: 0.000133511
67410: 0.000133509
67411: 0.000133507
67412: 0.000133505
67413: 0.000133503
67414: 0.000133501
67415: 0.000133499
67416: 0.000133497
67417: 0.000133496
67418: 0.000133494
67419: 0.000133492
67420: 0.00013349
67421: 0.000133488
67422: 0.000133486
67423: 0.000133484
67424: 0.000133482
67425: 0.00013348
67426: 0.000133478
67427: 0.000133476
67428: 0.000133474
67429: 0.000133472
67430: 0.00013347
67431: 0.000133468
67432: 0.000133466
67433: 0.000133464
67434: 0.000133462
67435: 0.00013346
67436: 0.000133458
67437: 0.000133456
67438: 0.000133454
67439: 0.000133452
67440: 0.00013345
67441: 0.000133448
67442: 0.000133446
67443: 0.000133444
67444: 0.000133442
67445: 0.00013344
67446: 0.000133438
67447: 0.000133436
67448: 0.000133434
67449: 0.000133432
67450: 0.00013343
67451: 0.000133428
67452: 0.000133426
67453: 0.000133424
67454: 0.000133422
67455: 0.00013342
67456: 0.000133418
67457: 0.000133416
67458: 0.000133414
67459: 0.000133412
67460: 0.00013341
67461: 0.000133408
67462: 0.000133406
67463: 0.000133404
67464: 0.000133403
67465: 0.000133401
67466: 0.000133399
67467: 0.000133397
67468: 0.000133395
67469: 0.000133393
67470: 0.000133391
67471: 0.000133389
67472: 0.000133387
67473: 0.000133385
67474: 0.000133383
67475: 0.000133381
67476: 0.000133379
67477: 0.000133377
67478: 0.000133375
67479: 0.000133373
67480: 0.000133371
67481: 0.000133369
67482: 0.000133367
67483: 0.000133365
67484: 0.000133363
67485: 0.000133361
67486: 0.000133359
67487: 0.000133357
67488: 0.000133355
67489: 0.000133353
67490: 0.000133351
67491: 0.000133349
67492: 0.000133347
67493: 0.000133345
67494: 0.000133343
67495: 0.000133341
67496: 0.000133339
67497: 0.000133337
67498: 0.000133335
67499: 0.000133333
67500: 0.000133331
67501: 0.000133329
67502: 0.000133327
67503: 0.000133325
67504: 0.000133323
67505: 0.000133321
67506: 0.00013332
67507: 0.000133318
67508: 0.000133316
67509: 0.000133314
67510: 0.000133312
67511: 0.00013331
67512: 0.000133308
67513: 0.000133306
67514: 0.000133304
67515: 0.000133302
67516: 0.0001333
67517: 0.000133298
67518: 0.000133296
67519: 0.000133294
67520: 0.000133292
67521: 0.00013329
67522: 0.000133288
67523: 0.000133286
67524: 0.000133284
67525: 0.000133282
67526: 0.00013328
67527: 0.000133278
67528: 0.000133276
67529: 0.000133274
67530: 0.000133272
67531: 0.00013327
67532: 0.000133268
67533: 0.000133266
67534: 0.000133264
67535: 0.000133262
67536: 0.00013326
67537: 0.000133258
67538: 0.000133256
67539: 0.000133254
67540: 0.000133252
67541: 0.00013325
67542: 0.000133248
67543: 0.000133246
67544: 0.000133245
67545: 0.000133243
67546: 0.000133241
67547: 0.000133239
67548: 0.000133237
67549: 0.000133235
67550: 0.000133233
67551: 0.000133231
67552: 0.000133229
67553: 0.000133227
67554: 0.000133225
67555: 0.000133223
67556: 0.000133221
67557: 0.000133219
67558: 0.000133217
67559: 0.000133215
67560: 0.000133213
67561: 0.000133211
67562: 0.000133209
67563: 0.000133207
67564: 0.000133205
67565: 0.000133203
67566: 0.000133201
67567: 0.000133199
67568: 0.000133197
67569: 0.000133195
67570: 0.000133193
67571: 0.000133191
67572: 0.000133189
67573: 0.000133187
67574: 0.000133185
67575: 0.000133183
67576: 0.000133181
67577: 0.000133179
67578: 0.000133177
67579: 0.000133175
67580: 0.000133174
67581: 0.000133172
67582: 0.00013317
67583: 0.000133168
67584: 0.000133166
67585: 0.000133164
67586: 0.000133162
67587: 0.00013316
67588: 0.000133158
67589: 0.000133156
67590: 0.000133154
67591: 0.000133152
67592: 0.00013315
67593: 0.000133148
67594: 0.000133146
67595: 0.000133144
67596: 0.000133142
67597: 0.00013314
67598: 0.000133138
67599: 0.000133136
67600: 0.000133134
67601: 0.000133132
67602: 0.00013313
67603: 0.000133128
67604: 0.000133126
67605: 0.000133124
67606: 0.000133122
67607: 0.00013312
67608: 0.000133118
67609: 0.000133116
67610: 0.000133114
67611: 0.000133112
67612: 0.00013311
67613: 0.000133109
67614: 0.000133107
67615: 0.000133105
67616: 0.000133103
67617: 0.000133101
67618: 0.000133099
67619: 0.000133097
67620: 0.000133095
67621: 0.000133093
67622: 0.000133091
67623: 0.000133089
67624: 0.000133087
67625: 0.000133085
67626: 0.000133083
67627: 0.000133081
67628: 0.000133079
67629: 0.000133077
67630: 0.000133075
67631: 0.000133073
67632: 0.000133071
67633: 0.000133069
67634: 0.000133067
67635: 0.000133065
67636: 0.000133063
67637: 0.000133061
67638: 0.000133059
67639: 0.000133057
67640: 0.000133055
67641: 0.000133053
67642: 0.000133051
67643: 0.000133049
67644: 0.000133048
67645: 0.000133046
67646: 0.000133044
67647: 0.000133042
67648: 0.00013304
67649: 0.000133038
67650: 0.000133036
67651: 0.000133034
67652: 0.000133032
67653: 0.00013303
67654: 0.000133028
67655: 0.000133026
67656: 0.000133024
67657: 0.000133022
67658: 0.00013302
67659: 0.000133018
67660: 0.000133016
67661: 0.000133014
67662: 0.000133012
67663: 0.00013301
67664: 0.000133008
67665: 0.000133006
67666: 0.000133004
67667: 0.000133002
67668: 0.000133
67669: 0.000132998
67670: 0.000132996
67671: 0.000132994
67672: 0.000132992
67673: 0.000132991
67674: 0.000132989
67675: 0.000132987
67676: 0.000132985
67677: 0.000132983
67678: 0.000132981
67679: 0.000132979
67680: 0.000132977
67681: 0.000132975
67682: 0.000132973
67683: 0.000132971
67684: 0.000132969
67685: 0.000132967
67686: 0.000132965
67687: 0.000132963
67688: 0.000132961
67689: 0.000132959
67690: 0.000132957
67691: 0.000132955
67692: 0.000132953
67693: 0.000132951
67694: 0.000132949
67695: 0.000132947
67696: 0.000132945
67697: 0.000132943
67698: 0.000132941
67699: 0.000132939
67700: 0.000132937
67701: 0.000132936
67702: 0.000132934
67703: 0.000132932
67704: 0.00013293
67705: 0.000132928
67706: 0.000132926
67707: 0.000132924
67708: 0.000132922
67709: 0.00013292
67710: 0.000132918
67711: 0.000132916
67712: 0.000132914
67713: 0.000132912
67714: 0.00013291
67715: 0.000132908
67716: 0.000132906
67717: 0.000132904
67718: 0.000132902
67719: 0.0001329
67720: 0.000132898
67721: 0.000132896
67722: 0.000132894
67723: 0.000132892
67724: 0.00013289
67725: 0.000132888
67726: 0.000132886
67727: 0.000132884
67728: 0.000132883
67729: 0.000132881
67730: 0.000132879
67731: 0.000132877
67732: 0.000132875
67733: 0.000132873
67734: 0.000132871
67735: 0.000132869
67736: 0.000132867
67737: 0.000132865
67738: 0.000132863
67739: 0.000132861
67740: 0.000132859
67741: 0.000132857
67742: 0.000132855
67743: 0.000132853
67744: 0.000132851
67745: 0.000132849
67746: 0.000132847
67747: 0.000132845
67748: 0.000132843
67749: 0.000132841
67750: 0.000132839
67751: 0.000132837
67752: 0.000132835
67753: 0.000132833
67754: 0.000132832
67755: 0.00013283
67756: 0.000132828
67757: 0.000132826
67758: 0.000132824
67759: 0.000132822
67760: 0.00013282
67761: 0.000132818
67762: 0.000132816
67763: 0.000132814
67764: 0.000132812
67765: 0.00013281
67766: 0.000132808
67767: 0.000132806
67768: 0.000132804
67769: 0.000132802
67770: 0.0001328
67771: 0.000132798
67772: 0.000132796
67773: 0.000132794
67774: 0.000132792
67775: 0.00013279
67776: 0.000132788
67777: 0.000132786
67778: 0.000132784
67779: 0.000132783
67780: 0.000132781
67781: 0.000132779
67782: 0.000132777
67783: 0.000132775
67784: 0.000132773
67785: 0.000132771
67786: 0.000132769
67787: 0.000132767
67788: 0.000132765
67789: 0.000132763
67790: 0.000132761
67791: 0.000132759
67792: 0.000132757
67793: 0.000132755
67794: 0.000132753
67795: 0.000132751
67796: 0.000132749
67797: 0.000132747
67798: 0.000132745
67799: 0.000132743
67800: 0.000132741
67801: 0.000132739
67802: 0.000132737
67803: 0.000132736
67804: 0.000132734
67805: 0.000132732
67806: 0.00013273
67807: 0.000132728
67808: 0.000132726
67809: 0.000132724
67810: 0.000132722
67811: 0.00013272
67812: 0.000132718
67813: 0.000132716
67814: 0.000132714
67815: 0.000132712
67816: 0.00013271
67817: 0.000132708
67818: 0.000132706
67819: 0.000132704
67820: 0.000132702
67821: 0.0001327
67822: 0.000132698
67823: 0.000132696
67824: 0.000132694
67825: 0.000132692
67826: 0.000132691
67827: 0.000132689
67828: 0.000132687
67829: 0.000132685
67830: 0.000132683
67831: 0.000132681
67832: 0.000132679
67833: 0.000132677
67834: 0.000132675
67835: 0.000132673
67836: 0.000132671
67837: 0.000132669
67838: 0.000132667
67839: 0.000132665
67840: 0.000132663
67841: 0.000132661
67842: 0.000132659
67843: 0.000132657
67844: 0.000132655
67845: 0.000132653
67846: 0.000132651
67847: 0.000132649
67848: 0.000132647
67849: 0.000132646
67850: 0.000132644
67851: 0.000132642
67852: 0.00013264
67853: 0.000132638
67854: 0.000132636
67855: 0.000132634
67856: 0.000132632
67857: 0.00013263
67858: 0.000132628
67859: 0.000132626
67860: 0.000132624
67861: 0.000132622
67862: 0.00013262
67863: 0.000132618
67864: 0.000132616
67865: 0.000132614
67866: 0.000132612
67867: 0.00013261
67868: 0.000132608
67869: 0.000132606
67870: 0.000132604
67871: 0.000132603
67872: 0.000132601
67873: 0.000132599
67874: 0.000132597
67875: 0.000132595
67876: 0.000132593
67877: 0.000132591
67878: 0.000132589
67879: 0.000132587
67880: 0.000132585
67881: 0.000132583
67882: 0.000132581
67883: 0.000132579
67884: 0.000132577
67885: 0.000132575
67886: 0.000132573
67887: 0.000132571
67888: 0.000132569
67889: 0.000132567
67890: 0.000132565
67891: 0.000132563
67892: 0.000132562
67893: 0.00013256
67894: 0.000132558
67895: 0.000132556
67896: 0.000132554
67897: 0.000132552
67898: 0.00013255
67899: 0.000132548
67900: 0.000132546
67901: 0.000132544
67902: 0.000132542
67903: 0.00013254
67904: 0.000132538
67905: 0.000132536
67906: 0.000132534
67907: 0.000132532
67908: 0.00013253
67909: 0.000132528
67910: 0.000132526
67911: 0.000132524
67912: 0.000132522
67913: 0.000132521
67914: 0.000132519
67915: 0.000132517
67916: 0.000132515
67917: 0.000132513
67918: 0.000132511
67919: 0.000132509
67920: 0.000132507
67921: 0.000132505
67922: 0.000132503
67923: 0.000132501
67924: 0.000132499
67925: 0.000132497
67926: 0.000132495
67927: 0.000132493
67928: 0.000132491
67929: 0.000132489
67930: 0.000132487
67931: 0.000132485
67932: 0.000132483
67933: 0.000132482
67934: 0.00013248
67935: 0.000132478
67936: 0.000132476
67937: 0.000132474
67938: 0.000132472
67939: 0.00013247
67940: 0.000132468
67941: 0.000132466
67942: 0.000132464
67943: 0.000132462
67944: 0.00013246
67945: 0.000132458
67946: 0.000132456
67947: 0.000132454
67948: 0.000132452
67949: 0.00013245
67950: 0.000132448
67951: 0.000132446
67952: 0.000132444
67953: 0.000132443
67954: 0.000132441
67955: 0.000132439
67956: 0.000132437
67957: 0.000132435
67958: 0.000132433
67959: 0.000132431
67960: 0.000132429
67961: 0.000132427
67962: 0.000132425
67963: 0.000132423
67964: 0.000132421
67965: 0.000132419
67966: 0.000132417
67967: 0.000132415
67968: 0.000132413
67969: 0.000132411
67970: 0.000132409
67971: 0.000132407
67972: 0.000132406
67973: 0.000132404
67974: 0.000132402
67975: 0.0001324
67976: 0.000132398
67977: 0.000132396
67978: 0.000132394
67979: 0.000132392
67980: 0.00013239
67981: 0.000132388
67982: 0.000132386
67983: 0.000132384
67984: 0.000132382
67985: 0.00013238
67986: 0.000132378
67987: 0.000132376
67988: 0.000132374
67989: 0.000132372
67990: 0.00013237
67991: 0.000132369
67992: 0.000132367
67993: 0.000132365
67994: 0.000132363
67995: 0.000132361
67996: 0.000132359
67997: 0.000132357
67998: 0.000132355
67999: 0.000132353
68000: 0.000132351
68001: 0.000132349
68002: 0.000132347
68003: 0.000132345
68004: 0.000132343
68005: 0.000132341
68006: 0.000132339
68007: 0.000132337
68008: 0.000132335
68009: 0.000132333
68010: 0.000132332
68011: 0.00013233
68012: 0.000132328
68013: 0.000132326
68014: 0.000132324
68015: 0.000132322
68016: 0.00013232
68017: 0.000132318
68018: 0.000132316
68019: 0.000132314
68020: 0.000132312
68021: 0.00013231
68022: 0.000132308
68023: 0.000132306
68024: 0.000132304
68025: 0.000132302
68026: 0.0001323
68027: 0.000132298
68028: 0.000132297
68029: 0.000132295
68030: 0.000132293
68031: 0.000132291
68032: 0.000132289
68033: 0.000132287
68034: 0.000132285
68035: 0.000132283
68036: 0.000132281
68037: 0.000132279
68038: 0.000132277
68039: 0.000132275
68040: 0.000132273
68041: 0.000132271
68042: 0.000132269
68043: 0.000132267
68044: 0.000132265
68045: 0.000132263
68046: 0.000132262
68047: 0.00013226
68048: 0.000132258
68049: 0.000132256
68050: 0.000132254
68051: 0.000132252
68052: 0.00013225
68053: 0.000132248
68054: 0.000132246
68055: 0.000132244
68056: 0.000132242
68057: 0.00013224
68058: 0.000132238
68059: 0.000132236
68060: 0.000132234
68061: 0.000132232
68062: 0.00013223
68063: 0.000132228
68064: 0.000132227
68065: 0.000132225
68066: 0.000132223
68067: 0.000132221
68068: 0.000132219
68069: 0.000132217
68070: 0.000132215
68071: 0.000132213
68072: 0.000132211
68073: 0.000132209
68074: 0.000132207
68075: 0.000132205
68076: 0.000132203
68077: 0.000132201
68078: 0.000132199
68079: 0.000132197
68080: 0.000132195
68081: 0.000132194
68082: 0.000132192
68083: 0.00013219
68084: 0.000132188
68085: 0.000132186
68086: 0.000132184
68087: 0.000132182
68088: 0.00013218
68089: 0.000132178
68090: 0.000132176
68091: 0.000132174
68092: 0.000132172
68093: 0.00013217
68094: 0.000132168
68095: 0.000132166
68096: 0.000132164
68097: 0.000132162
68098: 0.000132161
68099: 0.000132159
68100: 0.000132157
68101: 0.000132155
68102: 0.000132153
68103: 0.000132151
68104: 0.000132149
68105: 0.000132147
68106: 0.000132145
68107: 0.000132143
68108: 0.000132141
68109: 0.000132139
68110: 0.000132137
68111: 0.000132135
68112: 0.000132133
68113: 0.000132131
68114: 0.000132129
68115: 0.000132128
68116: 0.000132126
68117: 0.000132124
68118: 0.000132122
68119: 0.00013212
68120: 0.000132118
68121: 0.000132116
68122: 0.000132114
68123: 0.000132112
68124: 0.00013211
68125: 0.000132108
68126: 0.000132106
68127: 0.000132104
68128: 0.000132102
68129: 0.0001321
68130: 0.000132098
68131: 0.000132097
68132: 0.000132095
68133: 0.000132093
68134: 0.000132091
68135: 0.000132089
68136: 0.000132087
68137: 0.000132085
68138: 0.000132083
68139: 0.000132081
68140: 0.000132079
68141: 0.000132077
68142: 0.000132075
68143: 0.000132073
68144: 0.000132071
68145: 0.000132069
68146: 0.000132067
68147: 0.000132066
68148: 0.000132064
68149: 0.000132062
68150: 0.00013206
68151: 0.000132058
68152: 0.000132056
68153: 0.000132054
68154: 0.000132052
68155: 0.00013205
68156: 0.000132048
68157: 0.000132046
68158: 0.000132044
68159: 0.000132042
68160: 0.00013204
68161: 0.000132038
68162: 0.000132036
68163: 0.000132035
68164: 0.000132033
68165: 0.000132031
68166: 0.000132029
68167: 0.000132027
68168: 0.000132025
68169: 0.000132023
68170: 0.000132021
68171: 0.000132019
68172: 0.000132017
68173: 0.000132015
68174: 0.000132013
68175: 0.000132011
68176: 0.000132009
68177: 0.000132007
68178: 0.000132005
68179: 0.000132004
68180: 0.000132002
68181: 0.000132
68182: 0.000131998
68183: 0.000131996
68184: 0.000131994
68185: 0.000131992
68186: 0.00013199
68187: 0.000131988
68188: 0.000131986
68189: 0.000131984
68190: 0.000131982
68191: 0.00013198
68192: 0.000131978
68193: 0.000131976
68194: 0.000131974
68195: 0.000131973
68196: 0.000131971
68197: 0.000131969
68198: 0.000131967
68199: 0.000131965
68200: 0.000131963
68201: 0.000131961
68202: 0.000131959
68203: 0.000131957
68204: 0.000131955
68205: 0.000131953
68206: 0.000131951
68207: 0.000131949
68208: 0.000131947
68209: 0.000131945
68210: 0.000131944
68211: 0.000131942
68212: 0.00013194
68213: 0.000131938
68214: 0.000131936
68215: 0.000131934
68216: 0.000131932
68217: 0.00013193
68218: 0.000131928
68219: 0.000131926
68220: 0.000131924
68221: 0.000131922
68222: 0.00013192
68223: 0.000131918
68224: 0.000131916
68225: 0.000131915
68226: 0.000131913
68227: 0.000131911
68228: 0.000131909
68229: 0.000131907
68230: 0.000131905
68231: 0.000131903
68232: 0.000131901
68233: 0.000131899
68234: 0.000131897
68235: 0.000131895
68236: 0.000131893
68237: 0.000131891
68238: 0.000131889
68239: 0.000131887
68240: 0.000131886
68241: 0.000131884
68242: 0.000131882
68243: 0.00013188
68244: 0.000131878
68245: 0.000131876
68246: 0.000131874
68247: 0.000131872
68248: 0.00013187
68249: 0.000131868
68250: 0.000131866
68251: 0.000131864
68252: 0.000131862
68253: 0.00013186
68254: 0.000131858
68255: 0.000131857
68256: 0.000131855
68257: 0.000131853
68258: 0.000131851
68259: 0.000131849
68260: 0.000131847
68261: 0.000131845
68262: 0.000131843
68263: 0.000131841
68264: 0.000131839
68265: 0.000131837
68266: 0.000131835
68267: 0.000131833
68268: 0.000131831
68269: 0.00013183
68270: 0.000131828
68271: 0.000131826
68272: 0.000131824
68273: 0.000131822
68274: 0.00013182
68275: 0.000131818
68276: 0.000131816
68277: 0.000131814
68278: 0.000131812
68279: 0.00013181
68280: 0.000131808
68281: 0.000131806
68282: 0.000131804
68283: 0.000131802
68284: 0.000131801
68285: 0.000131799
68286: 0.000131797
68287: 0.000131795
68288: 0.000131793
68289: 0.000131791
68290: 0.000131789
68291: 0.000131787
68292: 0.000131785
68293: 0.000131783
68294: 0.000131781
68295: 0.000131779
68296: 0.000131777
68297: 0.000131775
68298: 0.000131774
68299: 0.000131772
68300: 0.00013177
68301: 0.000131768
68302: 0.000131766
68303: 0.000131764
68304: 0.000131762
68305: 0.00013176
68306: 0.000131758
68307: 0.000131756
68308: 0.000131754
68309: 0.000131752
68310: 0.00013175
68311: 0.000131748
68312: 0.000131747
68313: 0.000131745
68314: 0.000131743
68315: 0.000131741
68316: 0.000131739
68317: 0.000131737
68318: 0.000131735
68319: 0.000131733
68320: 0.000131731
68321: 0.000131729
68322: 0.000131727
68323: 0.000131725
68324: 0.000131723
68325: 0.000131721
68326: 0.00013172
68327: 0.000131718
68328: 0.000131716
68329: 0.000131714
68330: 0.000131712
68331: 0.00013171
68332: 0.000131708
68333: 0.000131706
68334: 0.000131704
68335: 0.000131702
68336: 0.0001317
68337: 0.000131698
68338: 0.000131696
68339: 0.000131694
68340: 0.000131693
68341: 0.000131691
68342: 0.000131689
68343: 0.000131687
68344: 0.000131685
68345: 0.000131683
68346: 0.000131681
68347: 0.000131679
68348: 0.000131677
68349: 0.000131675
68350: 0.000131673
68351: 0.000131671
68352: 0.000131669
68353: 0.000131667
68354: 0.000131666
68355: 0.000131664
68356: 0.000131662
68357: 0.00013166
68358: 0.000131658
68359: 0.000131656
68360: 0.000131654
68361: 0.000131652
68362: 0.00013165
68363: 0.000131648
68364: 0.000131646
68365: 0.000131644
68366: 0.000131642
68367: 0.000131641
68368: 0.000131639
68369: 0.000131637
68370: 0.000131635
68371: 0.000131633
68372: 0.000131631
68373: 0.000131629
68374: 0.000131627
68375: 0.000131625
68376: 0.000131623
68377: 0.000131621
68378: 0.000131619
68379: 0.000131617
68380: 0.000131616
68381: 0.000131614
68382: 0.000131612
68383: 0.00013161
68384: 0.000131608
68385: 0.000131606
68386: 0.000131604
68387: 0.000131602
68388: 0.0001316
68389: 0.000131598
68390: 0.000131596
68391: 0.000131594
68392: 0.000131592
68393: 0.00013159
68394: 0.000131589
68395: 0.000131587
68396: 0.000131585
68397: 0.000131583
68398: 0.000131581
68399: 0.000131579
68400: 0.000131577
68401: 0.000131575
68402: 0.000131573
68403: 0.000131571
68404: 0.000131569
68405: 0.000131567
68406: 0.000131565
68407: 0.000131564
68408: 0.000131562
68409: 0.00013156
68410: 0.000131558
68411: 0.000131556
68412: 0.000131554
68413: 0.000131552
68414: 0.00013155
68415: 0.000131548
68416: 0.000131546
68417: 0.000131544
68418: 0.000131542
68419: 0.00013154
68420: 0.000131539
68421: 0.000131537
68422: 0.000131535
68423: 0.000131533
68424: 0.000131531
68425: 0.000131529
68426: 0.000131527
68427: 0.000131525
68428: 0.000131523
68429: 0.000131521
68430: 0.000131519
68431: 0.000131517
68432: 0.000131515
68433: 0.000131514
68434: 0.000131512
68435: 0.00013151
68436: 0.000131508
68437: 0.000131506
68438: 0.000131504
68439: 0.000131502
68440: 0.0001315
68441: 0.000131498
68442: 0.000131496
68443: 0.000131494
68444: 0.000131492
68445: 0.000131491
68446: 0.000131489
68447: 0.000131487
68448: 0.000131485
68449: 0.000131483
68450: 0.000131481
68451: 0.000131479
68452: 0.000131477
68453: 0.000131475
68454: 0.000131473
68455: 0.000131471
68456: 0.000131469
68457: 0.000131467
68458: 0.000131466
68459: 0.000131464
68460: 0.000131462
68461: 0.00013146
68462: 0.000131458
68463: 0.000131456
68464: 0.000131454
68465: 0.000131452
68466: 0.00013145
68467: 0.000131448
68468: 0.000131446
68469: 0.000131444
68470: 0.000131443
68471: 0.000131441
68472: 0.000131439
68473: 0.000131437
68474: 0.000131435
68475: 0.000131433
68476: 0.000131431
68477: 0.000131429
68478: 0.000131427
68479: 0.000131425
68480: 0.000131423
68481: 0.000131421
68482: 0.000131419
68483: 0.000131418
68484: 0.000131416
68485: 0.000131414
68486: 0.000131412
68487: 0.00013141
68488: 0.000131408
68489: 0.000131406
68490: 0.000131404
68491: 0.000131402
68492: 0.0001314
68493: 0.000131398
68494: 0.000131396
68495: 0.000131395
68496: 0.000131393
68497: 0.000131391
68498: 0.000131389
68499: 0.000131387
68500: 0.000131385
68501: 0.000131383
68502: 0.000131381
68503: 0.000131379
68504: 0.000131377
68505: 0.000131375
68506: 0.000131373
68507: 0.000131372
68508: 0.00013137
68509: 0.000131368
68510: 0.000131366
68511: 0.000131364
68512: 0.000131362
68513: 0.00013136
68514: 0.000131358
68515: 0.000131356
68516: 0.000131354
68517: 0.000131352
68518: 0.00013135
68519: 0.000131349
68520: 0.000131347
68521: 0.000131345
68522: 0.000131343
68523: 0.000131341
68524: 0.000131339
68525: 0.000131337
68526: 0.000131335
68527: 0.000131333
68528: 0.000131331
68529: 0.000131329
68530: 0.000131327
68531: 0.000131326
68532: 0.000131324
68533: 0.000131322
68534: 0.00013132
68535: 0.000131318
68536: 0.000131316
68537: 0.000131314
68538: 0.000131312
68539: 0.00013131
68540: 0.000131308
68541: 0.000131306
68542: 0.000131304
68543: 0.000131303
68544: 0.000131301
68545: 0.000131299
68546: 0.000131297
68547: 0.000131295
68548: 0.000131293
68549: 0.000131291
68550: 0.000131289
68551: 0.000131287
68552: 0.000131285
68553: 0.000131283
68554: 0.000131281
68555: 0.00013128
68556: 0.000131278
68557: 0.000131276
68558: 0.000131274
68559: 0.000131272
68560: 0.00013127
68561: 0.000131268
68562: 0.000131266
68563: 0.000131264
68564: 0.000131262
68565: 0.00013126
68566: 0.000131258
68567: 0.000131257
68568: 0.000131255
68569: 0.000131253
68570: 0.000131251
68571: 0.000131249
68572: 0.000131247
68573: 0.000131245
68574: 0.000131243
68575: 0.000131241
68576: 0.000131239
68577: 0.000131237
68578: 0.000131236
68579: 0.000131234
68580: 0.000131232
68581: 0.00013123
68582: 0.000131228
68583: 0.000131226
68584: 0.000131224
68585: 0.000131222
68586: 0.00013122
68587: 0.000131218
68588: 0.000131216
68589: 0.000131214
68590: 0.000131213
68591: 0.000131211
68592: 0.000131209
68593: 0.000131207
68594: 0.000131205
68595: 0.000131203
68596: 0.000131201
68597: 0.000131199
68598: 0.000131197
68599: 0.000131195
68600: 0.000131193
68601: 0.000131192
68602: 0.00013119
68603: 0.000131188
68604: 0.000131186
68605: 0.000131184
68606: 0.000131182
68607: 0.00013118
68608: 0.000131178
68609: 0.000131176
68610: 0.000131174
68611: 0.000131172
68612: 0.00013117
68613: 0.000131169
68614: 0.000131167
68615: 0.000131165
68616: 0.000131163
68617: 0.000131161
68618: 0.000131159
68619: 0.000131157
68620: 0.000131155
68621: 0.000131153
68622: 0.000131151
68623: 0.000131149
68624: 0.000131148
68625: 0.000131146
68626: 0.000131144
68627: 0.000131142
68628: 0.00013114
68629: 0.000131138
68630: 0.000131136
68631: 0.000131134
68632: 0.000131132
68633: 0.00013113
68634: 0.000131128
68635: 0.000131127
68636: 0.000131125
68637: 0.000131123
68638: 0.000131121
68639: 0.000131119
68640: 0.000131117
68641: 0.000131115
68642: 0.000131113
68643: 0.000131111
68644: 0.000131109
68645: 0.000131107
68646: 0.000131106
68647: 0.000131104
68648: 0.000131102
68649: 0.0001311
68650: 0.000131098
68651: 0.000131096
68652: 0.000131094
68653: 0.000131092
68654: 0.00013109
68655: 0.000131088
68656: 0.000131086
68657: 0.000131085
68658: 0.000131083
68659: 0.000131081
68660: 0.000131079
68661: 0.000131077
68662: 0.000131075
68663: 0.000131073
68664: 0.000131071
68665: 0.000131069
68666: 0.000131067
68667: 0.000131065
68668: 0.000131064
68669: 0.000131062
68670: 0.00013106
68671: 0.000131058
68672: 0.000131056
68673: 0.000131054
68674: 0.000131052
68675: 0.00013105
68676: 0.000131048
68677: 0.000131046
68678: 0.000131044
68679: 0.000131043
68680: 0.000131041
68681: 0.000131039
68682: 0.000131037
68683: 0.000131035
68684: 0.000131033
68685: 0.000131031
68686: 0.000131029
68687: 0.000131027
68688: 0.000131025
68689: 0.000131023
68690: 0.000131022
68691: 0.00013102
68692: 0.000131018
68693: 0.000131016
68694: 0.000131014
68695: 0.000131012
68696: 0.00013101
68697: 0.000131008
68698: 0.000131006
68699: 0.000131004
68700: 0.000131002
68701: 0.000131001
68702: 0.000130999
68703: 0.000130997
68704: 0.000130995
68705: 0.000130993
68706: 0.000130991
68707: 0.000130989
68708: 0.000130987
68709: 0.000130985
68710: 0.000130983
68711: 0.000130981
68712: 0.00013098
68713: 0.000130978
68714: 0.000130976
68715: 0.000130974
68716: 0.000130972
68717: 0.00013097
68718: 0.000130968
68719: 0.000130966
68720: 0.000130964
68721: 0.000130962
68722: 0.000130961
68723: 0.000130959
68724: 0.000130957
68725: 0.000130955
68726: 0.000130953
68727: 0.000130951
68728: 0.000130949
68729: 0.000130947
68730: 0.000130945
68731: 0.000130943
68732: 0.000130941
68733: 0.00013094
68734: 0.000130938
68735: 0.000130936
68736: 0.000130934
68737: 0.000130932
68738: 0.00013093
68739: 0.000130928
68740: 0.000130926
68741: 0.000130924
68742: 0.000130922
68743: 0.000130921
68744: 0.000130919
68745: 0.000130917
68746: 0.000130915
68747: 0.000130913
68748: 0.000130911
68749: 0.000130909
68750: 0.000130907
68751: 0.000130905
68752: 0.000130903
68753: 0.000130901
68754: 0.0001309
68755: 0.000130898
68756: 0.000130896
68757: 0.000130894
68758: 0.000130892
68759: 0.00013089
68760: 0.000130888
68761: 0.000130886
68762: 0.000130884
68763: 0.000130882
68764: 0.000130881
68765: 0.000130879
68766: 0.000130877
68767: 0.000130875
68768: 0.000130873
68769: 0.000130871
68770: 0.000130869
68771: 0.000130867
68772: 0.000130865
68773: 0.000130863
68774: 0.000130862
68775: 0.00013086
68776: 0.000130858
68777: 0.000130856
68778: 0.000130854
68779: 0.000130852
68780: 0.00013085
68781: 0.000130848
68782: 0.000130846
68783: 0.000130844
68784: 0.000130842
68785: 0.000130841
68786: 0.000130839
68787: 0.000130837
68788: 0.000130835
68789: 0.000130833
68790: 0.000130831
68791: 0.000130829
68792: 0.000130827
68793: 0.000130825
68794: 0.000130823
68795: 0.000130822
68796: 0.00013082
68797: 0.000130818
68798: 0.000130816
68799: 0.000130814
68800: 0.000130812
68801: 0.00013081
68802: 0.000130808
68803: 0.000130806
68804: 0.000130804
68805: 0.000130803
68806: 0.000130801
68807: 0.000130799
68808: 0.000130797
68809: 0.000130795
68810: 0.000130793
68811: 0.000130791
68812: 0.000130789
68813: 0.000130787
68814: 0.000130785
68815: 0.000130784
68816: 0.000130782
68817: 0.00013078
68818: 0.000130778
68819: 0.000130776
68820: 0.000130774
68821: 0.000130772
68822: 0.00013077
68823: 0.000130768
68824: 0.000130766
68825: 0.000130765
68826: 0.000130763
68827: 0.000130761
68828: 0.000130759
68829: 0.000130757
68830: 0.000130755
68831: 0.000130753
68832: 0.000130751
68833: 0.000130749
68834: 0.000130747
68835: 0.000130746
68836: 0.000130744
68837: 0.000130742
68838: 0.00013074
68839: 0.000130738
68840: 0.000130736
68841: 0.000130734
68842: 0.000130732
68843: 0.00013073
68844: 0.000130728
68845: 0.000130727
68846: 0.000130725
68847: 0.000130723
68848: 0.000130721
68849: 0.000130719
68850: 0.000130717
68851: 0.000130715
68852: 0.000130713
68853: 0.000130711
68854: 0.000130709
68855: 0.000130708
68856: 0.000130706
68857: 0.000130704
68858: 0.000130702
68859: 0.0001307
68860: 0.000130698
68861: 0.000130696
68862: 0.000130694
68863: 0.000130692
68864: 0.00013069
68865: 0.000130689
68866: 0.000130687
68867: 0.000130685
68868: 0.000130683
68869: 0.000130681
68870: 0.000130679
68871: 0.000130677
68872: 0.000130675
68873: 0.000130673
68874: 0.000130672
68875: 0.00013067
68876: 0.000130668
68877: 0.000130666
68878: 0.000130664
68879: 0.000130662
68880: 0.00013066
68881: 0.000130658
68882: 0.000130656
68883: 0.000130654
68884: 0.000130653
68885: 0.000130651
68886: 0.000130649
68887: 0.000130647
68888: 0.000130645
68889: 0.000130643
68890: 0.000130641
68891: 0.000130639
68892: 0.000130637
68893: 0.000130635
68894: 0.000130634
68895: 0.000130632
68896: 0.00013063
68897: 0.000130628
68898: 0.000130626
68899: 0.000130624
68900: 0.000130622
68901: 0.00013062
68902: 0.000130618
68903: 0.000130617
68904: 0.000130615
68905: 0.000130613
68906: 0.000130611
68907: 0.000130609
68908: 0.000130607
68909: 0.000130605
68910: 0.000130603
68911: 0.000130601
68912: 0.000130599
68913: 0.000130598
68914: 0.000130596
68915: 0.000130594
68916: 0.000130592
68917: 0.00013059
68918: 0.000130588
68919: 0.000130586
68920: 0.000130584
68921: 0.000130582
68922: 0.000130581
68923: 0.000130579
68924: 0.000130577
68925: 0.000130575
68926: 0.000130573
68927: 0.000130571
68928: 0.000130569
68929: 0.000130567
68930: 0.000130565
68931: 0.000130563
68932: 0.000130562
68933: 0.00013056
68934: 0.000130558
68935: 0.000130556
68936: 0.000130554
68937: 0.000130552
68938: 0.00013055
68939: 0.000130548
68940: 0.000130546
68941: 0.000130545
68942: 0.000130543
68943: 0.000130541
68944: 0.000130539
68945: 0.000130537
68946: 0.000130535
68947: 0.000130533
68948: 0.000130531
68949: 0.000130529
68950: 0.000130527
68951: 0.000130526
68952: 0.000130524
68953: 0.000130522
68954: 0.00013052
68955: 0.000130518
68956: 0.000130516
68957: 0.000130514
68958: 0.000130512
68959: 0.00013051
68960: 0.000130509
68961: 0.000130507
68962: 0.000130505
68963: 0.000130503
68964: 0.000130501
68965: 0.000130499
68966: 0.000130497
68967: 0.000130495
68968: 0.000130493
68969: 0.000130492
68970: 0.00013049
68971: 0.000130488
68972: 0.000130486
68973: 0.000130484
68974: 0.000130482
68975: 0.00013048
68976: 0.000130478
68977: 0.000130476
68978: 0.000130474
68979: 0.000130473
68980: 0.000130471
68981: 0.000130469
68982: 0.000130467
68983: 0.000130465
68984: 0.000130463
68985: 0.000130461
68986: 0.000130459
68987: 0.000130457
68988: 0.000130456
68989: 0.000130454
68990: 0.000130452
68991: 0.00013045
68992: 0.000130448
68993: 0.000130446
68994: 0.000130444
68995: 0.000130442
68996: 0.00013044
68997: 0.000130439
68998: 0.000130437
68999: 0.000130435
69000: 0.000130433
69001: 0.000130431
69002: 0.000130429
69003: 0.000130427
69004: 0.000130425
69005: 0.000130423
69006: 0.000130422
69007: 0.00013042
69008: 0.000130418
69009: 0.000130416
69010: 0.000130414
69011: 0.000130412
69012: 0.00013041
69013: 0.000130408
69014: 0.000130406
69015: 0.000130405
69016: 0.000130403
69017: 0.000130401
69018: 0.000130399
69019: 0.000130397
69020: 0.000130395
69021: 0.000130393
69022: 0.000130391
69023: 0.000130389
69024: 0.000130388
69025: 0.000130386
69026: 0.000130384
69027: 0.000130382
69028: 0.00013038
69029: 0.000130378
69030: 0.000130376
69031: 0.000130374
69032: 0.000130372
69033: 0.000130371
69034: 0.000130369
69035: 0.000130367
69036: 0.000130365
69037: 0.000130363
69038: 0.000130361
69039: 0.000130359
69040: 0.000130357
69041: 0.000130355
69042: 0.000130354
69043: 0.000130352
69044: 0.00013035
69045: 0.000130348
69046: 0.000130346
69047: 0.000130344
69048: 0.000130342
69049: 0.00013034
69050: 0.000130338
69051: 0.000130337
69052: 0.000130335
69053: 0.000130333
69054: 0.000130331
69055: 0.000130329
69056: 0.000130327
69057: 0.000130325
69058: 0.000130323
69059: 0.000130321
69060: 0.00013032
69061: 0.000130318
69062: 0.000130316
69063: 0.000130314
69064: 0.000130312
69065: 0.00013031
69066: 0.000130308
69067: 0.000130306
69068: 0.000130304
69069: 0.000130303
69070: 0.000130301
69071: 0.000130299
69072: 0.000130297
69073: 0.000130295
69074: 0.000130293
69075: 0.000130291
69076: 0.000130289
69077: 0.000130288
69078: 0.000130286
69079: 0.000130284
69080: 0.000130282
69081: 0.00013028
69082: 0.000130278
69083: 0.000130276
69084: 0.000130274
69085: 0.000130272
69086: 0.000130271
69087: 0.000130269
69088: 0.000130267
69089: 0.000130265
69090: 0.000130263
69091: 0.000130261
69092: 0.000130259
69093: 0.000130257
69094: 0.000130255
69095: 0.000130254
69096: 0.000130252
69097: 0.00013025
69098: 0.000130248
69099: 0.000130246
69100: 0.000130244
69101: 0.000130242
69102: 0.00013024
69103: 0.000130238
69104: 0.000130237
69105: 0.000130235
69106: 0.000130233
69107: 0.000130231
69108: 0.000130229
69109: 0.000130227
69110: 0.000130225
69111: 0.000130223
69112: 0.000130222
69113: 0.00013022
69114: 0.000130218
69115: 0.000130216
69116: 0.000130214
69117: 0.000130212
69118: 0.00013021
69119: 0.000130208
69120: 0.000130206
69121: 0.000130205
69122: 0.000130203
69123: 0.000130201
69124: 0.000130199
69125: 0.000130197
69126: 0.000130195
69127: 0.000130193
69128: 0.000130191
69129: 0.000130189
69130: 0.000130188
69131: 0.000130186
69132: 0.000130184
69133: 0.000130182
69134: 0.00013018
69135: 0.000130178
69136: 0.000130176
69137: 0.000130174
69138: 0.000130173
69139: 0.000130171
69140: 0.000130169
69141: 0.000130167
69142: 0.000130165
69143: 0.000130163
69144: 0.000130161
69145: 0.000130159
69146: 0.000130157
69147: 0.000130156
69148: 0.000130154
69149: 0.000130152
69150: 0.00013015
69151: 0.000130148
69152: 0.000130146
69153: 0.000130144
69154: 0.000130142
69155: 0.000130141
69156: 0.000130139
69157: 0.000130137
69158: 0.000130135
69159: 0.000130133
69160: 0.000130131
69161: 0.000130129
69162: 0.000130127
69163: 0.000130125
69164: 0.000130124
69165: 0.000130122
69166: 0.00013012
69167: 0.000130118
69168: 0.000130116
69169: 0.000130114
69170: 0.000130112
69171: 0.00013011
69172: 0.000130109
69173: 0.000130107
69174: 0.000130105
69175: 0.000130103
69176: 0.000130101
69177: 0.000130099
69178: 0.000130097
69179: 0.000130095
69180: 0.000130094
69181: 0.000130092
69182: 0.00013009
69183: 0.000130088
69184: 0.000130086
69185: 0.000130084
69186: 0.000130082
69187: 0.00013008
69188: 0.000130078
69189: 0.000130077
69190: 0.000130075
69191: 0.000130073
69192: 0.000130071
69193: 0.000130069
69194: 0.000130067
69195: 0.000130065
69196: 0.000130063
69197: 0.000130062
69198: 0.00013006
69199: 0.000130058
69200: 0.000130056
69201: 0.000130054
69202: 0.000130052
69203: 0.00013005
69204: 0.000130048
69205: 0.000130047
69206: 0.000130045
69207: 0.000130043
69208: 0.000130041
69209: 0.000130039
69210: 0.000130037
69211: 0.000130035
69212: 0.000130033
69213: 0.000130031
69214: 0.00013003
69215: 0.000130028
69216: 0.000130026
69217: 0.000130024
69218: 0.000130022
69219: 0.00013002
69220: 0.000130018
69221: 0.000130016
69222: 0.000130015
69223: 0.000130013
69224: 0.000130011
69225: 0.000130009
69226: 0.000130007
69227: 0.000130005
69228: 0.000130003
69229: 0.000130001
69230: 0.00013
69231: 0.000129998
69232: 0.000129996
69233: 0.000129994
69234: 0.000129992
69235: 0.00012999
69236: 0.000129988
69237: 0.000129986
69238: 0.000129985
69239: 0.000129983
69240: 0.000129981
69241: 0.000129979
69242: 0.000129977
69243: 0.000129975
69244: 0.000129973
69245: 0.000129971
69246: 0.00012997
69247: 0.000129968
69248: 0.000129966
69249: 0.000129964
69250: 0.000129962
69251: 0.00012996
69252: 0.000129958
69253: 0.000129956
69254: 0.000129955
69255: 0.000129953
69256: 0.000129951
69257: 0.000129949
69258: 0.000129947
69259: 0.000129945
69260: 0.000129943
69261: 0.000129941
69262: 0.00012994
69263: 0.000129938
69264: 0.000129936
69265: 0.000129934
69266: 0.000129932
69267: 0.00012993
69268: 0.000129928
69269: 0.000129926
69270: 0.000129924
69271: 0.000129923
69272: 0.000129921
69273: 0.000129919
69274: 0.000129917
69275: 0.000129915
69276: 0.000129913
69277: 0.000129911
69278: 0.000129909
69279: 0.000129908
69280: 0.000129906
69281: 0.000129904
69282: 0.000129902
69283: 0.0001299
69284: 0.000129898
69285: 0.000129896
69286: 0.000129894
69287: 0.000129893
69288: 0.000129891
69289: 0.000129889
69290: 0.000129887
69291: 0.000129885
69292: 0.000129883
69293: 0.000129881
69294: 0.00012988
69295: 0.000129878
69296: 0.000129876
69297: 0.000129874
69298: 0.000129872
69299: 0.00012987
69300: 0.000129868
69301: 0.000129866
69302: 0.000129865
69303: 0.000129863
69304: 0.000129861
69305: 0.000129859
69306: 0.000129857
69307: 0.000129855
69308: 0.000129853
69309: 0.000129851
69310: 0.00012985
69311: 0.000129848
69312: 0.000129846
69313: 0.000129844
69314: 0.000129842
69315: 0.00012984
69316: 0.000129838
69317: 0.000129836
69318: 0.000129835
69319: 0.000129833
69320: 0.000129831
69321: 0.000129829
69322: 0.000129827
69323: 0.000129825
69324: 0.000129823
69325: 0.000129821
69326: 0.00012982
69327: 0.000129818
69328: 0.000129816
69329: 0.000129814
69330: 0.000129812
69331: 0.00012981
69332: 0.000129808
69333: 0.000129806
69334: 0.000129805
69335: 0.000129803
69336: 0.000129801
69337: 0.000129799
69338: 0.000129797
69339: 0.000129795
69340: 0.000129793
69341: 0.000129791
69342: 0.00012979
69343: 0.000129788
69344: 0.000129786
69345: 0.000129784
69346: 0.000129782
69347: 0.00012978
69348: 0.000129778
69349: 0.000129776
69350: 0.000129775
69351: 0.000129773
69352: 0.000129771
69353: 0.000129769
69354: 0.000129767
69355: 0.000129765
69356: 0.000129763
69357: 0.000129762
69358: 0.00012976
69359: 0.000129758
69360: 0.000129756
69361: 0.000129754
69362: 0.000129752
69363: 0.00012975
69364: 0.000129748
69365: 0.000129747
69366: 0.000129745
69367: 0.000129743
69368: 0.000129741
69369: 0.000129739
69370: 0.000129737
69371: 0.000129735
69372: 0.000129733
69373: 0.000129732
69374: 0.00012973
69375: 0.000129728
69376: 0.000129726
69377: 0.000129724
69378: 0.000129722
69379: 0.00012972
69380: 0.000129719
69381: 0.000129717
69382: 0.000129715
69383: 0.000129713
69384: 0.000129711
69385: 0.000129709
69386: 0.000129707
69387: 0.000129705
69388: 0.000129704
69389: 0.000129702
69390: 0.0001297
69391: 0.000129698
69392: 0.000129696
69393: 0.000129694
69394: 0.000129692
69395: 0.00012969
69396: 0.000129689
69397: 0.000129687
69398: 0.000129685
69399: 0.000129683
69400: 0.000129681
69401: 0.000129679
69402: 0.000129677
69403: 0.000129676
69404: 0.000129674
69405: 0.000129672
69406: 0.00012967
69407: 0.000129668
69408: 0.000129666
69409: 0.000129664
69410: 0.000129662
69411: 0.000129661
69412: 0.000129659
69413: 0.000129657
69414: 0.000129655
69415: 0.000129653
69416: 0.000129651
69417: 0.000129649
69418: 0.000129648
69419: 0.000129646
69420: 0.000129644
69421: 0.000129642
69422: 0.00012964
69423: 0.000129638
69424: 0.000129636
69425: 0.000129634
69426: 0.000129633
69427: 0.000129631
69428: 0.000129629
69429: 0.000129627
69430: 0.000129625
69431: 0.000129623
69432: 0.000129621
69433: 0.000129619
69434: 0.000129618
69435: 0.000129616
69436: 0.000129614
69437: 0.000129612
69438: 0.00012961
69439: 0.000129608
69440: 0.000129606
69441: 0.000129605
69442: 0.000129603
69443: 0.000129601
69444: 0.000129599
69445: 0.000129597
69446: 0.000129595
69447: 0.000129593
69448: 0.000129591
69449: 0.00012959
69450: 0.000129588
69451: 0.000129586
69452: 0.000129584
69453: 0.000129582
69454: 0.00012958
69455: 0.000129578
69456: 0.000129577
69457: 0.000129575
69458: 0.000129573
69459: 0.000129571
69460: 0.000129569
69461: 0.000129567
69462: 0.000129565
69463: 0.000129564
69464: 0.000129562
69465: 0.00012956
69466: 0.000129558
69467: 0.000129556
69468: 0.000129554
69469: 0.000129552
69470: 0.00012955
69471: 0.000129549
69472: 0.000129547
69473: 0.000129545
69474: 0.000129543
69475: 0.000129541
69476: 0.000129539
69477: 0.000129537
69478: 0.000129536
69479: 0.000129534
69480: 0.000129532
69481: 0.00012953
69482: 0.000129528
69483: 0.000129526
69484: 0.000129524
69485: 0.000129522
69486: 0.000129521
69487: 0.000129519
69488: 0.000129517
69489: 0.000129515
69490: 0.000129513
69491: 0.000129511
69492: 0.000129509
69493: 0.000129508
69494: 0.000129506
69495: 0.000129504
69496: 0.000129502
69497: 0.0001295
69498: 0.000129498
69499: 0.000129496
69500: 0.000129495
69501: 0.000129493
69502: 0.000129491
69503: 0.000129489
69504: 0.000129487
69505: 0.000129485
69506: 0.000129483
69507: 0.000129481
69508: 0.00012948
69509: 0.000129478
69510: 0.000129476
69511: 0.000129474
69512: 0.000129472
69513: 0.00012947
69514: 0.000129468
69515: 0.000129467
69516: 0.000129465
69517: 0.000129463
69518: 0.000129461
69519: 0.000129459
69520: 0.000129457
69521: 0.000129455
69522: 0.000129454
69523: 0.000129452
69524: 0.00012945
69525: 0.000129448
69526: 0.000129446
69527: 0.000129444
69528: 0.000129442
69529: 0.000129441
69530: 0.000129439
69531: 0.000129437
69532: 0.000129435
69533: 0.000129433
69534: 0.000129431
69535: 0.000129429
69536: 0.000129427
69537: 0.000129426
69538: 0.000129424
69539: 0.000129422
69540: 0.00012942
69541: 0.000129418
69542: 0.000129416
69543: 0.000129414
69544: 0.000129413
69545: 0.000129411
69546: 0.000129409
69547: 0.000129407
69548: 0.000129405
69549: 0.000129403
69550: 0.000129401
69551: 0.0001294
69552: 0.000129398
69553: 0.000129396
69554: 0.000129394
69555: 0.000129392
69556: 0.00012939
69557: 0.000129388
69558: 0.000129387
69559: 0.000129385
69560: 0.000129383
69561: 0.000129381
69562: 0.000129379
69563: 0.000129377
69564: 0.000129375
69565: 0.000129374
69566: 0.000129372
69567: 0.00012937
69568: 0.000129368
69569: 0.000129366
69570: 0.000129364
69571: 0.000129362
69572: 0.000129361
69573: 0.000129359
69574: 0.000129357
69575: 0.000129355
69576: 0.000129353
69577: 0.000129351
69578: 0.000129349
69579: 0.000129348
69580: 0.000129346
69581: 0.000129344
69582: 0.000129342
69583: 0.00012934
69584: 0.000129338
69585: 0.000129336
69586: 0.000129335
69587: 0.000129333
69588: 0.000129331
69589: 0.000129329
69590: 0.000129327
69591: 0.000129325
69592: 0.000129323
69593: 0.000129321
69594: 0.00012932
69595: 0.000129318
69596: 0.000129316
69597: 0.000129314
69598: 0.000129312
69599: 0.00012931
69600: 0.000129308
69601: 0.000129307
69602: 0.000129305
69603: 0.000129303
69604: 0.000129301
69605: 0.000129299
69606: 0.000129297
69607: 0.000129295
69608: 0.000129294
69609: 0.000129292
69610: 0.00012929
69611: 0.000129288
69612: 0.000129286
69613: 0.000129284
69614: 0.000129282
69615: 0.000129281
69616: 0.000129279
69617: 0.000129277
69618: 0.000129275
69619: 0.000129273
69620: 0.000129271
69621: 0.000129269
69622: 0.000129268
69623: 0.000129266
69624: 0.000129264
69625: 0.000129262
69626: 0.00012926
69627: 0.000129258
69628: 0.000129256
69629: 0.000129255
69630: 0.000129253
69631: 0.000129251
69632: 0.000129249
69633: 0.000129247
69634: 0.000129245
69635: 0.000129243
69636: 0.000129242
69637: 0.00012924
69638: 0.000129238
69639: 0.000129236
69640: 0.000129234
69641: 0.000129232
69642: 0.000129231
69643: 0.000129229
69644: 0.000129227
69645: 0.000129225
69646: 0.000129223
69647: 0.000129221
69648: 0.000129219
69649: 0.000129218
69650: 0.000129216
69651: 0.000129214
69652: 0.000129212
69653: 0.00012921
69654: 0.000129208
69655: 0.000129206
69656: 0.000129205
69657: 0.000129203
69658: 0.000129201
69659: 0.000129199
69660: 0.000129197
69661: 0.000129195
69662: 0.000129193
69663: 0.000129192
69664: 0.00012919
69665: 0.000129188
69666: 0.000129186
69667: 0.000129184
69668: 0.000129182
69669: 0.00012918
69670: 0.000129179
69671: 0.000129177
69672: 0.000129175
69673: 0.000129173
69674: 0.000129171
69675: 0.000129169
69676: 0.000129167
69677: 0.000129166
69678: 0.000129164
69679: 0.000129162
69680: 0.00012916
69681: 0.000129158
69682: 0.000129156
69683: 0.000129154
69684: 0.000129153
69685: 0.000129151
69686: 0.000129149
69687: 0.000129147
69688: 0.000129145
69689: 0.000129143
69690: 0.000129141
69691: 0.00012914
69692: 0.000129138
69693: 0.000129136
69694: 0.000129134
69695: 0.000129132
69696: 0.00012913
69697: 0.000129129
69698: 0.000129127
69699: 0.000129125
69700: 0.000129123
69701: 0.000129121
69702: 0.000129119
69703: 0.000129117
69704: 0.000129116
69705: 0.000129114
69706: 0.000129112
69707: 0.00012911
69708: 0.000129108
69709: 0.000129106
69710: 0.000129104
69711: 0.000129103
69712: 0.000129101
69713: 0.000129099
69714: 0.000129097
69715: 0.000129095
69716: 0.000129093
69717: 0.000129091
69718: 0.00012909
69719: 0.000129088
69720: 0.000129086
69721: 0.000129084
69722: 0.000129082
69723: 0.00012908
69724: 0.000129079
69725: 0.000129077
69726: 0.000129075
69727: 0.000129073
69728: 0.000129071
69729: 0.000129069
69730: 0.000129067
69731: 0.000129066
69732: 0.000129064
69733: 0.000129062
69734: 0.00012906
69735: 0.000129058
69736: 0.000129056
69737: 0.000129054
69738: 0.000129053
69739: 0.000129051
69740: 0.000129049
69741: 0.000129047
69742: 0.000129045
69743: 0.000129043
69744: 0.000129042
69745: 0.00012904
69746: 0.000129038
69747: 0.000129036
69748: 0.000129034
69749: 0.000129032
69750: 0.00012903
69751: 0.000129029
69752: 0.000129027
69753: 0.000129025
69754: 0.000129023
69755: 0.000129021
69756: 0.000129019
69757: 0.000129017
69758: 0.000129016
69759: 0.000129014
69760: 0.000129012
69761: 0.00012901
69762: 0.000129008
69763: 0.000129006
69764: 0.000129005
69765: 0.000129003
69766: 0.000129001
69767: 0.000128999
69768: 0.000128997
69769: 0.000128995
69770: 0.000128993
69771: 0.000128992
69772: 0.00012899
69773: 0.000128988
69774: 0.000128986
69775: 0.000128984
69776: 0.000128982
69777: 0.00012898
69778: 0.000128979
69779: 0.000128977
69780: 0.000128975
69781: 0.000128973
69782: 0.000128971
69783: 0.000128969
69784: 0.000128968
69785: 0.000128966
69786: 0.000128964
69787: 0.000128962
69788: 0.00012896
69789: 0.000128958
69790: 0.000128956
69791: 0.000128955
69792: 0.000128953
69793: 0.000128951
69794: 0.000128949
69795: 0.000128947
69796: 0.000128945
69797: 0.000128944
69798: 0.000128942
69799: 0.00012894
69800: 0.000128938
69801: 0.000128936
69802: 0.000128934
69803: 0.000128932
69804: 0.000128931
69805: 0.000128929
69806: 0.000128927
69807: 0.000128925
69808: 0.000128923
69809: 0.000128921
69810: 0.00012892
69811: 0.000128918
69812: 0.000128916
69813: 0.000128914
69814: 0.000128912
69815: 0.00012891
69816: 0.000128908
69817: 0.000128907
69818: 0.000128905
69819: 0.000128903
69820: 0.000128901
69821: 0.000128899
69822: 0.000128897
69823: 0.000128896
69824: 0.000128894
69825: 0.000128892
69826: 0.00012889
69827: 0.000128888
69828: 0.000128886
69829: 0.000128884
69830: 0.000128883
69831: 0.000128881
69832: 0.000128879
69833: 0.000128877
69834: 0.000128875
69835: 0.000128873
69836: 0.000128872
69837: 0.00012887
69838: 0.000128868
69839: 0.000128866
69840: 0.000128864
69841: 0.000128862
69842: 0.00012886
69843: 0.000128859
69844: 0.000128857
69845: 0.000128855
69846: 0.000128853
69847: 0.000128851
69848: 0.000128849
69849: 0.000128848
69850: 0.000128846
69851: 0.000128844
69852: 0.000128842
69853: 0.00012884
69854: 0.000128838
69855: 0.000128836
69856: 0.000128835
69857: 0.000128833
69858: 0.000128831
69859: 0.000128829
69860: 0.000128827
69861: 0.000128825
69862: 0.000128824
69863: 0.000128822
69864: 0.00012882
69865: 0.000128818
69866: 0.000128816
69867: 0.000128814
69868: 0.000128812
69869: 0.000128811
69870: 0.000128809
69871: 0.000128807
69872: 0.000128805
69873: 0.000128803
69874: 0.000128801
69875: 0.0001288
69876: 0.000128798
69877: 0.000128796
69878: 0.000128794
69879: 0.000128792
69880: 0.00012879
69881: 0.000128789
69882: 0.000128787
69883: 0.000128785
69884: 0.000128783
69885: 0.000128781
69886: 0.000128779
69887: 0.000128777
69888: 0.000128776
69889: 0.000128774
69890: 0.000128772
69891: 0.00012877
69892: 0.000128768
69893: 0.000128766
69894: 0.000128765
69895: 0.000128763
69896: 0.000128761
69897: 0.000128759
69898: 0.000128757
69899: 0.000128755
69900: 0.000128754
69901: 0.000128752
69902: 0.00012875
69903: 0.000128748
69904: 0.000128746
69905: 0.000128744
69906: 0.000128742
69907: 0.000128741
69908: 0.000128739
69909: 0.000128737
69910: 0.000128735
69911: 0.000128733
69912: 0.000128731
69913: 0.00012873
69914: 0.000128728
69915: 0.000128726
69916: 0.000128724
69917: 0.000128722
69918: 0.00012872
69919: 0.000128719
69920: 0.000128717
69921: 0.000128715
69922: 0.000128713
69923: 0.000128711
69924: 0.000128709
69925: 0.000128707
69926: 0.000128706
69927: 0.000128704
69928: 0.000128702
69929: 0.0001287
69930: 0.000128698
69931: 0.000128696
69932: 0.000128695
69933: 0.000128693
69934: 0.000128691
69935: 0.000128689
69936: 0.000128687
69937: 0.000128685
69938: 0.000128684
69939: 0.000128682
69940: 0.00012868
69941: 0.000128678
69942: 0.000128676
69943: 0.000128674
69944: 0.000128673
69945: 0.000128671
69946: 0.000128669
69947: 0.000128667
69948: 0.000128665
69949: 0.000128663
69950: 0.000128661
69951: 0.00012866
69952: 0.000128658
69953: 0.000128656
69954: 0.000128654
69955: 0.000128652
69956: 0.00012865
69957: 0.000128649
69958: 0.000128647
69959: 0.000128645
69960: 0.000128643
69961: 0.000128641
69962: 0.000128639
69963: 0.000128638
69964: 0.000128636
69965: 0.000128634
69966: 0.000128632
69967: 0.00012863
69968: 0.000128628
69969: 0.000128627
69970: 0.000128625
69971: 0.000128623
69972: 0.000128621
69973: 0.000128619
69974: 0.000128617
69975: 0.000128616
69976: 0.000128614
69977: 0.000128612
69978: 0.00012861
69979: 0.000128608
69980: 0.000128606
69981: 0.000128604
69982: 0.000128603
69983: 0.000128601
69984: 0.000128599
69985: 0.000128597
69986: 0.000128595
69987: 0.000128593
69988: 0.000128592
69989: 0.00012859
69990: 0.000128588
69991: 0.000128586
69992: 0.000128584
69993: 0.000128582
69994: 0.000128581
69995: 0.000128579
69996: 0.000128577
69997: 0.000128575
69998: 0.000128573
69999: 0.000128571
70000: 0.00012857
70001: 0.000128568
70002: 0.000128566
70003: 0.000128564
70004: 0.000128562
70005: 0.00012856
70006: 0.000128559
70007: 0.000128557
70008: 0.000128555
70009: 0.000128553
70010: 0.000128551
70011: 0.000128549
70012: 0.000128548
70013: 0.000128546
70014: 0.000128544
70015: 0.000128542
70016: 0.00012854
70017: 0.000128538
70018: 0.000128537
70019: 0.000128535
70020: 0.000128533
70021: 0.000128531
70022: 0.000128529
70023: 0.000128527
70024: 0.000128526
70025: 0.000128524
70026: 0.000128522
70027: 0.00012852
70028: 0.000128518
70029: 0.000128516
70030: 0.000128515
70031: 0.000128513
70032: 0.000128511
70033: 0.000128509
70034: 0.000128507
70035: 0.000128505
70036: 0.000128504
70037: 0.000128502
70038: 0.0001285
70039: 0.000128498
70040: 0.000128496
70041: 0.000128494
70042: 0.000128492
70043: 0.000128491
70044: 0.000128489
70045: 0.000128487
70046: 0.000128485
70047: 0.000128483
70048: 0.000128481
70049: 0.00012848
70050: 0.000128478
70051: 0.000128476
70052: 0.000128474
70053: 0.000128472
70054: 0.00012847
70055: 0.000128469
70056: 0.000128467
70057: 0.000128465
70058: 0.000128463
70059: 0.000128461
70060: 0.000128459
70061: 0.000128458
70062: 0.000128456
70063: 0.000128454
70064: 0.000128452
70065: 0.00012845
70066: 0.000128448
70067: 0.000128447
70068: 0.000128445
70069: 0.000128443
70070: 0.000128441
70071: 0.000128439
70072: 0.000128437
70073: 0.000128436
70074: 0.000128434
70075: 0.000128432
70076: 0.00012843
70077: 0.000128428
70078: 0.000128426
70079: 0.000128425
70080: 0.000128423
70081: 0.000128421
70082: 0.000128419
70083: 0.000128417
70084: 0.000128415
70085: 0.000128414
70086: 0.000128412
70087: 0.00012841
70088: 0.000128408
70089: 0.000128406
70090: 0.000128405
70091: 0.000128403
70092: 0.000128401
70093: 0.000128399
70094: 0.000128397
70095: 0.000128395
70096: 0.000128394
70097: 0.000128392
70098: 0.00012839
70099: 0.000128388
70100: 0.000128386
70101: 0.000128384
70102: 0.000128383
70103: 0.000128381
70104: 0.000128379
70105: 0.000128377
70106: 0.000128375
70107: 0.000128373
70108: 0.000128372
70109: 0.00012837
70110: 0.000128368
70111: 0.000128366
70112: 0.000128364
70113: 0.000128362
70114: 0.000128361
70115: 0.000128359
70116: 0.000128357
70117: 0.000128355
70118: 0.000128353
70119: 0.000128351
70120: 0.00012835
70121: 0.000128348
70122: 0.000128346
70123: 0.000128344
70124: 0.000128342
70125: 0.00012834
70126: 0.000128339
70127: 0.000128337
70128: 0.000128335
70129: 0.000128333
70130: 0.000128331
70131: 0.000128329
70132: 0.000128328
70133: 0.000128326
70134: 0.000128324
70135: 0.000128322
70136: 0.00012832
70137: 0.000128318
70138: 0.000128317
70139: 0.000128315
70140: 0.000128313
70141: 0.000128311
70142: 0.000128309
70143: 0.000128307
70144: 0.000128306
70145: 0.000128304
70146: 0.000128302
70147: 0.0001283
70148: 0.000128298
70149: 0.000128297
70150: 0.000128295
70151: 0.000128293
70152: 0.000128291
70153: 0.000128289
70154: 0.000128287
70155: 0.000128286
70156: 0.000128284
70157: 0.000128282
70158: 0.00012828
70159: 0.000128278
70160: 0.000128276
70161: 0.000128275
70162: 0.000128273
70163: 0.000128271
70164: 0.000128269
70165: 0.000128267
70166: 0.000128265
70167: 0.000128264
70168: 0.000128262
70169: 0.00012826
70170: 0.000128258
70171: 0.000128256
70172: 0.000128254
70173: 0.000128253
70174: 0.000128251
70175: 0.000128249
70176: 0.000128247
70177: 0.000128245
70178: 0.000128243
70179: 0.000142491
70180: 0.000142489
70181: 0.000142487
70182: 0.000142485
70183: 0.000142483
70184: 0.000142481
70185: 0.000142479
70186: 0.000142477
70187: 0.000142474
70188: 0.000142472
70189: 0.00014247
70190: 0.000142468
70191: 0.000142466
70192: 0.000142464
70193: 0.000142462
70194: 0.00014246
70195: 0.000142458
70196: 0.000142456
70197: 0.000142454
70198: 0.000142452
70199: 0.00014245
70200: 0.000142448
70201: 0.000142446
70202: 0.000142444
70203: 0.000142442
70204: 0.00014244
70205: 0.000142438
70206: 0.000142436
70207: 0.000142434
70208: 0.000142432
70209: 0.00014243
70210: 0.000142428
70211: 0.000142426
70212: 0.000142424
70213: 0.000142422
70214: 0.00014242
70215: 0.000142418
70216: 0.000142416
70217: 0.000142414
70218: 0.000142412
70219: 0.00014241
70220: 0.000142408
70221: 0.000142406
70222: 0.000142403
70223: 0.000142401
70224: 0.000142399
70225: 0.000142397
70226: 0.000142395
70227: 0.000142393
70228: 0.000142391
70229: 0.000142389
70230: 0.000142387
70231: 0.000142385
70232: 0.000142383
70233: 0.000142381
70234: 0.000142379
70235: 0.000142377
70236: 0.000142375
70237: 0.000142373
70238: 0.000142371
70239: 0.000142369
70240: 0.000142367
70241: 0.000142365
70242: 0.000142363
70243: 0.000142361
70244: 0.000142359
70245: 0.000142357
70246: 0.000142355
70247: 0.000142353
70248: 0.000142351
70249: 0.000142349
70250: 0.000142347
70251: 0.000142345
70252: 0.000142343
70253: 0.000142341
70254: 0.000142339
70255: 0.000142337
70256: 0.000142335
70257: 0.000142333
70258: 0.000142331
70259: 0.000142328
70260: 0.000142326
70261: 0.000142324
70262: 0.000142322
70263: 0.00014232
70264: 0.000142318
70265: 0.000142316
70266: 0.000142314
70267: 0.000142312
70268: 0.00014231
70269: 0.000142308
70270: 0.000142306
70271: 0.000142304
70272: 0.000142302
70273: 0.0001423
70274: 0.000142298
70275: 0.000142296
70276: 0.000142294
70277: 0.000142292
70278: 0.00014229
70279: 0.000142288
70280: 0.000142286
70281: 0.000142284
70282: 0.000142282
70283: 0.00014228
70284: 0.000142278
70285: 0.000142276
70286: 0.000142274
70287: 0.000142272
70288: 0.00014227
70289: 0.000142268
70290: 0.000142266
70291: 0.000142264
70292: 0.000142262
70293: 0.00014226
70294: 0.000142258
70295: 0.000142256
70296: 0.000142254
70297: 0.000142252
70298: 0.00014225
70299: 0.000142248
70300: 0.000142245
70301: 0.000142243
70302: 0.000142241
70303: 0.000142239
70304: 0.000142237
70305: 0.000142235
70306: 0.000142233
70307: 0.000142231
70308: 0.000142229
70309: 0.000142227
70310: 0.000142225
70311: 0.000142223
70312: 0.000142221
70313: 0.000142219
70314: 0.000142217
70315: 0.000142215
70316: 0.000142213
70317: 0.000142211
70318: 0.000142209
70319: 0.000142207
70320: 0.000142205
70321: 0.000142203
70322: 0.000142201
70323: 0.000142199
70324: 0.000142197
70325: 0.000142195
70326: 0.000142193
70327: 0.000142191
70328: 0.000142189
70329: 0.000142187
70330: 0.000142185
70331: 0.000142183
70332: 0.000142181
70333: 0.000142179
70334: 0.000142177
70335: 0.000142175
70336: 0.000142173
70337: 0.000142171
70338: 0.000142169
70339: 0.000142167
70340: 0.000142165
70341: 0.000142163
70342: 0.000142161
70343: 0.000142159
70344: 0.000142157
70345: 0.000142154
70346: 0.000142152
70347: 0.00014215
70348: 0.000142148
70349: 0.000142146
70350: 0.000142144
70351: 0.000142142
70352: 0.00014214
70353: 0.000142138
70354: 0.000142136
70355: 0.000142134
70356: 0.000142132
70357: 0.00014213
70358: 0.000142128
70359: 0.000142126
70360: 0.000142124
70361: 0.000142122
70362: 0.00014212
70363: 0.000142118
70364: 0.000142116
70365: 0.000142114
70366: 0.000142112
70367: 0.00014211
70368: 0.000142108
70369: 0.000142106
70370: 0.000142104
70371: 0.000142102
70372: 0.0001421
70373: 0.000142098
70374: 0.000142096
70375: 0.000142094
70376: 0.000142092
70377: 0.00014209
70378: 0.000142088
70379: 0.000142086
70380: 0.000142084
70381: 0.000142082
70382: 0.00014208
70383: 0.000142078
70384: 0.000142076
70385: 0.000142074
70386: 0.000142072
70387: 0.00014207
70388: 0.000142068
70389: 0.000142066
70390: 0.000142064
70391: 0.000142062
70392: 0.00014206
70393: 0.000142058
70394: 0.000142056
70395: 0.000142054
70396: 0.000142052
70397: 0.000142049
70398: 0.000142047
70399: 0.000142045
70400: 0.000142043
70401: 0.000142041
70402: 0.000142039
70403: 0.000142037
70404: 0.000142035
70405: 0.000142033
70406: 0.000142031
70407: 0.000142029
70408: 0.000142027
70409: 0.000142025
70410: 0.000142023
70411: 0.000142021
70412: 0.000142019
70413: 0.000142017
70414: 0.000142015
70415: 0.000142013
70416: 0.000142011
70417: 0.000142009
70418: 0.000142007
70419: 0.000142005
70420: 0.000142003
70421: 0.000142001
70422: 0.000141999
70423: 0.000141997
70424: 0.000141995
70425: 0.000141993
70426: 0.000141991
70427: 0.000141989
70428: 0.000141987
70429: 0.000141985
70430: 0.000141983
70431: 0.000141981
70432: 0.000141979
70433: 0.000141977
70434: 0.000141975
70435: 0.000141973
70436: 0.000141971
70437: 0.000141969
70438: 0.000141967
70439: 0.000141965
70440: 0.000141963
70441: 0.000141961
70442: 0.000141959
70443: 0.000141957
70444: 0.000141955
70445: 0.000141953
70446: 0.000141951
70447: 0.000141949
70448: 0.000141947
70449: 0.000141945
70450: 0.000141943
70451: 0.000141941
70452: 0.000141939
70453: 0.000141937
70454: 0.000141935
70455: 0.000141933
70456: 0.000141931
70457: 0.000141929
70458: 0.000141927
70459: 0.000141924
70460: 0.000141922
70461: 0.00014192
70462: 0.000141918
70463: 0.000141916
70464: 0.000141914
70465: 0.000141912
70466: 0.00014191
70467: 0.000141908
70468: 0.000141906
70469: 0.000141904
70470: 0.000141902
70471: 0.0001419
70472: 0.000141898
70473: 0.000141896
70474: 0.000141894
70475: 0.000141892
70476: 0.00014189
70477: 0.000141888
70478: 0.000141886
70479: 0.000141884
70480: 0.000141882
70481: 0.00014188
70482: 0.000141878
70483: 0.000141876
70484: 0.000141874
70485: 0.000141872
70486: 0.00014187
70487: 0.000141868
70488: 0.000141866
70489: 0.000141864
70490: 0.000141862
70491: 0.00014186
70492: 0.000141858
70493: 0.000141856
70494: 0.000141854
70495: 0.000141852
70496: 0.00014185
70497: 0.000141848
70498: 0.000141846
70499: 0.000141844
70500: 0.000141842
70501: 0.00014184
70502: 0.000141838
70503: 0.000141836
70504: 0.000141834
70505: 0.000141832
70506: 0.00014183
70507: 0.000141828
70508: 0.000141826
70509: 0.000141824
70510: 0.000141822
70511: 0.00014182
70512: 0.000141818
70513: 0.000141816
70514: 0.000141814
70515: 0.000141812
70516: 0.00014181
70517: 0.000141808
70518: 0.000141806
70519: 0.000141804
70520: 0.000141802
70521: 0.0001418
70522: 0.000141798
70523: 0.000141796
70524: 0.000141794
70525: 0.000141792
70526: 0.00014179
70527: 0.000141788
70528: 0.000141786
70529: 0.000141784
70530: 0.000141782
70531: 0.00014178
70532: 0.000141778
70533: 0.000141776
70534: 0.000141774
70535: 0.000141772
70536: 0.00014177
70537: 0.000141768
70538: 0.000141766
70539: 0.000141764
70540: 0.000141762
70541: 0.00014176
70542: 0.000141758
70543: 0.000141756
70544: 0.000141753
70545: 0.000141751
70546: 0.000141749
70547: 0.000141747
70548: 0.000141745
70549: 0.000141743
70550: 0.000141741
70551: 0.000141739
70552: 0.000141737
70553: 0.000141735
70554: 0.000141733
70555: 0.000141731
70556: 0.000141729
70557: 0.000141727
70558: 0.000141725
70559: 0.000141723
70560: 0.000141721
70561: 0.000141719
70562: 0.000141717
70563: 0.000141715
70564: 0.000141713
70565: 0.000141711
70566: 0.000141709
70567: 0.000141707
70568: 0.000141705
70569: 0.000141703
70570: 0.000141701
70571: 0.000141699
70572: 0.000141697
70573: 0.000141695
70574: 0.000141693
70575: 0.000141691
70576: 0.000141689
70577: 0.000141687
70578: 0.000141685
70579: 0.000141683
70580: 0.000141681
70581: 0.000141679
70582: 0.000141677
70583: 0.000141675
70584: 0.000141673
70585: 0.000141671
70586: 0.000141669
70587: 0.000141667
70588: 0.000141665
70589: 0.000141663
70590: 0.000141661
70591: 0.000141659
70592: 0.000141657
70593: 0.000141655
70594: 0.000141653
70595: 0.000141651
70596: 0.000141649
70597: 0.000141647
70598: 0.000141645
70599: 0.000141643
70600: 0.000141641
70601: 0.000141639
70602: 0.000141637
70603: 0.000141635
70604: 0.000141633
70605: 0.000141631
70606: 0.000141629
70607: 0.000141627
70608: 0.000141625
70609: 0.000141623
70610: 0.000141621
70611: 0.000141619
70612: 0.000141617
70613: 0.000141615
70614: 0.000141613
70615: 0.000141611
70616: 0.000141609
70617: 0.000141607
70618: 0.000141605
70619: 0.000141603
70620: 0.000141601
70621: 0.000141599
70622: 0.000155757
70623: 0.000155754
70624: 0.000155752
70625: 0.00015575
70626: 0.000155748
70627: 0.000155746
70628: 0.000155743
70629: 0.000155741
70630: 0.000155739
70631: 0.000155737
70632: 0.000155735
70633: 0.000155732
70634: 0.00015573
70635: 0.000155728
70636: 0.000155726
70637: 0.000155724
70638: 0.000155721
70639: 0.000155719
70640: 0.000155717
70641: 0.000155715
70642: 0.000155713
70643: 0.00015571
70644: 0.000155708
70645: 0.000155706
70646: 0.000155704
70647: 0.000155702
70648: 0.000155699
70649: 0.000155697
70650: 0.000155695
70651: 0.000155693
70652: 0.00015569
70653: 0.000155688
70654: 0.000155686
70655: 0.000155684
70656: 0.000155682
70657: 0.000155679
70658: 0.000155677
70659: 0.000155675
70660: 0.000155673
70661: 0.000155671
70662: 0.000155668
70663: 0.000155666
70664: 0.000155664
70665: 0.000155662
70666: 0.00015566
70667: 0.000155657
70668: 0.000155655
70669: 0.000155653
70670: 0.000155651
70671: 0.000155649
70672: 0.000155646
70673: 0.000155644
70674: 0.000155642
70675: 0.00015564
70676: 0.000155638
70677: 0.000155635
70678: 0.000155633
70679: 0.000155631
70680: 0.000155629
70681: 0.000155627
70682: 0.000155624
70683: 0.000155622
70684: 0.00015562
70685: 0.000155618
70686: 0.000155616
70687: 0.000155613
70688: 0.000155611
70689: 0.000155609
70690: 0.000155607
70691: 0.000155605
70692: 0.000155602
70693: 0.0001556
70694: 0.000155598
70695: 0.000155596
70696: 0.000155594
70697: 0.000155591
70698: 0.000155589
70699: 0.000155587
70700: 0.000155585
70701: 0.000155583
70702: 0.00015558
70703: 0.000155578
70704: 0.000155576
70705: 0.000155574
70706: 0.000155572
70707: 0.000155569
70708: 0.000155567
70709: 0.000155565
70710: 0.000155563
70711: 0.000155561
70712: 0.000155558
70713: 0.000155556
70714: 0.000155554
70715: 0.000155552
70716: 0.00015555
70717: 0.000155547
70718: 0.000155545
70719: 0.000155543
70720: 0.000155541
70721: 0.000155539
70722: 0.000155536
70723: 0.000155534
70724: 0.000155532
70725: 0.00015553
70726: 0.000155528
70727: 0.000155525
70728: 0.000155523
70729: 0.000155521
70730: 0.000155519
70731: 0.000155517
70732: 0.000155514
70733: 0.000155512
70734: 0.00015551
70735: 0.000155508
70736: 0.000155506
70737: 0.000155503
70738: 0.000155501
70739: 0.000155499
70740: 0.000155497
70741: 0.000155495
70742: 0.000155492
70743: 0.00015549
70744: 0.000155488
70745: 0.000155486
70746: 0.000155484
70747: 0.000155481
70748: 0.000155479
70749: 0.000155477
70750: 0.000155475
70751: 0.000155473
70752: 0.00015547
70753: 0.000155468
70754: 0.000155466
70755: 0.000155464
70756: 0.000155462
70757: 0.000155459
70758: 0.000155457
70759: 0.000155455
70760: 0.000155453
70761: 0.000155451
70762: 0.000155448
70763: 0.000155446
70764: 0.000155444
70765: 0.000155442
70766: 0.00015544
70767: 0.000155437
70768: 0.000155435
70769: 0.000155433
70770: 0.000155431
70771: 0.000155429
70772: 0.000155427
70773: 0.000155424
70774: 0.000155422
70775: 0.00015542
70776: 0.000155418
70777: 0.000155416
70778: 0.000155413
70779: 0.000155411
70780: 0.000155409
70781: 0.000155407
70782: 0.000155405
70783: 0.000155402
70784: 0.0001554
70785: 0.000155398
70786: 0.000155396
70787: 0.000155394
70788: 0.000155391
70789: 0.000155389
70790: 0.000155387
70791: 0.000155385
70792: 0.000155383
70793: 0.00015538
70794: 0.000155378
70795: 0.000155376
70796: 0.000155374
70797: 0.000155372
70798: 0.000155369
70799: 0.000155367
70800: 0.000155365
70801: 0.000155363
70802: 0.000155361
70803: 0.000155358
70804: 0.000155356
70805: 0.000155354
70806: 0.000155352
70807: 0.00015535
70808: 0.000155347
70809: 0.000155345
70810: 0.000155343
70811: 0.000155341
70812: 0.000155339
70813: 0.000155337
70814: 0.000155334
70815: 0.000155332
70816: 0.00015533
70817: 0.000155328
70818: 0.000155326
70819: 0.000155323
70820: 0.000155321
70821: 0.000155319
70822: 0.000155317
70823: 0.000155315
70824: 0.000155312
70825: 0.00015531
70826: 0.000155308
70827: 0.000155306
70828: 0.000155304
70829: 0.000155301
70830: 0.000155299
70831: 0.000155297
70832: 0.000155295
70833: 0.000155293
70834: 0.00015529
70835: 0.000155288
70836: 0.000155286
70837: 0.000155284
70838: 0.000155282
70839: 0.00015528
70840: 0.000155277
70841: 0.000155275
70842: 0.000155273
70843: 0.000155271
70844: 0.000155269
70845: 0.000155266
70846: 0.000155264
70847: 0.000155262
70848: 0.00015526
70849: 0.000155258
70850: 0.000155255
70851: 0.000155253
70852: 0.000155251
70853: 0.000155249
70854: 0.000155247
70855: 0.000155244
70856: 0.000155242
70857: 0.00015524
70858: 0.000155238
70859: 0.000155236
70860: 0.000155233
70861: 0.000155231
70862: 0.000155229
70863: 0.000155227
70864: 0.000155225
70865: 0.000155223
70866: 0.00015522
70867: 0.000155218
70868: 0.000155216
70869: 0.000155214
70870: 0.000155212
70871: 0.000155209
70872: 0.000155207
70873: 0.000155205
70874: 0.000155203
70875: 0.000155201
70876: 0.000155198
70877: 0.000155196
70878: 0.000155194
70879: 0.000155192
70880: 0.00015519
70881: 0.000155187
70882: 0.000155185
70883: 0.000155183
70884: 0.000155181
70885: 0.000155179
70886: 0.000155177
70887: 0.000155174
70888: 0.000155172
70889: 0.00015517
70890: 0.000155168
70891: 0.000155166
70892: 0.000155163
70893: 0.000155161
70894: 0.000155159
70895: 0.000155157
70896: 0.000155155
70897: 0.000155152
70898: 0.00015515
70899: 0.000155148
70900: 0.000155146
70901: 0.000155144
70902: 0.000155142
70903: 0.000155139
70904: 0.000155137
70905: 0.000155135
70906: 0.000155133
70907: 0.000155131
70908: 0.000155128
70909: 0.000155126
70910: 0.000155124
70911: 0.000155122
70912: 0.00015512
70913: 0.000155117
70914: 0.000155115
70915: 0.000155113
70916: 0.000155111
70917: 0.000155109
70918: 0.000155107
70919: 0.000155104
70920: 0.000155102
70921: 0.0001551
70922: 0.000155098
70923: 0.000155096
70924: 0.000155093
70925: 0.000155091
70926: 0.000155089
70927: 0.000155087
70928: 0.000155085
70929: 0.000155082
70930: 0.00015508
70931: 0.000155078
70932: 0.000155076
70933: 0.000155074
70934: 0.000155072
70935: 0.000155069
70936: 0.000155067
70937: 0.000155065
70938: 0.000155063
70939: 0.000155061
70940: 0.000155058
70941: 0.000155056
70942: 0.000155054
70943: 0.000155052
70944: 0.00015505
70945: 0.000155048
70946: 0.000155045
70947: 0.000155043
70948: 0.000155041
70949: 0.000155039
70950: 0.000155037
70951: 0.000155034
70952: 0.000155032
70953: 0.00015503
70954: 0.000155028
70955: 0.000155026
70956: 0.000155023
70957: 0.000155021
70958: 0.000155019
70959: 0.000155017
70960: 0.000155015
70961: 0.000155013
70962: 0.00015501
70963: 0.000155008
70964: 0.000155006
70965: 0.000155004
70966: 0.000155002
70967: 0.000154999
70968: 0.000154997
70969: 0.000154995
70970: 0.000154993
70971: 0.000154991
70972: 0.000154989
70973: 0.000154986
70974: 0.000154984
70975: 0.000154982
70976: 0.00015498
70977: 0.000154978
70978: 0.000154975
70979: 0.000154973
70980: 0.000154971
70981: 0.000154969
70982: 0.000154967
70983: 0.000154964
70984: 0.000154962
70985: 0.00015496
70986: 0.000154958
70987: 0.000154956
70988: 0.000154954
70989: 0.000154951
70990: 0.000154949
70991: 0.000154947
70992: 0.000154945
70993: 0.000154943
70994: 0.00015494
70995: 0.000154938
70996: 0.000154936
70997: 0.000154934
70998: 0.000154932
70999: 0.00015493
71000: 0.000154927
71001: 0.000154925
71002: 0.000154923
71003: 0.000154921
71004: 0.000154919
71005: 0.000154916
71006: 0.000154914
71007: 0.000154912
71008: 0.00015491
71009: 0.000154908
71010: 0.000154906
71011: 0.000154903
71012: 0.000154901
71013: 0.000154899
71014: 0.000154897
71015: 0.000154895
71016: 0.000154892
71017: 0.00015489
71018: 0.000154888
71019: 0.000154886
71020: 0.000154884
71021: 0.000154882
71022: 0.000154879
71023: 0.000154877
71024: 0.000154875
71025: 0.000154873
71026: 0.000154871
71027: 0.000154869
71028: 0.000154866
71029: 0.000154864
71030: 0.000154862
71031: 0.00015486
71032: 0.000154858
71033: 0.000154855
71034: 0.000154853
71035: 0.000154851
71036: 0.000154849
71037: 0.000154847
71038: 0.000154845
71039: 0.000154842
71040: 0.00015484
71041: 0.000154838
71042: 0.000154836
71043: 0.000154834
71044: 0.000154831
71045: 0.000154829
71046: 0.000154827
71047: 0.000154825
71048: 0.000154823
71049: 0.000154821
71050: 0.000154818
71051: 0.000154816
71052: 0.000154814
71053: 0.000154812
71054: 0.00015481
71055: 0.000154807
71056: 0.000154805
71057: 0.000154803
71058: 0.000154801
71059: 0.000154799
71060: 0.000154797
71061: 0.000154794
71062: 0.000154792
71063: 0.00015479
71064: 0.000154788
71065: 0.000154786
71066: 0.000154784
71067: 0.000154781
71068: 0.000154779
71069: 0.000154777
71070: 0.000154775
71071: 0.000154773
71072: 0.00015477
71073: 0.000154768
71074: 0.000154766
71075: 0.000154764
71076: 0.000154762
71077: 0.00015476
71078: 0.000154757
71079: 0.000154755
71080: 0.000154753
71081: 0.000154751
71082: 0.000154749
71083: 0.000154746
71084: 0.000154744
71085: 0.000154742
71086: 0.00015474
71087: 0.000154738
71088: 0.000154736
71089: 0.000154733
71090: 0.000154731
71091: 0.000154729
71092: 0.000154727
71093: 0.000154725
71094: 0.000154723
71095: 0.00015472
71096: 0.000154718
71097: 0.000154716
71098: 0.000154714
71099: 0.000154712
71100: 0.000154709
71101: 0.000154707
71102: 0.000154705
71103: 0.000154703
71104: 0.000154701
71105: 0.000154699
71106: 0.000154696
71107: 0.000154694
71108: 0.000154692
71109: 0.00015469
71110: 0.000154688
71111: 0.000154686
71112: 0.000154683
71113: 0.000154681
71114: 0.000154679
71115: 0.000154677
71116: 0.000154675
71117: 0.000154673
71118: 0.00015467
71119: 0.000154668
71120: 0.000154666
71121: 0.000154664
71122: 0.000154662
71123: 0.000154659
71124: 0.000154657
71125: 0.000154655
71126: 0.000154653
71127: 0.000154651
71128: 0.000154649
71129: 0.000154646
71130: 0.000154644
71131: 0.000154642
71132: 0.00015464
71133: 0.000154638
71134: 0.000154636
71135: 0.000154633
71136: 0.000154631
71137: 0.000154629
71138: 0.000154627
71139: 0.000154625
71140: 0.000154623
71141: 0.00015462
71142: 0.000154618
71143: 0.000154616
71144: 0.000154614
71145: 0.000154612
71146: 0.000154609
71147: 0.000154607
71148: 0.000154605
71149: 0.000154603
71150: 0.000154601
71151: 0.000154599
71152: 0.000154596
71153: 0.000154594
71154: 0.000154592
71155: 0.00015459
71156: 0.000154588
71157: 0.000154586
71158: 0.000154583
71159: 0.000154581
71160: 0.000154579
71161: 0.000154577
71162: 0.000154575
71163: 0.000154573
71164: 0.00015457
71165: 0.000154568
71166: 0.000154566
71167: 0.000154564
71168: 0.000154562
71169: 0.00015456
71170: 0.000154557
71171: 0.000154555
71172: 0.000154553
71173: 0.000154551
71174: 0.000154549
71175: 0.000154546
71176: 0.000154544
71177: 0.000154542
71178: 0.00015454
71179: 0.000154538
71180: 0.000154536
71181: 0.000154533
71182: 0.000154531
71183: 0.000154529
71184: 0.000154527
71185: 0.000154525
71186: 0.000154523
71187: 0.00015452
71188: 0.000154518
71189: 0.000154516
71190: 0.000154514
71191: 0.000154512
71192: 0.00015451
71193: 0.000154507
71194: 0.000154505
71195: 0.000154503
71196: 0.000154501
71197: 0.000154499
71198: 0.000154497
71199: 0.000154494
71200: 0.000154492
71201: 0.00015449
71202: 0.000154488
71203: 0.000154486
71204: 0.000154484
71205: 0.000154481
71206: 0.000154479
71207: 0.000154477
71208: 0.000154475
71209: 0.000154473
71210: 0.000154471
71211: 0.000154468
71212: 0.000154466
71213: 0.000154464
71214: 0.000154462
71215: 0.00015446
71216: 0.000154458
71217: 0.000154455
71218: 0.000154453
71219: 0.000154451
71220: 0.000154449
71221: 0.000154447
71222: 0.000154444
71223: 0.000154442
71224: 0.00015444
71225: 0.000154438
71226: 0.000154436
71227: 0.000154434
71228: 0.000154431
71229: 0.000154429
71230: 0.000154427
71231: 0.000154425
71232: 0.000154423
71233: 0.000154421
71234: 0.000154418
71235: 0.000154416
71236: 0.000154414
71237: 0.000154412
71238: 0.00015441
71239: 0.000154408
71240: 0.000154405
71241: 0.000154403
71242: 0.000154401
71243: 0.000154399
71244: 0.000154397
71245: 0.000154395
71246: 0.000154392
71247: 0.00015439
71248: 0.000154388
71249: 0.000154386
71250: 0.000154384
71251: 0.000154382
71252: 0.000154379
71253: 0.000154377
71254: 0.000154375
71255: 0.000154373
71256: 0.000154371
71257: 0.000154369
71258: 0.000154366
71259: 0.000154364
71260: 0.000154362
71261: 0.00015436
71262: 0.000154358
71263: 0.000154356
71264: 0.000154353
71265: 0.000154351
71266: 0.000154349
71267: 0.000154347
71268: 0.000154345
71269: 0.000154343
71270: 0.00015434
71271: 0.000154338
71272: 0.000154336
71273: 0.000154334
71274: 0.000154332
71275: 0.00015433
71276: 0.000154327
71277: 0.000154325
71278: 0.000154323
71279: 0.000154321
71280: 0.000154319
71281: 0.000154317
71282: 0.000154314
71283: 0.000154312
71284: 0.00015431
71285: 0.000154308
71286: 0.000154306
71287: 0.000154304
71288: 0.000154302
71289: 0.000154299
71290: 0.000154297
71291: 0.000154295
71292: 0.000154293
71293: 0.000154291
71294: 0.000154289
71295: 0.000154286
71296: 0.000154284
71297: 0.000154282
71298: 0.00015428
71299: 0.000154278
71300: 0.000154276
71301: 0.000154273
71302: 0.000154271
71303: 0.000154269
71304: 0.000154267
71305: 0.000154265
71306: 0.000154263
71307: 0.00015426
71308: 0.000154258
71309: 0.000154256
71310: 0.000154254
71311: 0.000154252
71312: 0.00015425
71313: 0.000154247
71314: 0.000154245
71315: 0.000154243
71316: 0.000154241
71317: 0.000154239
71318: 0.000154237
71319: 0.000154234
71320: 0.000154232
71321: 0.00015423
71322: 0.000154228
71323: 0.000154226
71324: 0.000154224
71325: 0.000154221
71326: 0.000154219
71327: 0.000154217
71328: 0.000154215
71329: 0.000154213
71330: 0.000154211
71331: 0.000154208
71332: 0.000154206
71333: 0.000154204
71334: 0.000154202
71335: 0.0001542
71336: 0.000154198
71337: 0.000154196
71338: 0.000154193
71339: 0.000154191
71340: 0.000154189
71341: 0.000154187
71342: 0.000154185
71343: 0.000154183
71344: 0.00015418
71345: 0.000154178
71346: 0.000154176
71347: 0.000154174
71348: 0.000154172
71349: 0.00015417
71350: 0.000154167
71351: 0.000154165
71352: 0.000154163
71353: 0.000154161
71354: 0.000154159
71355: 0.000154157
71356: 0.000154154
71357: 0.000154152
71358: 0.00015415
71359: 0.000154148
71360: 0.000154146
71361: 0.000154144
71362: 0.000154142
71363: 0.000154139
71364: 0.000154137
71365: 0.000154135
71366: 0.000154133
71367: 0.000154131
71368: 0.000154129
71369: 0.000154126
71370: 0.000154124
71371: 0.000154122
71372: 0.00015412
71373: 0.000154118
71374: 0.000154116
71375: 0.000154113
71376: 0.000154111
71377: 0.000154109
71378: 0.000154107
71379: 0.000154105
71380: 0.000154103
71381: 0.0001541
71382: 0.000154098
71383: 0.000154096
71384: 0.000154094
71385: 0.000154092
71386: 0.00015409
71387: 0.000154088
71388: 0.000154085
71389: 0.000154083
71390: 0.000154081
71391: 0.000154079
71392: 0.000154077
71393: 0.000154075
71394: 0.000154072
71395: 0.00015407
71396: 0.000154068
71397: 0.000154066
71398: 0.000154064
71399: 0.000154062
71400: 0.000154059
71401: 0.000154057
71402: 0.000154055
71403: 0.000154053
71404: 0.000154051
71405: 0.000154049
71406: 0.000154047
71407: 0.000154044
71408: 0.000154042
71409: 0.00015404
71410: 0.000154038
71411: 0.000154036
71412: 0.000154034
71413: 0.000154031
71414: 0.000154029
71415: 0.000154027
71416: 0.000154025
71417: 0.000154023
71418: 0.000154021
71419: 0.000154018
71420: 0.000154016
71421: 0.000154014
71422: 0.000154012
71423: 0.00015401
71424: 0.000154008
71425: 0.000154006
71426: 0.000154003
71427: 0.000154001
71428: 0.000153999
71429: 0.000153997
71430: 0.000153995
71431: 0.000153993
71432: 0.00015399
71433: 0.000153988
71434: 0.000153986
71435: 0.000153984
71436: 0.000153982
71437: 0.00015398
71438: 0.000153978
71439: 0.000153975
71440: 0.000153973
71441: 0.000153971
71442: 0.000153969
71443: 0.000153967
71444: 0.000153965
71445: 0.000153962
71446: 0.00015396
71447: 0.000153958
71448: 0.000153956
71449: 0.000153954
71450: 0.000153952
71451: 0.00015395
71452: 0.000153947
71453: 0.000153945
71454: 0.000153943
71455: 0.000153941
71456: 0.000153939
71457: 0.000153937
71458: 0.000153934
71459: 0.000153932
71460: 0.00015393
71461: 0.000153928
71462: 0.000153926
71463: 0.000153924
71464: 0.000153922
71465: 0.000153919
71466: 0.000153917
71467: 0.000153915
71468: 0.000153913
71469: 0.000153911
71470: 0.000153909
71471: 0.000153906
71472: 0.000153904
71473: 0.000153902
71474: 0.0001539
71475: 0.000153898
71476: 0.000153896
71477: 0.000153894
71478: 0.000153891
71479: 0.000153889
71480: 0.000153887
71481: 0.000153885
71482: 0.000153883
71483: 0.000153881
71484: 0.000153878
71485: 0.000153876
71486: 0.000153874
71487: 0.000153872
71488: 0.00015387
71489: 0.000153868
71490: 0.000153866
71491: 0.000153863
71492: 0.000153861
71493: 0.000153859
71494: 0.000153857
71495: 0.000153855
71496: 0.000153853
71497: 0.00015385
71498: 0.000153848
71499: 0.000153846
71500: 0.000153844
71501: 0.000153842
71502: 0.00015384
71503: 0.000153838
71504: 0.000153835
71505: 0.000153833
71506: 0.000153831
71507: 0.000153829
71508: 0.000153827
71509: 0.000153825
71510: 0.000153822
71511: 0.00015382
71512: 0.000153818
71513: 0.000153816
71514: 0.000153814
71515: 0.000153812
71516: 0.00015381
71517: 0.000153807
71518: 0.000153805
71519: 0.000153803
71520: 0.000153801
71521: 0.000153799
71522: 0.000153797
71523: 0.000153795
71524: 0.000153792
71525: 0.00015379
71526: 0.000153788
71527: 0.000153786
71528: 0.000153784
71529: 0.000153782
71530: 0.000153779
71531: 0.000153777
71532: 0.000153775
71533: 0.000153773
71534: 0.000153771
71535: 0.000153769
71536: 0.000153767
71537: 0.000153764
71538: 0.000153762
71539: 0.00015376
71540: 0.000153758
71541: 0.000153756
71542: 0.000153754
71543: 0.000153752
71544: 0.000153749
71545: 0.000153747
71546: 0.000153745
71547: 0.000153743
71548: 0.000153741
71549: 0.000153739
71550: 0.000153736
71551: 0.000153734
71552: 0.000153732
71553: 0.00015373
71554: 0.000153728
71555: 0.000153726
71556: 0.000153724
71557: 0.000153721
71558: 0.000153719
71559: 0.000153717
71560: 0.000153715
71561: 0.000153713
71562: 0.000153711
71563: 0.000153709
71564: 0.000153706
71565: 0.000153704
71566: 0.000153702
71567: 0.0001537
71568: 0.000153698
71569: 0.000153696
71570: 0.000153694
71571: 0.000153691
71572: 0.000153689
71573: 0.000153687
71574: 0.000153685
71575: 0.000153683
71576: 0.000153681
71577: 0.000153679
71578: 0.000153676
71579: 0.000153674
71580: 0.000153672
71581: 0.00015367
71582: 0.000153668
71583: 0.000153666
71584: 0.000153663
71585: 0.000153661
71586: 0.000153659
71587: 0.000153657
71588: 0.000153655
71589: 0.000153653
71590: 0.000153651
71591: 0.000153648
71592: 0.000153646
71593: 0.000153644
71594: 0.000153642
71595: 0.00015364
71596: 0.000153638
71597: 0.000153636
71598: 0.000153633
71599: 0.000153631
71600: 0.000153629
71601: 0.000153627
71602: 0.000153625
71603: 0.000153623
71604: 0.000153621
71605: 0.000153618
71606: 0.000153616
71607: 0.000153614
71608: 0.000153612
71609: 0.00015361
71610: 0.000153608
71611: 0.000153606
71612: 0.000153603
71613: 0.000153601
71614: 0.000153599
71615: 0.000153597
71616: 0.000153595
71617: 0.000153593
71618: 0.000153591
71619: 0.000153588
71620: 0.000153586
71621: 0.000153584
71622: 0.000153582
71623: 0.00015358
71624: 0.000153578
71625: 0.000153576
71626: 0.000153573
71627: 0.000153571
71628: 0.000153569
71629: 0.000153567
71630: 0.000153565
71631: 0.000153563
71632: 0.000153561
71633: 0.000153558
71634: 0.000153556
71635: 0.000153554
71636: 0.000153552
71637: 0.00015355
71638: 0.000153548
71639: 0.000153546
71640: 0.000153543
71641: 0.000153541
71642: 0.000153539
71643: 0.000153537
71644: 0.000153535
71645: 0.000153533
71646: 0.000153531
71647: 0.000153528
71648: 0.000153526
71649: 0.000153524
71650: 0.000153522
71651: 0.00015352
71652: 0.000153518
71653: 0.000153516
71654: 0.000153513
71655: 0.000153511
71656: 0.000153509
71657: 0.000153507
71658: 0.000153505
71659: 0.000153503
71660: 0.000153501
71661: 0.000153498
71662: 0.000153496
71663: 0.000153494
71664: 0.000153492
71665: 0.00015349
71666: 0.000153488
71667: 0.000153486
71668: 0.000153483
71669: 0.000153481
71670: 0.000153479
71671: 0.000153477
71672: 0.000153475
71673: 0.000153473
71674: 0.000153471
71675: 0.000153468
71676: 0.000153466
71677: 0.000153464
71678: 0.000153462
71679: 0.00015346
71680: 0.000153458
71681: 0.000153456
71682: 0.000153453
71683: 0.000153451
71684: 0.000153449
71685: 0.000153447
71686: 0.000153445
71687: 0.000153443
71688: 0.000153441
71689: 0.000153438
71690: 0.000153436
71691: 0.000153434
71692: 0.000153432
71693: 0.00015343
71694: 0.000153428
71695: 0.000153426
71696: 0.000153423
71697: 0.000153421
71698: 0.000153419
71699: 0.000153417
71700: 0.000153415
71701: 0.000153413
71702: 0.000153411
71703: 0.000153408
71704: 0.000153406
71705: 0.000153404
71706: 0.000153402
71707: 0.0001534
71708: 0.000153398
71709: 0.000153396
71710: 0.000153393
71711: 0.000153391
71712: 0.000153389
71713: 0.000153387
71714: 0.000153385
71715: 0.000153383
71716: 0.000153381
71717: 0.000153379
71718: 0.000153376
71719: 0.000153374
71720: 0.000153372
71721: 0.00015337
71722: 0.000153368
71723: 0.000153366
71724: 0.000153364
71725: 0.000153361
71726: 0.000153359
71727: 0.000153357
71728: 0.000153355
71729: 0.000153353
71730: 0.000153351
71731: 0.000153349
71732: 0.000153346
71733: 0.000153344
71734: 0.000153342
71735: 0.00015334
71736: 0.000153338
71737: 0.000153336
71738: 0.000153334
71739: 0.000153331
71740: 0.000153329
71741: 0.000153327
71742: 0.000153325
71743: 0.000153323
71744: 0.000153321
71745: 0.000153319
71746: 0.000153317
71747: 0.000153314
71748: 0.000153312
71749: 0.00015331
71750: 0.000153308
71751: 0.000153306
71752: 0.000153304
71753: 0.000153302
71754: 0.000153299
71755: 0.000153297
71756: 0.000153295
71757: 0.000153293
71758: 0.000153291
71759: 0.000153289
71760: 0.000153287
71761: 0.000153284
71762: 0.000153282
71763: 0.00015328
71764: 0.000153278
71765: 0.000153276
71766: 0.000153274
71767: 0.000153272
71768: 0.00015327
71769: 0.000153267
71770: 0.000153265
71771: 0.000153263
71772: 0.000153261
71773: 0.000153259
71774: 0.000153257
71775: 0.000153255
71776: 0.000153252
71777: 0.00015325
71778: 0.000153248
71779: 0.000153246
71780: 0.000153244
71781: 0.000153242
71782: 0.00015324
71783: 0.000153237
71784: 0.000153235
71785: 0.000153233
71786: 0.000153231
71787: 0.000153229
71788: 0.000153227
71789: 0.000153225
71790: 0.000153223
71791: 0.00015322
71792: 0.000153218
71793: 0.000153216
71794: 0.000153214
71795: 0.000153212
71796: 0.00015321
71797: 0.000153208
71798: 0.000153205
71799: 0.000153203
71800: 0.000153201
71801: 0.000153199
71802: 0.000153197
71803: 0.000153195
71804: 0.000153193
71805: 0.000153191
71806: 0.000153188
71807: 0.000153186
71808: 0.000153184
71809: 0.000153182
71810: 0.00015318
71811: 0.000153178
71812: 0.000153176
71813: 0.000153173
71814: 0.000153171
71815: 0.000153169
71816: 0.000153167
71817: 0.000153165
71818: 0.000153163
71819: 0.000153161
71820: 0.000153159
71821: 0.000153156
71822: 0.000153154
71823: 0.000153152
71824: 0.00015315
71825: 0.000153148
71826: 0.000153146
71827: 0.000153144
71828: 0.000153141
71829: 0.000153139
71830: 0.000153137
71831: 0.000153135
71832: 0.000153133
71833: 0.000153131
71834: 0.000153129
71835: 0.000153127
71836: 0.000153124
71837: 0.000153122
71838: 0.00015312
71839: 0.000153118
71840: 0.000153116
71841: 0.000153114
71842: 0.000153112
71843: 0.00015311
71844: 0.000153107
71845: 0.000153105
71846: 0.000153103
71847: 0.000153101
71848: 0.000153099
71849: 0.000153097
71850: 0.000153095
71851: 0.000153092
71852: 0.00015309
71853: 0.000153088
71854: 0.000153086
71855: 0.000153084
71856: 0.000153082
71857: 0.00015308
71858: 0.000153078
71859: 0.000153075
71860: 0.000153073
71861: 0.000153071
71862: 0.000153069
71863: 0.000153067
71864: 0.000153065
71865: 0.000153063
71866: 0.000153061
71867: 0.000153058
71868: 0.000153056
71869: 0.000153054
71870: 0.000153052
71871: 0.00015305
71872: 0.000153048
71873: 0.000153046
71874: 0.000153043
71875: 0.000153041
71876: 0.000153039
71877: 0.000153037
71878: 0.000153035
71879: 0.000153033
71880: 0.000153031
71881: 0.000153029
71882: 0.000153026
71883: 0.000153024
71884: 0.000153022
71885: 0.00015302
71886: 0.000153018
71887: 0.000153016
71888: 0.000153014
71889: 0.000153012
71890: 0.000153009
71891: 0.000153007
71892: 0.000153005
71893: 0.000153003
71894: 0.000153001
71895: 0.000152999
71896: 0.000152997
71897: 0.000152995
71898: 0.000152992
71899: 0.00015299
71900: 0.000152988
71901: 0.000152986
71902: 0.000152984
71903: 0.000152982
71904: 0.00015298
71905: 0.000152977
71906: 0.000152975
71907: 0.000152973
71908: 0.000152971
71909: 0.000152969
71910: 0.000152967
71911: 0.000152965
71912: 0.000152963
71913: 0.00015296
71914: 0.000152958
71915: 0.000152956
71916: 0.000152954
71917: 0.000152952
71918: 0.00015295
71919: 0.000152948
71920: 0.000152946
71921: 0.000152943
71922: 0.000152941
71923: 0.000152939
71924: 0.000152937
71925: 0.000152935
71926: 0.000152933
71927: 0.000152931
71928: 0.000152929
71929: 0.000152926
71930: 0.000152924
71931: 0.000152922
71932: 0.00015292
71933: 0.000152918
71934: 0.000152916
71935: 0.000152914
71936: 0.000152912
71937: 0.000152909
71938: 0.000152907
71939: 0.000152905
71940: 0.000152903
71941: 0.000152901
71942: 0.000152899
71943: 0.000152897
71944: 0.000152895
71945: 0.000152892
71946: 0.00015289
71947: 0.000152888
71948: 0.000152886
71949: 0.000152884
71950: 0.000152882
71951: 0.00015288
71952: 0.000152878
71953: 0.000152875
71954: 0.000152873
71955: 0.000152871
71956: 0.000152869
71957: 0.000152867
71958: 0.000152865
71959: 0.000152863
71960: 0.000152861
71961: 0.000152858
71962: 0.000152856
71963: 0.000152854
71964: 0.000152852
71965: 0.00015285
71966: 0.000152848
71967: 0.000152846
71968: 0.000152844
71969: 0.000152841
71970: 0.000152839
71971: 0.000152837
71972: 0.000152835
71973: 0.000152833
71974: 0.000152831
71975: 0.000152829
71976: 0.000152827
71977: 0.000152824
71978: 0.000152822
71979: 0.00015282
71980: 0.000152818
71981: 0.000152816
71982: 0.000152814
71983: 0.000152812
71984: 0.00015281
71985: 0.000152807
71986: 0.000152805
71987: 0.000152803
71988: 0.000152801
71989: 0.000152799
71990: 0.000152797
71991: 0.000152795
71992: 0.000152793
71993: 0.000152791
71994: 0.000152788
71995: 0.000152786
71996: 0.000152784
71997: 0.000152782
71998: 0.00015278
71999: 0.000152778
72000: 0.000152776
72001: 0.000152774
72002: 0.000152771
72003: 0.000152769
72004: 0.000152767
72005: 0.000152765
72006: 0.000152763
72007: 0.000152761
72008: 0.000152759
72009: 0.000152757
72010: 0.000152754
72011: 0.000152752
72012: 0.00015275
72013: 0.000152748
72014: 0.000152746
72015: 0.000152744
72016: 0.000152742
72017: 0.00015274
72018: 0.000152737
72019: 0.000152735
72020: 0.000152733
72021: 0.000152731
72022: 0.000152729
72023: 0.000152727
72024: 0.000152725
72025: 0.000152723
72026: 0.000152721
72027: 0.000152718
72028: 0.000152716
72029: 0.000152714
72030: 0.000152712
72031: 0.00015271
72032: 0.000152708
72033: 0.000152706
72034: 0.000152704
72035: 0.000152701
72036: 0.000152699
72037: 0.000152697
72038: 0.000152695
72039: 0.000152693
72040: 0.000152691
72041: 0.000152689
72042: 0.000152687
72043: 0.000152684
72044: 0.000152682
72045: 0.00015268
72046: 0.000152678
72047: 0.000152676
72048: 0.000152674
72049: 0.000152672
72050: 0.00015267
72051: 0.000152668
72052: 0.000152665
72053: 0.000152663
72054: 0.000152661
72055: 0.000152659
72056: 0.000152657
72057: 0.000152655
72058: 0.000152653
72059: 0.000152651
72060: 0.000152648
72061: 0.000152646
72062: 0.000152644
72063: 0.000152642
72064: 0.00015264
72065: 0.000152638
72066: 0.000152636
72067: 0.000152634
72068: 0.000152632
72069: 0.000152629
72070: 0.000152627
72071: 0.000152625
72072: 0.000152623
72073: 0.000152621
72074: 0.000152619
72075: 0.000152617
72076: 0.000152615
72077: 0.000152612
72078: 0.00015261
72079: 0.000152608
72080: 0.000152606
72081: 0.000152604
72082: 0.000152602
72083: 0.0001526
72084: 0.000152598
72085: 0.000152596
72086: 0.000152593
72087: 0.000152591
72088: 0.000152589
72089: 0.000152587
72090: 0.000152585
72091: 0.000152583
72092: 0.000152581
72093: 0.000152579
72094: 0.000152576
72095: 0.000152574
72096: 0.000152572
72097: 0.00015257
72098: 0.000152568
72099: 0.000152566
72100: 0.000152564
72101: 0.000152562
72102: 0.00015256
72103: 0.000152557
72104: 0.000152555
72105: 0.000152553
72106: 0.000152551
72107: 0.000152549
72108: 0.000152547
72109: 0.000152545
72110: 0.000152543
72111: 0.00015254
72112: 0.000152538
72113: 0.000152536
72114: 0.000152534
72115: 0.000152532
72116: 0.00015253
72117: 0.000152528
72118: 0.000152526
72119: 0.000152524
72120: 0.000152521
72121: 0.000152519
72122: 0.000152517
72123: 0.000152515
72124: 0.000152513
72125: 0.000152511
72126: 0.000152509
72127: 0.000152507
72128: 0.000152505
72129: 0.000152502
72130: 0.0001525
72131: 0.000152498
72132: 0.000152496
72133: 0.000152494
72134: 0.000152492
72135: 0.00015249
72136: 0.000152488
72137: 0.000152486
72138: 0.000152483
72139: 0.000152481
72140: 0.000152479
72141: 0.000152477
72142: 0.000152475
72143: 0.000152473
72144: 0.000152471
72145: 0.000152469
72146: 0.000152466
72147: 0.000152464
72148: 0.000152462
72149: 0.00015246
72150: 0.000152458
72151: 0.000152456
72152: 0.000152454
72153: 0.000152452
72154: 0.00015245
72155: 0.000152447
72156: 0.000152445
72157: 0.000152443
72158: 0.000152441
72159: 0.000152439
72160: 0.000152437
72161: 0.000152435
72162: 0.000152433
72163: 0.000152431
72164: 0.000152428
72165: 0.000152426
72166: 0.000152424
72167: 0.000152422
72168: 0.00015242
72169: 0.000152418
72170: 0.000152416
72171: 0.000152414
72172: 0.000152412
72173: 0.000152409
72174: 0.000152407
72175: 0.000152405
72176: 0.000152403
72177: 0.000152401
72178: 0.000152399
72179: 0.000152397
72180: 0.000152395
72181: 0.000152393
72182: 0.00015239
72183: 0.000152388
72184: 0.000152386
72185: 0.000152384
72186: 0.000152382
72187: 0.00015238
72188: 0.000152378
72189: 0.000152376
72190: 0.000152374
72191: 0.000152371
72192: 0.000152369
72193: 0.000152367
72194: 0.000152365
72195: 0.000152363
72196: 0.000152361
72197: 0.000152359
72198: 0.000152357
72199: 0.000152355
72200: 0.000152352
72201: 0.00015235
72202: 0.000152348
72203: 0.000152346
72204: 0.000152344
72205: 0.000152342
72206: 0.00015234
72207: 0.000152338
72208: 0.000152336
72209: 0.000152333
72210: 0.000152331
72211: 0.000152329
72212: 0.000152327
72213: 0.000152325
72214: 0.000152323
72215: 0.000152321
72216: 0.000152319
72217: 0.000152317
72218: 0.000152314
72219: 0.000152312
72220: 0.00015231
72221: 0.000152308
72222: 0.000152306
72223: 0.000152304
72224: 0.000152302
72225: 0.0001523
72226: 0.000152298
72227: 0.000152296
72228: 0.000152293
72229: 0.000152291
72230: 0.000152289
72231: 0.000152287
72232: 0.000152285
72233: 0.000152283
72234: 0.000152281
72235: 0.000152279
72236: 0.000152277
72237: 0.000152274
72238: 0.000152272
72239: 0.00015227
72240: 0.000152268
72241: 0.000152266
72242: 0.000152264
72243: 0.000152262
72244: 0.00015226
72245: 0.000152258
72246: 0.000152255
72247: 0.000152253
72248: 0.000152251
72249: 0.000152249
72250: 0.000152247
72251: 0.000152245
72252: 0.000152243
72253: 0.000152241
72254: 0.000152239
72255: 0.000152236
72256: 0.000152234
72257: 0.000152232
72258: 0.00015223
72259: 0.000152228
72260: 0.000152226
72261: 0.000152224
72262: 0.000152222
72263: 0.00015222
72264: 0.000152218
72265: 0.000152215
72266: 0.000152213
72267: 0.000152211
72268: 0.000152209
72269: 0.000152207
72270: 0.000152205
72271: 0.000152203
72272: 0.000152201
72273: 0.000152199
72274: 0.000152196
72275: 0.000152194
72276: 0.000152192
72277: 0.00015219
72278: 0.000152188
72279: 0.000152186
72280: 0.000152184
72281: 0.000152182
72282: 0.00015218
72283: 0.000152178
72284: 0.000152175
72285: 0.000152173
72286: 0.000152171
72287: 0.000152169
72288: 0.000152167
72289: 0.000152165
72290: 0.000152163
72291: 0.000152161
72292: 0.000152159
72293: 0.000152156
72294: 0.000152154
72295: 0.000152152
72296: 0.00015215
72297: 0.000152148
72298: 0.000152146
72299: 0.000152144
72300: 0.000152142
72301: 0.00015214
72302: 0.000152138
72303: 0.000152135
72304: 0.000152133
72305: 0.000152131
72306: 0.000152129
72307: 0.000152127
72308: 0.000152125
72309: 0.000152123
72310: 0.000152121
72311: 0.000152119
72312: 0.000152116
72313: 0.000152114
72314: 0.000152112
72315: 0.00015211
72316: 0.000152108
72317: 0.000152106
72318: 0.000152104
72319: 0.000152102
72320: 0.0001521
72321: 0.000152098
72322: 0.000152095
72323: 0.000152093
72324: 0.000152091
72325: 0.000152089
72326: 0.000152087
72327: 0.000152085
72328: 0.000152083
72329: 0.000152081
72330: 0.000152079
72331: 0.000152077
72332: 0.000152074
72333: 0.000152072
72334: 0.00015207
72335: 0.000152068
72336: 0.000152066
72337: 0.000152064
72338: 0.000152062
72339: 0.00015206
72340: 0.000152058
72341: 0.000152056
72342: 0.000152053
72343: 0.000152051
72344: 0.000152049
72345: 0.000152047
72346: 0.000152045
72347: 0.000152043
72348: 0.000152041
72349: 0.000152039
72350: 0.000152037
72351: 0.000152034
72352: 0.000152032
72353: 0.00015203
72354: 0.000152028
72355: 0.000152026
72356: 0.000152024
72357: 0.000152022
72358: 0.00015202
72359: 0.000152018
72360: 0.000152016
72361: 0.000152013
72362: 0.000152011
72363: 0.000152009
72364: 0.000152007
72365: 0.000152005
72366: 0.000152003
72367: 0.000152001
72368: 0.000151999
72369: 0.000151997
72370: 0.000151995
72371: 0.000151992
72372: 0.00015199
72373: 0.000151988
72374: 0.000151986
72375: 0.000151984
72376: 0.000151982
72377: 0.00015198
72378: 0.000151978
72379: 0.000151976
72380: 0.000151974
72381: 0.000151971
72382: 0.000151969
72383: 0.000151967
72384: 0.000151965
72385: 0.000151963
72386: 0.000151961
72387: 0.000151959
72388: 0.000151957
72389: 0.000151955
72390: 0.000151953
72391: 0.00015195
72392: 0.000151948
72393: 0.000151946
72394: 0.000151944
72395: 0.000151942
72396: 0.00015194
72397: 0.000151938
72398: 0.000151936
72399: 0.000151934
72400: 0.000151932
72401: 0.00015193
72402: 0.000151927
72403: 0.000151925
72404: 0.000151923
72405: 0.000151921
72406: 0.000151919
72407: 0.000151917
72408: 0.000151915
72409: 0.000151913
72410: 0.000151911
72411: 0.000151909
72412: 0.000151906
72413: 0.000151904
72414: 0.000151902
72415: 0.0001519
72416: 0.000151898
72417: 0.000151896
72418: 0.000151894
72419: 0.000151892
72420: 0.00015189
72421: 0.000151888
72422: 0.000151885
72423: 0.000151883
72424: 0.000151881
72425: 0.000151879
72426: 0.000151877
72427: 0.000151875
72428: 0.000151873
72429: 0.000151871
72430: 0.000151869
72431: 0.000151867
72432: 0.000151864
72433: 0.000151862
72434: 0.00015186
72435: 0.000151858
72436: 0.000151856
72437: 0.000151854
72438: 0.000151852
72439: 0.00015185
72440: 0.000151848
72441: 0.000151846
72442: 0.000151844
72443: 0.000151841
72444: 0.000151839
72445: 0.000151837
72446: 0.000151835
72447: 0.000151833
72448: 0.000151831
72449: 0.000151829
72450: 0.000151827
72451: 0.000151825
72452: 0.000151823
72453: 0.00015182
72454: 0.000151818
72455: 0.000151816
72456: 0.000151814
72457: 0.000151812
72458: 0.00015181
72459: 0.000151808
72460: 0.000151806
72461: 0.000151804
72462: 0.000151802
72463: 0.0001518
72464: 0.000151797
72465: 0.000151795
72466: 0.000151793
72467: 0.000151791
72468: 0.000151789
72469: 0.000151787
72470: 0.000151785
72471: 0.000151783
72472: 0.000151781
72473: 0.000151779
72474: 0.000151776
72475: 0.000151774
72476: 0.000151772
72477: 0.00015177
72478: 0.000151768
72479: 0.000151766
72480: 0.000151764
72481: 0.000151762
72482: 0.00015176
72483: 0.000151758
72484: 0.000151756
72485: 0.000151753
72486: 0.000151751
72487: 0.000151749
72488: 0.000151747
72489: 0.000151745
72490: 0.000151743
72491: 0.000151741
72492: 0.000151739
72493: 0.000151737
72494: 0.000151735
72495: 0.000151733
72496: 0.00015173
72497: 0.000151728
72498: 0.000151726
72499: 0.000151724
72500: 0.000151722
72501: 0.00015172
72502: 0.000151718
72503: 0.000151716
72504: 0.000151714
72505: 0.000151712
72506: 0.000151709
72507: 0.000151707
72508: 0.000151705
72509: 0.000151703
72510: 0.000151701
72511: 0.000151699
72512: 0.000151697
72513: 0.000151695
72514: 0.000151693
72515: 0.000151691
72516: 0.000151689
72517: 0.000151686
72518: 0.000151684
72519: 0.000151682
72520: 0.00015168
72521: 0.000151678
72522: 0.000151676
72523: 0.000151674
72524: 0.000151672
72525: 0.00015167
72526: 0.000151668
72527: 0.000151666
72528: 0.000151663
72529: 0.000151661
72530: 0.000151659
72531: 0.000151657
72532: 0.000151655
72533: 0.000151653
72534: 0.000151651
72535: 0.000151649
72536: 0.000151647
72537: 0.000151645
72538: 0.000151643
72539: 0.00015164
72540: 0.000151638
72541: 0.000151636
72542: 0.000151634
72543: 0.000151632
72544: 0.00015163
72545: 0.000151628
72546: 0.000151626
72547: 0.000151624
72548: 0.000151622
72549: 0.00015162
72550: 0.000151617
72551: 0.000151615
72552: 0.000151613
72553: 0.000151611
72554: 0.000151609
72555: 0.000151607
72556: 0.000151605
72557: 0.000151603
72558: 0.000151601
72559: 0.000151599
72560: 0.000151597
72561: 0.000151594
72562: 0.000151592
72563: 0.00015159
72564: 0.000151588
72565: 0.000151586
72566: 0.000151584
72567: 0.000151582
72568: 0.00015158
72569: 0.000151578
72570: 0.000151576
72571: 0.000151574
72572: 0.000151572
72573: 0.000151569
72574: 0.000151567
72575: 0.000151565
72576: 0.000151563
72577: 0.000151561
72578: 0.000151559
72579: 0.000151557
72580: 0.000151555
72581: 0.000151553
72582: 0.000151551
72583: 0.000151549
72584: 0.000151546
72585: 0.000151544
72586: 0.000151542
72587: 0.00015154
72588: 0.000151538
72589: 0.000151536
72590: 0.000151534
72591: 0.000151532
72592: 0.00015153
72593: 0.000151528
72594: 0.000151526
72595: 0.000151523
72596: 0.000151521
72597: 0.000151519
72598: 0.000151517
72599: 0.000151515
72600: 0.000151513
72601: 0.000151511
72602: 0.000151509
72603: 0.000151507
72604: 0.000151505
72605: 0.000151503
72606: 0.000151501
72607: 0.000151498
72608: 0.000151496
72609: 0.000151494
72610: 0.000151492
72611: 0.00015149
72612: 0.000151488
72613: 0.000151486
72614: 0.000151484
72615: 0.000151482
72616: 0.00015148
72617: 0.000151478
72618: 0.000151476
72619: 0.000151473
72620: 0.000151471
72621: 0.000151469
72622: 0.000151467
72623: 0.000151465
72624: 0.000151463
72625: 0.000151461
72626: 0.000151459
72627: 0.000151457
72628: 0.000151455
72629: 0.000151453
72630: 0.00015145
72631: 0.000151448
72632: 0.000151446
72633: 0.000151444
72634: 0.000151442
72635: 0.00015144
72636: 0.000151438
72637: 0.000151436
72638: 0.000151434
72639: 0.000151432
72640: 0.00015143
72641: 0.000151428
72642: 0.000151425
72643: 0.000151423
72644: 0.000151421
72645: 0.000151419
72646: 0.000151417
72647: 0.000151415
72648: 0.000151413
72649: 0.000151411
72650: 0.000151409
72651: 0.000151407
72652: 0.000151405
72653: 0.000151403
72654: 0.0001514
72655: 0.000151398
72656: 0.000151396
72657: 0.000151394
72658: 0.000151392
72659: 0.00015139
72660: 0.000151388
72661: 0.000151386
72662: 0.000151384
72663: 0.000151382
72664: 0.00015138
72665: 0.000151378
72666: 0.000151375
72667: 0.000151373
72668: 0.000151371
72669: 0.000151369
72670: 0.000151367
72671: 0.000151365
72672: 0.000151363
72673: 0.000151361
72674: 0.000151359
72675: 0.000151357
72676: 0.000151355
72677: 0.000151353
72678: 0.00015135
72679: 0.000151348
72680: 0.000151346
72681: 0.000151344
72682: 0.000151342
72683: 0.00015134
72684: 0.000151338
72685: 0.000151336
72686: 0.000151334
72687: 0.000151332
72688: 0.00015133
72689: 0.000151328
72690: 0.000151325
72691: 0.000151323
72692: 0.000151321
72693: 0.000151319
72694: 0.000151317
72695: 0.000151315
72696: 0.000151313
72697: 0.000151311
72698: 0.000151309
72699: 0.000151307
72700: 0.000151305
72701: 0.000151303
72702: 0.0001513
72703: 0.000151298
72704: 0.000151296
72705: 0.000151294
72706: 0.000151292
72707: 0.00015129
72708: 0.000151288
72709: 0.000151286
72710: 0.000151284
72711: 0.000151282
72712: 0.00015128
72713: 0.000151278
72714: 0.000151276
72715: 0.000151273
72716: 0.000151271
72717: 0.000151269
72718: 0.000151267
72719: 0.000151265
72720: 0.000151263
72721: 0.000151261
72722: 0.000151259
72723: 0.000151257
72724: 0.000151255
72725: 0.000151253
72726: 0.000151251
72727: 0.000151248
72728: 0.000151246
72729: 0.000151244
72730: 0.000151242
72731: 0.00015124
72732: 0.000151238
72733: 0.000151236
72734: 0.000151234
72735: 0.000151232
72736: 0.00015123
72737: 0.000151228
72738: 0.000151226
72739: 0.000151224
72740: 0.000151221
72741: 0.000151219
72742: 0.000151217
72743: 0.000151215
72744: 0.000151213
72745: 0.000151211
72746: 0.000151209
72747: 0.000151207
72748: 0.000151205
72749: 0.000151203
72750: 0.000151201
72751: 0.000151199
72752: 0.000151197
72753: 0.000151194
72754: 0.000151192
72755: 0.00015119
72756: 0.000151188
72757: 0.000151186
72758: 0.000151184
72759: 0.000151182
72760: 0.00015118
72761: 0.000151178
72762: 0.000151176
72763: 0.000151174
72764: 0.000151172
72765: 0.00015117
72766: 0.000151167
72767: 0.000151165
72768: 0.000151163
72769: 0.000151161
72770: 0.000151159
72771: 0.000151157
72772: 0.000151155
72773: 0.000151153
72774: 0.000151151
72775: 0.000151149
72776: 0.000151147
72777: 0.000151145
72778: 0.000151142
72779: 0.00015114
72780: 0.000151138
72781: 0.000151136
72782: 0.000151134
72783: 0.000151132
72784: 0.00015113
72785: 0.000151128
72786: 0.000151126
72787: 0.000151124
72788: 0.000151122
72789: 0.00015112
72790: 0.000151118
72791: 0.000151116
72792: 0.000151113
72793: 0.000151111
72794: 0.000151109
72795: 0.000151107
72796: 0.000151105
72797: 0.000151103
72798: 0.000151101
72799: 0.000151099
72800: 0.000151097
72801: 0.000151095
72802: 0.000151093
72803: 0.000151091
72804: 0.000151089
72805: 0.000151086
72806: 0.000151084
72807: 0.000151082
72808: 0.00015108
72809: 0.000151078
72810: 0.000151076
72811: 0.000151074
72812: 0.000151072
72813: 0.00015107
72814: 0.000151068
72815: 0.000151066
72816: 0.000151064
72817: 0.000151062
72818: 0.000151059
72819: 0.000151057
72820: 0.000151055
72821: 0.000151053
72822: 0.000151051
72823: 0.000151049
72824: 0.000151047
72825: 0.000151045
72826: 0.000151043
72827: 0.000151041
72828: 0.000151039
72829: 0.000151037
72830: 0.000151035
72831: 0.000151033
72832: 0.00015103
72833: 0.000151028
72834: 0.000151026
72835: 0.000151024
72836: 0.000151022
72837: 0.00015102
72838: 0.000151018
72839: 0.000151016
72840: 0.000151014
72841: 0.000151012
72842: 0.00015101
72843: 0.000151008
72844: 0.000151006
72845: 0.000151003
72846: 0.000151001
72847: 0.000150999
72848: 0.000150997
72849: 0.000150995
72850: 0.000150993
72851: 0.000150991
72852: 0.000150989
72853: 0.000150987
72854: 0.000150985
72855: 0.000150983
72856: 0.000150981
72857: 0.000150979
72858: 0.000150977
72859: 0.000150974
72860: 0.000150972
72861: 0.00015097
72862: 0.000150968
72863: 0.000150966
72864: 0.000150964
72865: 0.000150962
72866: 0.00015096
72867: 0.000150958
72868: 0.000150956
72869: 0.000150954
72870: 0.000150952
72871: 0.00015095
72872: 0.000150948
72873: 0.000150945
72874: 0.000150943
72875: 0.000150941
72876: 0.000150939
72877: 0.000150937
72878: 0.000150935
72879: 0.000150933
72880: 0.000150931
72881: 0.000150929
72882: 0.000150927
72883: 0.000150925
72884: 0.000150923
72885: 0.000150921
72886: 0.000150919
72887: 0.000150916
72888: 0.000150914
72889: 0.000150912
72890: 0.00015091
72891: 0.000150908
72892: 0.000150906
72893: 0.000150904
72894: 0.000150902
72895: 0.0001509
72896: 0.000150898
72897: 0.000150896
72898: 0.000150894
72899: 0.000150892
72900: 0.00015089
72901: 0.000150887
72902: 0.000150885
72903: 0.000150883
72904: 0.000150881
72905: 0.000150879
72906: 0.000150877
72907: 0.000150875
72908: 0.000150873
72909: 0.000150871
72910: 0.000150869
72911: 0.000150867
72912: 0.000150865
72913: 0.000150863
72914: 0.000150861
72915: 0.000150859
72916: 0.000150856
72917: 0.000150854
72918: 0.000150852
72919: 0.00015085
72920: 0.000150848
72921: 0.000150846
72922: 0.000150844
72923: 0.000150842
72924: 0.00015084
72925: 0.000150838
72926: 0.000150836
72927: 0.000150834
72928: 0.000150832
72929: 0.00015083
72930: 0.000150827
72931: 0.000150825
72932: 0.000150823
72933: 0.000150821
72934: 0.000150819
72935: 0.000150817
72936: 0.000150815
72937: 0.000150813
72938: 0.000150811
72939: 0.000150809
72940: 0.000150807
72941: 0.000150805
72942: 0.000150803
72943: 0.000150801
72944: 0.000150799
72945: 0.000150796
72946: 0.000150794
72947: 0.000150792
72948: 0.00015079
72949: 0.000150788
72950: 0.000150786
72951: 0.000150784
72952: 0.000150782
72953: 0.00015078
72954: 0.000150778
72955: 0.000150776
72956: 0.000150774
72957: 0.000150772
72958: 0.00015077
72959: 0.000150768
72960: 0.000150765
72961: 0.000150763
72962: 0.000150761
72963: 0.000150759
72964: 0.000150757
72965: 0.000150755
72966: 0.000150753
72967: 0.000150751
72968: 0.000150749
72969: 0.000150747
72970: 0.000150745
72971: 0.000150743
72972: 0.000150741
72973: 0.000150739
72974: 0.000150737
72975: 0.000150734
72976: 0.000150732
72977: 0.00015073
72978: 0.000150728
72979: 0.000150726
72980: 0.000150724
72981: 0.000150722
72982: 0.00015072
72983: 0.000150718
72984: 0.000150716
72985: 0.000150714
72986: 0.000150712
72987: 0.00015071
72988: 0.000150708
72989: 0.000150706
72990: 0.000150704
72991: 0.000150701
72992: 0.000150699
72993: 0.000150697
72994: 0.000150695
72995: 0.000150693
72996: 0.000150691
72997: 0.000150689
72998: 0.000150687
72999: 0.000150685
73000: 0.000150683
73001: 0.000150681
73002: 0.000150679
73003: 0.000150677
73004: 0.000150675
73005: 0.000150673
73006: 0.00015067
73007: 0.000150668
73008: 0.000150666
73009: 0.000150664
73010: 0.000150662
73011: 0.00015066
73012: 0.000150658
73013: 0.000150656
73014: 0.000150654
73015: 0.000150652
73016: 0.00015065
73017: 0.000150648
73018: 0.000150646
73019: 0.000150644
73020: 0.000150642
73021: 0.00015064
73022: 0.000150637
73023: 0.000150635
73024: 0.000150633
73025: 0.000150631
73026: 0.000150629
73027: 0.000150627
73028: 0.000150625
73029: 0.000150623
73030: 0.000150621
73031: 0.000150619
73032: 0.000150617
73033: 0.000150615
73034: 0.000150613
73035: 0.000150611
73036: 0.000150609
73037: 0.000150607
73038: 0.000150604
73039: 0.000150602
73040: 0.0001506
73041: 0.000150598
73042: 0.000150596
73043: 0.000150594
73044: 0.000150592
73045: 0.00015059
73046: 0.000150588
73047: 0.000150586
73048: 0.000150584
73049: 0.000150582
73050: 0.00015058
73051: 0.000150578
73052: 0.000150576
73053: 0.000150574
73054: 0.000150571
73055: 0.000150569
73056: 0.000150567
73057: 0.000150565
73058: 0.000150563
73059: 0.000150561
73060: 0.000150559
73061: 0.000150557
73062: 0.000150555
73063: 0.000150553
73064: 0.000150551
73065: 0.000150549
73066: 0.000150547
73067: 0.000150545
73068: 0.000150543
73069: 0.000150541
73070: 0.000150539
73071: 0.000150536
73072: 0.000150534
73073: 0.000150532
73074: 0.00015053
73075: 0.000150528
73076: 0.000150526
73077: 0.000150524
73078: 0.000150522
73079: 0.00015052
73080: 0.000150518
73081: 0.000150516
73082: 0.000150514
73083: 0.000150512
73084: 0.00015051
73085: 0.000150508
73086: 0.000150506
73087: 0.000150504
73088: 0.000150501
73089: 0.000150499
73090: 0.000150497
73091: 0.000150495
73092: 0.000150493
73093: 0.000150491
73094: 0.000150489
73095: 0.000150487
73096: 0.000150485
73097: 0.000150483
73098: 0.000150481
73099: 0.000150479
73100: 0.000150477
73101: 0.000150475
73102: 0.000150473
73103: 0.000150471
73104: 0.000150469
73105: 0.000150466
73106: 0.000150464
73107: 0.000150462
73108: 0.00015046
73109: 0.000150458
73110: 0.000150456
73111: 0.000150454
73112: 0.000150452
73113: 0.00015045
73114: 0.000150448
73115: 0.000150446
73116: 0.000150444
73117: 0.000150442
73118: 0.00015044
73119: 0.000150438
73120: 0.000150436
73121: 0.000150434
73122: 0.000150431
73123: 0.000150429
73124: 0.000150427
73125: 0.000150425
73126: 0.000150423
73127: 0.000150421
73128: 0.000150419
73129: 0.000150417
73130: 0.000150415
73131: 0.000150413
73132: 0.000150411
73133: 0.000150409
73134: 0.000150407
73135: 0.000150405
73136: 0.000150403
73137: 0.000150401
73138: 0.000150399
73139: 0.000150396
73140: 0.000150394
73141: 0.000150392
73142: 0.00015039
73143: 0.000150388
73144: 0.000150386
73145: 0.000150384
73146: 0.000150382
73147: 0.00015038
73148: 0.000150378
73149: 0.000150376
73150: 0.000150374
73151: 0.000150372
73152: 0.00015037
73153: 0.000150368
73154: 0.000150366
73155: 0.000150364
73156: 0.000150362
73157: 0.000150359
73158: 0.000150357
73159: 0.000150355
73160: 0.000150353
73161: 0.000150351
73162: 0.000150349
73163: 0.000150347
73164: 0.000150345
73165: 0.000150343
73166: 0.000150341
73167: 0.000150339
73168: 0.000150337
73169: 0.000150335
73170: 0.000150333
73171: 0.000150331
73172: 0.000150329
73173: 0.000150327
73174: 0.000150325
73175: 0.000150323
73176: 0.00015032
73177: 0.000150318
73178: 0.000150316
73179: 0.000150314
73180: 0.000150312
73181: 0.00015031
73182: 0.000150308
73183: 0.000150306
73184: 0.000150304
73185: 0.000150302
73186: 0.0001503
73187: 0.000150298
73188: 0.000150296
73189: 0.000150294
73190: 0.000150292
73191: 0.00015029
73192: 0.000150288
73193: 0.000150286
73194: 0.000150283
73195: 0.000150281
73196: 0.000150279
73197: 0.000150277
73198: 0.000150275
73199: 0.000150273
73200: 0.000150271
73201: 0.000150269
73202: 0.000150267
73203: 0.000150265
73204: 0.000150263
73205: 0.000150261
73206: 0.000150259
73207: 0.000150257
73208: 0.000150255
73209: 0.000150253
73210: 0.000150251
73211: 0.000150249
73212: 0.000150247
73213: 0.000150244
73214: 0.000150242
73215: 0.00015024
73216: 0.000150238
73217: 0.000150236
73218: 0.000150234
73219: 0.000150232
73220: 0.00015023
73221: 0.000150228
73222: 0.000150226
73223: 0.000150224
73224: 0.000150222
73225: 0.00015022
73226: 0.000150218
73227: 0.000150216
73228: 0.000150214
73229: 0.000150212
73230: 0.00015021
73231: 0.000150208
73232: 0.000150206
73233: 0.000150203
73234: 0.000150201
73235: 0.000150199
73236: 0.000150197
73237: 0.000150195
73238: 0.000150193
73239: 0.000150191
73240: 0.000150189
73241: 0.000150187
73242: 0.000150185
73243: 0.000150183
73244: 0.000150181
73245: 0.000150179
73246: 0.000150177
73247: 0.000150175
73248: 0.000150173
73249: 0.000150171
73250: 0.000150169
73251: 0.000150167
73252: 0.000150164
73253: 0.000150162
73254: 0.00015016
73255: 0.000150158
73256: 0.000150156
73257: 0.000150154
73258: 0.000150152
73259: 0.00015015
73260: 0.000150148
73261: 0.000150146
73262: 0.000150144
73263: 0.000150142
73264: 0.00015014
73265: 0.000150138
73266: 0.000150136
73267: 0.000150134
73268: 0.000150132
73269: 0.00015013
73270: 0.000150128
73271: 0.000150126
73272: 0.000150124
73273: 0.000150121
73274: 0.000150119
73275: 0.000150117
73276: 0.000150115
73277: 0.000150113
73278: 0.000150111
73279: 0.000150109
73280: 0.000150107
73281: 0.000150105
73282: 0.000150103
73283: 0.000150101
73284: 0.000150099
73285: 0.000150097
73286: 0.000150095
73287: 0.000150093
73288: 0.000150091
73289: 0.000150089
73290: 0.000150087
73291: 0.000150085
73292: 0.000150083
73293: 0.00015008
73294: 0.000150078
73295: 0.000150076
73296: 0.000150074
73297: 0.000150072
73298: 0.00015007
73299: 0.000150068
73300: 0.000150066
73301: 0.000150064
73302: 0.000150062
73303: 0.00015006
73304: 0.000150058
73305: 0.000150056
73306: 0.000150054
73307: 0.000150052
73308: 0.00015005
73309: 0.000150048
73310: 0.000150046
73311: 0.000150044
73312: 0.000150042
73313: 0.00015004
73314: 0.000150038
73315: 0.000150035
73316: 0.000150033
73317: 0.000150031
73318: 0.000150029
73319: 0.000150027
73320: 0.000150025
73321: 0.000150023
73322: 0.000150021
73323: 0.000150019
73324: 0.000150017
73325: 0.000150015
73326: 0.000150013
73327: 0.000150011
73328: 0.000150009
73329: 0.000150007
73330: 0.000150005
73331: 0.000150003
73332: 0.000150001
73333: 0.000149999
73334: 0.000149997
73335: 0.000149995
73336: 0.000149993
73337: 0.00014999
73338: 0.000149988
73339: 0.000149986
73340: 0.000149984
73341: 0.000149982
73342: 0.00014998
73343: 0.000149978
73344: 0.000149976
73345: 0.000149974
73346: 0.000149972
73347: 0.00014997
73348: 0.000149968
73349: 0.000149966
73350: 0.000149964
73351: 0.000149962
73352: 0.00014996
73353: 0.000149958
73354: 0.000149956
73355: 0.000149954
73356: 0.000149952
73357: 0.00014995
73358: 0.000149948
73359: 0.000149945
73360: 0.000149943
73361: 0.000149941
73362: 0.000149939
73363: 0.000149937
73364: 0.000149935
73365: 0.000149933
73366: 0.000149931
73367: 0.000149929
73368: 0.000149927
73369: 0.000149925
73370: 0.000149923
73371: 0.000149921
73372: 0.000149919
73373: 0.000149917
73374: 0.000149915
73375: 0.000149913
73376: 0.000149911
73377: 0.000149909
73378: 0.000149907
73379: 0.000149905
73380: 0.000149903
73381: 0.000149901
73382: 0.000149898
73383: 0.000149896
73384: 0.000149894
73385: 0.000149892
73386: 0.00014989
73387: 0.000149888
73388: 0.000149886
73389: 0.000149884
73390: 0.000149882
73391: 0.00014988
73392: 0.000149878
73393: 0.000149876
73394: 0.000149874
73395: 0.000149872
73396: 0.00014987
73397: 0.000149868
73398: 0.000149866
73399: 0.000149864
73400: 0.000149862
73401: 0.00014986
73402: 0.000149858
73403: 0.000149856
73404: 0.000149854
73405: 0.000149852
73406: 0.000149849
73407: 0.000149847
73408: 0.000149845
73409: 0.000149843
73410: 0.000149841
73411: 0.000149839
73412: 0.000149837
73413: 0.000149835
73414: 0.000149833
73415: 0.000149831
73416: 0.000149829
73417: 0.000149827
73418: 0.000149825
73419: 0.000149823
73420: 0.000149821
73421: 0.000149819
73422: 0.000149817
73423: 0.000149815
73424: 0.000149813
73425: 0.000149811
73426: 0.000149809
73427: 0.000149807
73428: 0.000149805
73429: 0.000149803
73430: 0.0001498
73431: 0.000149798
73432: 0.000149796
73433: 0.000149794
73434: 0.000149792
73435: 0.00014979
73436: 0.000149788
73437: 0.000149786
73438: 0.000149784
73439: 0.000149782
73440: 0.00014978
73441: 0.000149778
73442: 0.000149776
73443: 0.000149774
73444: 0.000149772
73445: 0.00014977
73446: 0.000149768
73447: 0.000149766
73448: 0.000149764
73449: 0.000149762
73450: 0.00014976
73451: 0.000149758
73452: 0.000149756
73453: 0.000149754
73454: 0.000149752
73455: 0.00014975
73456: 0.000149747
73457: 0.000149745
73458: 0.000149743
73459: 0.000149741
73460: 0.000149739
73461: 0.000149737
73462: 0.000149735
73463: 0.000149733
73464: 0.000149731
73465: 0.000149729
73466: 0.000149727
73467: 0.000149725
73468: 0.000149723
73469: 0.000149721
73470: 0.000149719
73471: 0.000149717
73472: 0.000149715
73473: 0.000149713
73474: 0.000149711
73475: 0.000149709
73476: 0.000149707
73477: 0.000149705
73478: 0.000149703
73479: 0.000149701
73480: 0.000149699
73481: 0.000149697
73482: 0.000149694
73483: 0.000149692
73484: 0.00014969
73485: 0.000149688
73486: 0.000149686
73487: 0.000149684
73488: 0.000149682
73489: 0.00014968
73490: 0.000149678
73491: 0.000149676
73492: 0.000149674
73493: 0.000149672
73494: 0.00014967
73495: 0.000149668
73496: 0.000149666
73497: 0.000149664
73498: 0.000149662
73499: 0.00014966
73500: 0.000149658
73501: 0.000149656
73502: 0.000149654
73503: 0.000149652
73504: 0.00014965
73505: 0.000149648
73506: 0.000149646
73507: 0.000149644
73508: 0.000149642
73509: 0.00014964
73510: 0.000149637
73511: 0.000149635
73512: 0.000149633
73513: 0.000149631
73514: 0.000149629
73515: 0.000149627
73516: 0.000149625
73517: 0.000149623
73518: 0.000149621
73519: 0.000149619
73520: 0.000149617
73521: 0.000149615
73522: 0.000149613
73523: 0.000149611
73524: 0.000149609
73525: 0.000149607
73526: 0.000149605
73527: 0.000149603
73528: 0.000149601
73529: 0.000149599
73530: 0.000149597
73531: 0.000149595
73532: 0.000149593
73533: 0.000149591
73534: 0.000149589
73535: 0.000149587
73536: 0.000149585
73537: 0.000149583
73538: 0.00014958
73539: 0.000149578
73540: 0.000149576
73541: 0.000149574
73542: 0.000149572
73543: 0.00014957
73544: 0.000149568
73545: 0.000149566
73546: 0.000149564
73547: 0.000149562
73548: 0.00014956
73549: 0.000149558
73550: 0.000149556
73551: 0.000149554
73552: 0.000149552
73553: 0.00014955
73554: 0.000149548
73555: 0.000149546
73556: 0.000149544
73557: 0.000149542
73558: 0.00014954
73559: 0.000149538
73560: 0.000149536
73561: 0.000149534
73562: 0.000149532
73563: 0.00014953
73564: 0.000149528
73565: 0.000149526
73566: 0.000149524
73567: 0.000149522
73568: 0.000149519
73569: 0.000149517
73570: 0.000149515
73571: 0.000149513
73572: 0.000149511
73573: 0.000149509
73574: 0.000149507
73575: 0.000149505
73576: 0.000149503
73577: 0.000149501
73578: 0.000149499
73579: 0.000149497
73580: 0.000149495
73581: 0.000149493
73582: 0.000149491
73583: 0.000149489
73584: 0.000149487
73585: 0.000149485
73586: 0.000149483
73587: 0.000149481
73588: 0.000149479
73589: 0.000149477
73590: 0.000149475
73591: 0.000149473
73592: 0.000149471
73593: 0.000149469
73594: 0.000149467
73595: 0.000149465
73596: 0.000149463
73597: 0.000149461
73598: 0.000149459
73599: 0.000149457
73600: 0.000149454
73601: 0.000149452
73602: 0.00014945
73603: 0.000149448
73604: 0.000149446
73605: 0.000149444
73606: 0.000149442
73607: 0.00014944
73608: 0.000149438
73609: 0.000149436
73610: 0.000149434
73611: 0.000149432
73612: 0.00014943
73613: 0.000149428
73614: 0.000149426
73615: 0.000149424
73616: 0.000149422
73617: 0.00014942
73618: 0.000149418
73619: 0.000149416
73620: 0.000149414
73621: 0.000149412
73622: 0.00014941
73623: 0.000149408
73624: 0.000149406
73625: 0.000149404
73626: 0.000149402
73627: 0.0001494
73628: 0.000149398
73629: 0.000149396
73630: 0.000149394
73631: 0.000149392
73632: 0.00014939
73633: 0.000149388
73634: 0.000149385
73635: 0.000149383
73636: 0.000149381
73637: 0.000149379
73638: 0.000149377
73639: 0.000149375
73640: 0.000149373
73641: 0.000149371
73642: 0.000149369
73643: 0.000149367
73644: 0.000149365
73645: 0.000149363
73646: 0.000149361
73647: 0.000149359
73648: 0.000149357
73649: 0.000149355
73650: 0.000149353
73651: 0.000149351
73652: 0.000149349
73653: 0.000149347
73654: 0.000149345
73655: 0.000149343
73656: 0.000149341
73657: 0.000149339
73658: 0.000149337
73659: 0.000149335
73660: 0.000149333
73661: 0.000149331
73662: 0.000149329
73663: 0.000149327
73664: 0.000149325
73665: 0.000149323
73666: 0.000149321
73667: 0.000149319
73668: 0.000149317
73669: 0.000149315
73670: 0.000149312
73671: 0.00014931
73672: 0.000149308
73673: 0.000149306
73674: 0.000149304
73675: 0.000149302
73676: 0.0001493
73677: 0.000149298
73678: 0.000149296
73679: 0.000149294
73680: 0.000149292
73681: 0.00014929
73682: 0.000149288
73683: 0.000149286
73684: 0.000149284
73685: 0.000149282
73686: 0.00014928
73687: 0.000149278
73688: 0.000149276
73689: 0.000149274
73690: 0.000149272
73691: 0.00014927
73692: 0.000149268
73693: 0.000149266
73694: 0.000149264
73695: 0.000149262
73696: 0.00014926
73697: 0.000149258
73698: 0.000149256
73699: 0.000149254
73700: 0.000149252
73701: 0.00014925
73702: 0.000149248
73703: 0.000149246
73704: 0.000149244
73705: 0.000149242
73706: 0.00014924
73707: 0.000149238
73708: 0.000149236
73709: 0.000149233
73710: 0.000149231
73711: 0.000149229
73712: 0.000149227
73713: 0.000149225
73714: 0.000149223
73715: 0.000149221
73716: 0.000149219
73717: 0.000149217
73718: 0.000149215
73719: 0.000149213
73720: 0.000149211
73721: 0.000149209
73722: 0.000149207
73723: 0.000149205
73724: 0.000149203
73725: 0.000149201
73726: 0.000149199
73727: 0.000149197
73728: 0.000149195
73729: 0.000149193
73730: 0.000149191
73731: 0.000149189
73732: 0.000149187
73733: 0.000149185
73734: 0.000149183
73735: 0.000149181
73736: 0.000149179
73737: 0.000149177
73738: 0.000149175
73739: 0.000149173
73740: 0.000149171
73741: 0.000149169
73742: 0.000149167
73743: 0.000149165
73744: 0.000149163
73745: 0.000149161
73746: 0.000149159
73747: 0.000149157
73748: 0.000149155
73749: 0.000149153
73750: 0.000149151
73751: 0.000149148
73752: 0.000149146
73753: 0.000149144
73754: 0.000149142
73755: 0.00014914
73756: 0.000149138
73757: 0.000149136
73758: 0.000149134
73759: 0.000149132
73760: 0.00014913
73761: 0.000149128
73762: 0.000149126
73763: 0.000149124
73764: 0.000149122
73765: 0.00014912
73766: 0.000149118
73767: 0.000149116
73768: 0.000149114
73769: 0.000149112
73770: 0.00014911
73771: 0.000149108
73772: 0.000149106
73773: 0.000149104
73774: 0.000149102
73775: 0.0001491
73776: 0.000149098
73777: 0.000149096
73778: 0.000149094
73779: 0.000149092
73780: 0.00014909
73781: 0.000149088
73782: 0.000149086
73783: 0.000149084
73784: 0.000149082
73785: 0.00014908
73786: 0.000149078
73787: 0.000149076
73788: 0.000149074
73789: 0.000149072
73790: 0.00014907
73791: 0.000149068
73792: 0.000149066
73793: 0.000149064
73794: 0.000149062
73795: 0.00014906
73796: 0.000149058
73797: 0.000149056
73798: 0.000149054
73799: 0.000149051
73800: 0.000149049
73801: 0.000149047
73802: 0.000149045
73803: 0.000149043
73804: 0.000149041
73805: 0.000149039
73806: 0.000149037
73807: 0.000149035
73808: 0.000149033
73809: 0.000149031
73810: 0.000149029
73811: 0.000149027
73812: 0.000149025
73813: 0.000149023
73814: 0.000149021
73815: 0.000149019
73816: 0.000149017
73817: 0.000149015
73818: 0.000149013
73819: 0.000149011
73820: 0.000149009
73821: 0.000149007
73822: 0.000149005
73823: 0.000149003
73824: 0.000149001
73825: 0.000148999
73826: 0.000148997
73827: 0.000148995
73828: 0.000148993
73829: 0.000148991
73830: 0.000148989
73831: 0.000148987
73832: 0.000148985
73833: 0.000148983
73834: 0.000148981
73835: 0.000148979
73836: 0.000148977
73837: 0.000148975
73838: 0.000148973
73839: 0.000148971
73840: 0.000148969
73841: 0.000148967
73842: 0.000148965
73843: 0.000148963
73844: 0.000148961
73845: 0.000148959
73846: 0.000148957
73847: 0.000148955
73848: 0.000148953
73849: 0.000148951
73850: 0.000148949
73851: 0.000148947
73852: 0.000148945
73853: 0.000148943
73854: 0.00014894
73855: 0.000148938
73856: 0.000148936
73857: 0.000148934
73858: 0.000148932
73859: 0.00014893
73860: 0.000148928
73861: 0.000148926
73862: 0.000148924
73863: 0.000148922
73864: 0.00014892
73865: 0.000148918
73866: 0.000148916
73867: 0.000148914
73868: 0.000148912
73869: 0.00014891
73870: 0.000148908
73871: 0.000148906
73872: 0.000148904
73873: 0.000148902
73874: 0.0001489
73875: 0.000148898
73876: 0.000148896
73877: 0.000148894
73878: 0.000148892
73879: 0.00014889
73880: 0.000148888
73881: 0.000148886
73882: 0.000148884
73883: 0.000148882
73884: 0.00014888
73885: 0.000148878
73886: 0.000148876
73887: 0.000148874
73888: 0.000148872
73889: 0.00014887
73890: 0.000148868
73891: 0.000148866
73892: 0.000148864
73893: 0.000148862
73894: 0.00014886
73895: 0.000148858
73896: 0.000148856
73897: 0.000148854
73898: 0.000148852
73899: 0.00014885
73900: 0.000148848
73901: 0.000148846
73902: 0.000148844
73903: 0.000148842
73904: 0.00014884
73905: 0.000148838
73906: 0.000148836
73907: 0.000148834
73908: 0.000148832
73909: 0.00014883
73910: 0.000148828
73911: 0.000148826
73912: 0.000148824
73913: 0.000148822
73914: 0.00014882
73915: 0.000148818
73916: 0.000148816
73917: 0.000148814
73918: 0.000148812
73919: 0.00014881
73920: 0.000148808
73921: 0.000148805
73922: 0.000148803
73923: 0.000148801
73924: 0.000148799
73925: 0.000148797
73926: 0.000148795
73927: 0.000148793
73928: 0.000148791
73929: 0.000148789
73930: 0.000148787
73931: 0.000148785
73932: 0.000148783
73933: 0.000148781
73934: 0.000148779
73935: 0.000148777
73936: 0.000148775
73937: 0.000148773
73938: 0.000148771
73939: 0.000148769
73940: 0.000148767
73941: 0.000148765
73942: 0.000148763
73943: 0.000148761
73944: 0.000148759
73945: 0.000148757
73946: 0.000148755
73947: 0.000148753
73948: 0.000148751
73949: 0.000148749
73950: 0.000148747
73951: 0.000148745
73952: 0.000148743
73953: 0.000148741
73954: 0.000148739
73955: 0.000148737
73956: 0.000148735
73957: 0.000148733
73958: 0.000148731
73959: 0.000148729
73960: 0.000148727
73961: 0.000148725
73962: 0.000148723
73963: 0.000148721
73964: 0.000148719
73965: 0.000148717
73966: 0.000148715
73967: 0.000148713
73968: 0.000148711
73969: 0.000148709
73970: 0.000148707
73971: 0.000148705
73972: 0.000148703
73973: 0.000148701
73974: 0.000148699
73975: 0.000148697
73976: 0.000148695
73977: 0.000148693
73978: 0.000148691
73979: 0.000148689
73980: 0.000148687
73981: 0.000148685
73982: 0.000148683
73983: 0.000148681
73984: 0.000148679
73985: 0.000148677
73986: 0.000148675
73987: 0.000148673
73988: 0.000148671
73989: 0.000148669
73990: 0.000148667
73991: 0.000148665
73992: 0.000148663
73993: 0.000148661
73994: 0.000148659
73995: 0.000148657
73996: 0.000148655
73997: 0.000148653
73998: 0.000148651
73999: 0.000148649
74000: 0.000148647
74001: 0.000148645
74002: 0.000148643
74003: 0.000148641
74004: 0.000148639
74005: 0.000148637
74006: 0.000148635
74007: 0.000148633
74008: 0.000148631
74009: 0.000148629
74010: 0.000148627
74011: 0.000148625
74012: 0.000148623
74013: 0.000148621
74014: 0.000148619
74015: 0.000148617
74016: 0.000148615
74017: 0.000148612
74018: 0.00014861
74019: 0.000148608
74020: 0.000148606
74021: 0.000148604
74022: 0.000148602
74023: 0.0001486
74024: 0.000148598
74025: 0.000148596
74026: 0.000148594
74027: 0.000148592
74028: 0.00014859
74029: 0.000148588
74030: 0.000148586
74031: 0.000148584
74032: 0.000148582
74033: 0.00014858
74034: 0.000148578
74035: 0.000148576
74036: 0.000148574
74037: 0.000148572
74038: 0.00014857
74039: 0.000148568
74040: 0.000148566
74041: 0.000148564
74042: 0.000148562
74043: 0.00014856
74044: 0.000148558
74045: 0.000148556
74046: 0.000148554
74047: 0.000148552
74048: 0.00014855
74049: 0.000148548
74050: 0.000148546
74051: 0.000148544
74052: 0.000148542
74053: 0.00014854
74054: 0.000148538
74055: 0.000148536
74056: 0.000148534
74057: 0.000148532
74058: 0.00014853
74059: 0.000148528
74060: 0.000148526
74061: 0.000148524
74062: 0.000148522
74063: 0.00014852
74064: 0.000148518
74065: 0.000148516
74066: 0.000148514
74067: 0.000148512
74068: 0.00014851
74069: 0.000148508
74070: 0.000148506
74071: 0.000148504
74072: 0.000148502
74073: 0.0001485
74074: 0.000148498
74075: 0.000148496
74076: 0.000148494
74077: 0.000148492
74078: 0.00014849
74079: 0.000148488
74080: 0.000148486
74081: 0.000148484
74082: 0.000148482
74083: 0.00014848
74084: 0.000148478
74085: 0.000148476
74086: 0.000148474
74087: 0.000148472
74088: 0.00014847
74089: 0.000148468
74090: 0.000148466
74091: 0.000148464
74092: 0.000148462
74093: 0.00014846
74094: 0.000148458
74095: 0.000148456
74096: 0.000148454
74097: 0.000148452
74098: 0.00014845
74099: 0.000148448
74100: 0.000148446
74101: 0.000148444
74102: 0.000148442
74103: 0.00014844
74104: 0.000148438
74105: 0.000148436
74106: 0.000148434
74107: 0.000148432
74108: 0.00014843
74109: 0.000148428
74110: 0.000148426
74111: 0.000148424
74112: 0.000148422
74113: 0.00014842
74114: 0.000148418
74115: 0.000148416
74116: 0.000148414
74117: 0.000148412
74118: 0.00014841
74119: 0.000148408
74120: 0.000148406
74121: 0.000148404
74122: 0.000148402
74123: 0.0001484
74124: 0.000148398
74125: 0.000148396
74126: 0.000148394
74127: 0.000148392
74128: 0.00014839
74129: 0.000148388
74130: 0.000148386
74131: 0.000148384
74132: 0.000148382
74133: 0.00014838
74134: 0.000148378
74135: 0.000148376
74136: 0.000148374
74137: 0.000148372
74138: 0.00014837
74139: 0.000148368
74140: 0.000148366
74141: 0.000148364
74142: 0.000148362
74143: 0.00014836
74144: 0.000148358
74145: 0.000148356
74146: 0.000148354
74147: 0.000148352
74148: 0.00014835
74149: 0.000148348
74150: 0.000148346
74151: 0.000148344
74152: 0.000148342
74153: 0.00014834
74154: 0.000148338
74155: 0.000148336
74156: 0.000148334
74157: 0.000148332
74158: 0.00014833
74159: 0.000148328
74160: 0.000148326
74161: 0.000148324
74162: 0.000148322
74163: 0.00014832
74164: 0.000148318
74165: 0.000148316
74166: 0.000148314
74167: 0.000148312
74168: 0.00014831
74169: 0.000148308
74170: 0.000148306
74171: 0.000148304
74172: 0.000148302
74173: 0.0001483
74174: 0.000148298
74175: 0.000148296
74176: 0.000148294
74177: 0.000148292
74178: 0.00014829
74179: 0.000148288
74180: 0.000148286
74181: 0.000148284
74182: 0.000148282
74183: 0.00014828
74184: 0.000148278
74185: 0.000148276
74186: 0.000148274
74187: 0.000148272
74188: 0.00014827
74189: 0.000148268
74190: 0.000148266
74191: 0.000148264
74192: 0.000148262
74193: 0.00014826
74194: 0.000148258
74195: 0.000148256
74196: 0.000148254
74197: 0.000148252
74198: 0.00014825
74199: 0.000148248
74200: 0.000148246
74201: 0.000148244
74202: 0.000148242
74203: 0.00014824
74204: 0.000148238
74205: 0.000148236
74206: 0.000148234
74207: 0.000148232
74208: 0.00014823
74209: 0.000148228
74210: 0.000148226
74211: 0.000148224
74212: 0.000148222
74213: 0.00014822
74214: 0.000148218
74215: 0.000148216
74216: 0.000148214
74217: 0.000148212
74218: 0.00014821
74219: 0.000148208
74220: 0.000148206
74221: 0.000148204
74222: 0.000148202
74223: 0.0001482
74224: 0.000148198
74225: 0.000148196
74226: 0.000148194
74227: 0.000148192
74228: 0.00014819
74229: 0.000148188
74230: 0.000148186
74231: 0.000148184
74232: 0.000148182
74233: 0.00014818
74234: 0.000148178
74235: 0.000148176
74236: 0.000148174
74237: 0.000148172
74238: 0.00014817
74239: 0.000148168
74240: 0.000148166
74241: 0.000148164
74242: 0.000148162
74243: 0.00014816
74244: 0.000148158
74245: 0.000148156
74246: 0.000148154
74247: 0.000148152
74248: 0.00014815
74249: 0.000148148
74250: 0.000148146
74251: 0.000148144
74252: 0.000148142
74253: 0.00014814
74254: 0.000148138
74255: 0.000148136
74256: 0.000148134
74257: 0.000148132
74258: 0.00014813
74259: 0.000148128
74260: 0.000148126
74261: 0.000148124
74262: 0.000148122
74263: 0.00014812
74264: 0.000148118
74265: 0.000148116
74266: 0.000148114
74267: 0.000148112
74268: 0.00014811
74269: 0.000148108
74270: 0.000148106
74271: 0.000148104
74272: 0.000148102
74273: 0.0001481
74274: 0.000148098
74275: 0.000148096
74276: 0.000148094
74277: 0.000148092
74278: 0.00014809
74279: 0.000148088
74280: 0.000148086
74281: 0.000148084
74282: 0.000148082
74283: 0.00014808
74284: 0.000148078
74285: 0.000148076
74286: 0.000148074
74287: 0.000148072
74288: 0.00014807
74289: 0.000148068
74290: 0.000148066
74291: 0.000148064
74292: 0.000148062
74293: 0.00014806
74294: 0.000148058
74295: 0.000148056
74296: 0.000148054
74297: 0.000148052
74298: 0.00014805
74299: 0.000148048
74300: 0.000148046
74301: 0.000148044
74302: 0.000148042
74303: 0.00014804
74304: 0.000148038
74305: 0.000148036
74306: 0.000148035
74307: 0.000148033
74308: 0.000148031
74309: 0.000148029
74310: 0.000148027
74311: 0.000148025
74312: 0.000148023
74313: 0.000148021
74314: 0.000148019
74315: 0.000148017
74316: 0.000148015
74317: 0.000148013
74318: 0.000148011
74319: 0.000148009
74320: 0.000148007
74321: 0.000148005
74322: 0.000148003
74323: 0.000148001
74324: 0.000147999
74325: 0.000147997
74326: 0.000147995
74327: 0.000147993
74328: 0.000147991
74329: 0.000147989
74330: 0.000147987
74331: 0.000147985
74332: 0.000147983
74333: 0.000147981
74334: 0.000147979
74335: 0.000147977
74336: 0.000147975
74337: 0.000147973
74338: 0.000147971
74339: 0.000147969
74340: 0.000147967
74341: 0.000147965
74342: 0.000147963
74343: 0.000147961
74344: 0.000147959
74345: 0.000147957
74346: 0.000147955
74347: 0.000147953
74348: 0.000147951
74349: 0.000147949
74350: 0.000147947
74351: 0.000147945
74352: 0.000147943
74353: 0.000147941
74354: 0.000147939
74355: 0.000147937
74356: 0.000147935
74357: 0.000147933
74358: 0.000147931
74359: 0.000147929
74360: 0.000147927
74361: 0.000147925
74362: 0.000147923
74363: 0.000147921
74364: 0.000147919
74365: 0.000147917
74366: 0.000147915
74367: 0.000147913
74368: 0.000147911
74369: 0.000147909
74370: 0.000147907
74371: 0.000147905
74372: 0.000147903
74373: 0.000147901
74374: 0.000147899
74375: 0.000147897
74376: 0.000147895
74377: 0.000147893
74378: 0.000147891
74379: 0.000147889
74380: 0.000147887
74381: 0.000147885
74382: 0.000147883
74383: 0.000147881
74384: 0.000147879
74385: 0.000147877
74386: 0.000147875
74387: 0.000147873
74388: 0.000147871
74389: 0.000147869
74390: 0.000147867
74391: 0.000147865
74392: 0.000147863
74393: 0.000147861
74394: 0.000147859
74395: 0.000147857
74396: 0.000147855
74397: 0.000147853
74398: 0.000147851
74399: 0.000147849
74400: 0.000147847
74401: 0.000147845
74402: 0.000147844
74403: 0.000147842
74404: 0.00014784
74405: 0.000147838
74406: 0.000147836
74407: 0.000147834
74408: 0.000147832
74409: 0.00014783
74410: 0.000147828
74411: 0.000147826
74412: 0.000147824
74413: 0.000147822
74414: 0.00014782
74415: 0.000147818
74416: 0.000147816
74417: 0.000147814
74418: 0.000147812
74419: 0.00014781
74420: 0.000147808
74421: 0.000147806
74422: 0.000147804
74423: 0.000147802
74424: 0.0001478
74425: 0.000147798
74426: 0.000147796
74427: 0.000147794
74428: 0.000147792
74429: 0.00014779
74430: 0.000147788
74431: 0.000147786
74432: 0.000147784
74433: 0.000147782
74434: 0.00014778
74435: 0.000147778
74436: 0.000147776
74437: 0.000147774
74438: 0.000147772
74439: 0.00014777
74440: 0.000147768
74441: 0.000147766
74442: 0.000147764
74443: 0.000147762
74444: 0.00014776
74445: 0.000147758
74446: 0.000147756
74447: 0.000147754
74448: 0.000147752
74449: 0.00014775
74450: 0.000147748
74451: 0.000147746
74452: 0.000147744
74453: 0.000147742
74454: 0.00014774
74455: 0.000147738
74456: 0.000147736
74457: 0.000147734
74458: 0.000147732
74459: 0.00014773
74460: 0.000147728
74461: 0.000147726
74462: 0.000147724
74463: 0.000147722
74464: 0.00014772
74465: 0.000147718
74466: 0.000147716
74467: 0.000147714
74468: 0.000147712
74469: 0.00014771
74470: 0.000147709
74471: 0.000147707
74472: 0.000147705
74473: 0.000147703
74474: 0.000147701
74475: 0.000147699
74476: 0.000147697
74477: 0.000147695
74478: 0.000147693
74479: 0.000147691
74480: 0.000147689
74481: 0.000147687
74482: 0.000147685
74483: 0.000147683
74484: 0.000147681
74485: 0.000147679
74486: 0.000147677
74487: 0.000147675
74488: 0.000147673
74489: 0.000147671
74490: 0.000147669
74491: 0.000147667
74492: 0.000147665
74493: 0.000147663
74494: 0.000147661
74495: 0.000147659
74496: 0.000147657
74497: 0.000147655
74498: 0.000147653
74499: 0.000147651
74500: 0.000147649
74501: 0.000147647
74502: 0.000147645
74503: 0.000147643
74504: 0.000147641
74505: 0.000147639
74506: 0.000147637
74507: 0.000147635
74508: 0.000147633
74509: 0.000147631
74510: 0.000147629
74511: 0.000147627
74512: 0.000147625
74513: 0.000147623
74514: 0.000147621
74515: 0.000147619
74516: 0.000147617
74517: 0.000147615
74518: 0.000147613
74519: 0.000147611
74520: 0.000147609
74521: 0.000147607
74522: 0.000147605
74523: 0.000147603
74524: 0.000147601
74525: 0.000147599
74526: 0.000147598
74527: 0.000147596
74528: 0.000147594
74529: 0.000147592
74530: 0.00014759
74531: 0.000147588
74532: 0.000147586
74533: 0.000147584
74534: 0.000147582
74535: 0.00014758
74536: 0.000147578
74537: 0.000147576
74538: 0.000147574
74539: 0.000147572
74540: 0.00014757
74541: 0.000147568
74542: 0.000147566
74543: 0.000147564
74544: 0.000147562
74545: 0.00014756
74546: 0.000147558
74547: 0.000147556
74548: 0.000147554
74549: 0.000147552
74550: 0.00014755
74551: 0.000147548
74552: 0.000147546
74553: 0.000147544
74554: 0.000147542
74555: 0.00014754
74556: 0.000147538
74557: 0.000147536
74558: 0.000147534
74559: 0.000147532
74560: 0.00014753
74561: 0.000147528
74562: 0.000147526
74563: 0.000147524
74564: 0.000147522
74565: 0.00014752
74566: 0.000147518
74567: 0.000147516
74568: 0.000147514
74569: 0.000147512
74570: 0.00014751
74571: 0.000147508
74572: 0.000147506
74573: 0.000147504
74574: 0.000147503
74575: 0.000147501
74576: 0.000147499
74577: 0.000147497
74578: 0.000147495
74579: 0.000147493
74580: 0.000147491
74581: 0.000147489
74582: 0.000147487
74583: 0.000147485
74584: 0.000147483
74585: 0.000147481
74586: 0.000147479
74587: 0.000147477
74588: 0.000147475
74589: 0.000147473
74590: 0.000147471
74591: 0.000147469
74592: 0.000147467
74593: 0.000147465
74594: 0.000147463
74595: 0.000147461
74596: 0.000147459
74597: 0.000147457
74598: 0.000147455
74599: 0.000147453
74600: 0.000147451
74601: 0.000147449
74602: 0.000147447
74603: 0.000147445
74604: 0.000147443
74605: 0.000147441
74606: 0.000147439
74607: 0.000147437
74608: 0.000147435
74609: 0.000147433
74610: 0.000147431
74611: 0.000147429
74612: 0.000147427
74613: 0.000147425
74614: 0.000147423
74615: 0.000147421
74616: 0.000147419
74617: 0.000147418
74618: 0.000147416
74619: 0.000147414
74620: 0.000147412
74621: 0.00014741
74622: 0.000147408
74623: 0.000147406
74624: 0.000147404
74625: 0.000147402
74626: 0.0001474
74627: 0.000147398
74628: 0.000147396
74629: 0.000147394
74630: 0.000147392
74631: 0.00014739
74632: 0.000147388
74633: 0.000147386
74634: 0.000147384
74635: 0.000147382
74636: 0.00014738
74637: 0.000147378
74638: 0.000147376
74639: 0.000147374
74640: 0.000147372
74641: 0.00014737
74642: 0.000147368
74643: 0.000147366
74644: 0.000147364
74645: 0.000147362
74646: 0.00014736
74647: 0.000147358
74648: 0.000147356
74649: 0.000147354
74650: 0.000147352
74651: 0.00014735
74652: 0.000147348
74653: 0.000147346
74654: 0.000147344
74655: 0.000147342
74656: 0.000147341
74657: 0.000147339
74658: 0.000147337
74659: 0.000147335
74660: 0.000147333
74661: 0.000147331
74662: 0.000147329
74663: 0.000147327
74664: 0.000147325
74665: 0.000147323
74666: 0.000147321
74667: 0.000147319
74668: 0.000147317
74669: 0.000147315
74670: 0.000147313
74671: 0.000147311
74672: 0.000147309
74673: 0.000147307
74674: 0.000147305
74675: 0.000147303
74676: 0.000147301
74677: 0.000147299
74678: 0.000147297
74679: 0.000147295
74680: 0.000147293
74681: 0.000147291
74682: 0.000147289
74683: 0.000147287
74684: 0.000147285
74685: 0.000147283
74686: 0.000147281
74687: 0.000147279
74688: 0.000147277
74689: 0.000147275
74690: 0.000147273
74691: 0.000147271
74692: 0.000147269
74693: 0.000147268
74694: 0.000147266
74695: 0.000147264
74696: 0.000147262
74697: 0.00014726
74698: 0.000147258
74699: 0.000147256
74700: 0.000147254
74701: 0.000147252
74702: 0.00014725
74703: 0.000147248
74704: 0.000147246
74705: 0.000147244
74706: 0.000147242
74707: 0.00014724
74708: 0.000147238
74709: 0.000147236
74710: 0.000147234
74711: 0.000147232
74712: 0.00014723
74713: 0.000147228
74714: 0.000147226
74715: 0.000147224
74716: 0.000147222
74717: 0.00014722
74718: 0.000147218
74719: 0.000147216
74720: 0.000147214
74721: 0.000147212
74722: 0.00014721
74723: 0.000147208
74724: 0.000147206
74725: 0.000147204
74726: 0.000147202
74727: 0.000147201
74728: 0.000147199
74729: 0.000147197
74730: 0.000147195
74731: 0.000147193
74732: 0.000147191
74733: 0.000147189
74734: 0.000147187
74735: 0.000147185
74736: 0.000147183
74737: 0.000147181
74738: 0.000147179
74739: 0.000147177
74740: 0.000147175
74741: 0.000147173
74742: 0.000147171
74743: 0.000147169
74744: 0.000147167
74745: 0.000147165
74746: 0.000147163
74747: 0.000147161
74748: 0.000147159
74749: 0.000147157
74750: 0.000147155
74751: 0.000147153
74752: 0.000147151
74753: 0.000147149
74754: 0.000147147
74755: 0.000147145
74756: 0.000147143
74757: 0.000147141
74758: 0.000147139
74759: 0.000147138
74760: 0.000147136
74761: 0.000147134
74762: 0.000147132
74763: 0.00014713
74764: 0.000147128
74765: 0.000147126
74766: 0.000147124
74767: 0.000147122
74768: 0.00014712
74769: 0.000147118
74770: 0.000147116
74771: 0.000147114
74772: 0.000147112
74773: 0.00014711
74774: 0.000147108
74775: 0.000147106
74776: 0.000147104
74777: 0.000147102
74778: 0.0001471
74779: 0.000147098
74780: 0.000147096
74781: 0.000147094
74782: 0.000147092
74783: 0.00014709
74784: 0.000147088
74785: 0.000147086
74786: 0.000147084
74787: 0.000147082
74788: 0.00014708
74789: 0.000147078
74790: 0.000147077
74791: 0.000147075
74792: 0.000147073
74793: 0.000147071
74794: 0.000147069
74795: 0.000147067
74796: 0.000147065
74797: 0.000147063
74798: 0.000147061
74799: 0.000147059
74800: 0.000147057
74801: 0.000147055
74802: 0.000147053
74803: 0.000147051
74804: 0.000147049
74805: 0.000147047
74806: 0.000147045
74807: 0.000147043
74808: 0.000147041
74809: 0.000147039
74810: 0.000147037
74811: 0.000147035
74812: 0.000147033
74813: 0.000147031
74814: 0.000147029
74815: 0.000147027
74816: 0.000147025
74817: 0.000147023
74818: 0.000147021
74819: 0.00014702
74820: 0.000147018
74821: 0.000147016
74822: 0.000147014
74823: 0.000147012
74824: 0.00014701
74825: 0.000147008
74826: 0.000147006
74827: 0.000147004
74828: 0.000147002
74829: 0.000147
74830: 0.000146998
74831: 0.000146996
74832: 0.000146994
74833: 0.000146992
74834: 0.00014699
74835: 0.000146988
74836: 0.000146986
74837: 0.000146984
74838: 0.000146982
74839: 0.00014698
74840: 0.000146978
74841: 0.000146976
74842: 0.000146974
74843: 0.000146972
74844: 0.00014697
74845: 0.000146968
74846: 0.000146966
74847: 0.000146965
74848: 0.000146963
74849: 0.000146961
74850: 0.000146959
74851: 0.000146957
74852: 0.000146955
74853: 0.000146953
74854: 0.000146951
74855: 0.000146949
74856: 0.000146947
74857: 0.000146945
74858: 0.000146943
74859: 0.000146941
74860: 0.000146939
74861: 0.000146937
74862: 0.000146935
74863: 0.000146933
74864: 0.000146931
74865: 0.000146929
74866: 0.000146927
74867: 0.000146925
74868: 0.000146923
74869: 0.000146921
74870: 0.000146919
74871: 0.000146917
74872: 0.000146915
74873: 0.000146913
74874: 0.000146912
74875: 0.00014691
74876: 0.000146908
74877: 0.000146906
74878: 0.000146904
74879: 0.000146902
74880: 0.0001469
74881: 0.000146898
74882: 0.000146896
74883: 0.000146894
74884: 0.000146892
74885: 0.00014689
74886: 0.000146888
74887: 0.000146886
74888: 0.000146884
74889: 0.000146882
74890: 0.00014688
74891: 0.000146878
74892: 0.000146876
74893: 0.000146874
74894: 0.000146872
74895: 0.00014687
74896: 0.000146868
74897: 0.000146866
74898: 0.000146864
74899: 0.000146862
74900: 0.000146861
74901: 0.000146859
74902: 0.000146857
74903: 0.000146855
74904: 0.000146853
74905: 0.000146851
74906: 0.000146849
74907: 0.000146847
74908: 0.000146845
74909: 0.000146843
74910: 0.000146841
74911: 0.000146839
74912: 0.000146837
74913: 0.000146835
74914: 0.000146833
74915: 0.000146831
74916: 0.000146829
74917: 0.000146827
74918: 0.000146825
74919: 0.000146823
74920: 0.000146821
74921: 0.000146819
74922: 0.000146817
74923: 0.000146815
74924: 0.000146813
74925: 0.000146812
74926: 0.00014681
74927: 0.000146808
74928: 0.000146806
74929: 0.000146804
74930: 0.000146802
74931: 0.0001468
74932: 0.000146798
74933: 0.000146796
74934: 0.000146794
74935: 0.000146792
74936: 0.00014679
74937: 0.000146788
74938: 0.000146786
74939: 0.000146784
74940: 0.000146782
74941: 0.00014678
74942: 0.000146778
74943: 0.000146776
74944: 0.000146774
74945: 0.000146772
74946: 0.00014677
74947: 0.000146768
74948: 0.000146766
74949: 0.000146765
74950: 0.000146763
74951: 0.000146761
74952: 0.000146759
74953: 0.000146757
74954: 0.000146755
74955: 0.000146753
74956: 0.000146751
74957: 0.000146749
74958: 0.000146747
74959: 0.000146745
74960: 0.000146743
74961: 0.000146741
74962: 0.000146739
74963: 0.000146737
74964: 0.000146735
74965: 0.000146733
74966: 0.000146731
74967: 0.000146729
74968: 0.000146727
74969: 0.000146725
74970: 0.000146723
74971: 0.000146721
74972: 0.000146719
74973: 0.000146718
74974: 0.000146716
74975: 0.000146714
74976: 0.000146712
74977: 0.00014671
74978: 0.000146708
74979: 0.000146706
74980: 0.000146704
74981: 0.000146702
74982: 0.0001467
74983: 0.000146698
74984: 0.000146696
74985: 0.000146694
74986: 0.000146692
74987: 0.00014669
74988: 0.000146688
74989: 0.000146686
74990: 0.000146684
74991: 0.000146682
74992: 0.00014668
74993: 0.000146678
74994: 0.000146676
74995: 0.000146674
74996: 0.000146673
74997: 0.000146671
74998: 0.000146669
74999: 0.000146667
75000: 0.000146665
75001: 0.000146663
75002: 0.000146661
75003: 0.000146659
75004: 0.000146657
75005: 0.000146655
75006: 0.000146653
75007: 0.000146651
75008: 0.000146649
75009: 0.000146647
75010: 0.000146645
75011: 0.000146643
75012: 0.000146641
75013: 0.000146639
75014: 0.000146637
75015: 0.000146635
75016: 0.000146633
75017: 0.000146631
75018: 0.00014663
75019: 0.000146628
75020: 0.000146626
75021: 0.000146624
75022: 0.000146622
75023: 0.00014662
75024: 0.000146618
75025: 0.000146616
75026: 0.000146614
75027: 0.000146612
75028: 0.00014661
75029: 0.000146608
75030: 0.000146606
75031: 0.000146604
75032: 0.000146602
75033: 0.0001466
75034: 0.000146598
75035: 0.000146596
75036: 0.000146594
75037: 0.000146592
75038: 0.00014659
75039: 0.000146588
75040: 0.000146587
75041: 0.000146585
75042: 0.000146583
75043: 0.000146581
75044: 0.000146579
75045: 0.000146577
75046: 0.000146575
75047: 0.000146573
75048: 0.000146571
75049: 0.000146569
75050: 0.000146567
75051: 0.000146565
75052: 0.000146563
75053: 0.000146561
75054: 0.000146559
75055: 0.000146557
75056: 0.000146555
75057: 0.000146553
75058: 0.000146551
75059: 0.000146549
75060: 0.000146547
75061: 0.000146546
75062: 0.000146544
75063: 0.000146542
75064: 0.00014654
75065: 0.000146538
75066: 0.000146536
75067: 0.000146534
75068: 0.000146532
75069: 0.00014653
75070: 0.000146528
75071: 0.000146526
75072: 0.000146524
75073: 0.000146522
75074: 0.00014652
75075: 0.000146518
75076: 0.000146516
75077: 0.000146514
75078: 0.000146512
75079: 0.00014651
75080: 0.000146508
75081: 0.000146506
75082: 0.000146505
75083: 0.000146503
75084: 0.000146501
75085: 0.000146499
75086: 0.000146497
75087: 0.000146495
75088: 0.000146493
75089: 0.000146491
75090: 0.000146489
75091: 0.000146487
75092: 0.000146485
75093: 0.000146483
75094: 0.000146481
75095: 0.000146479
75096: 0.000146477
75097: 0.000146475
75098: 0.000146473
75099: 0.000146471
75100: 0.000146469
75101: 0.000146467
75102: 0.000146466
75103: 0.000146464
75104: 0.000146462
75105: 0.00014646
75106: 0.000146458
75107: 0.000146456
75108: 0.000146454
75109: 0.000146452
75110: 0.00014645
75111: 0.000146448
75112: 0.000146446
75113: 0.000146444
75114: 0.000146442
75115: 0.00014644
75116: 0.000146438
75117: 0.000146436
75118: 0.000146434
75119: 0.000146432
75120: 0.00014643
75121: 0.000146428
75122: 0.000146427
75123: 0.000146425
75124: 0.000146423
75125: 0.000146421
75126: 0.000146419
75127: 0.000146417
75128: 0.000146415
75129: 0.000146413
75130: 0.000146411
75131: 0.000146409
75132: 0.000146407
75133: 0.000146405
75134: 0.000146403
75135: 0.000146401
75136: 0.000146399
75137: 0.000146397
75138: 0.000146395
75139: 0.000146393
75140: 0.000146391
75141: 0.00014639
75142: 0.000146388
75143: 0.000146386
75144: 0.000146384
75145: 0.000146382
75146: 0.00014638
75147: 0.000146378
75148: 0.000146376
75149: 0.000146374
75150: 0.000146372
75151: 0.00014637
75152: 0.000146368
75153: 0.000146366
75154: 0.000146364
75155: 0.000146362
75156: 0.00014636
75157: 0.000146358
75158: 0.000146356
75159: 0.000146354
75160: 0.000146352
75161: 0.000146351
75162: 0.000146349
75163: 0.000146347
75164: 0.000146345
75165: 0.000146343
75166: 0.000146341
75167: 0.000146339
75168: 0.000146337
75169: 0.000146335
75170: 0.000146333
75171: 0.000146331
75172: 0.000146329
75173: 0.000146327
75174: 0.000146325
75175: 0.000146323
75176: 0.000146321
75177: 0.000146319
75178: 0.000146317
75179: 0.000146316
75180: 0.000146314
75181: 0.000146312
75182: 0.00014631
75183: 0.000146308
75184: 0.000146306
75185: 0.000146304
75186: 0.000146302
75187: 0.0001463
75188: 0.000146298
75189: 0.000146296
75190: 0.000146294
75191: 0.000146292
75192: 0.00014629
75193: 0.000146288
75194: 0.000146286
75195: 0.000146284
75196: 0.000146282
75197: 0.00014628
75198: 0.000146279
75199: 0.000146277
75200: 0.000146275
75201: 0.000146273
75202: 0.000146271
75203: 0.000146269
75204: 0.000146267
75205: 0.000146265
75206: 0.000146263
75207: 0.000146261
75208: 0.000146259
75209: 0.000146257
75210: 0.000146255
75211: 0.000146253
75212: 0.000146251
75213: 0.000146249
75214: 0.000146247
75215: 0.000146245
75216: 0.000146244
75217: 0.000146242
75218: 0.00014624
75219: 0.000146238
75220: 0.000146236
75221: 0.000146234
75222: 0.000146232
75223: 0.00014623
75224: 0.000146228
75225: 0.000146226
75226: 0.000146224
75227: 0.000146222
75228: 0.00014622
75229: 0.000146218
75230: 0.000146216
75231: 0.000146214
75232: 0.000146212
75233: 0.00014621
75234: 0.000146209
75235: 0.000146207
75236: 0.000146205
75237: 0.000146203
75238: 0.000146201
75239: 0.000146199
75240: 0.000146197
75241: 0.000146195
75242: 0.000146193
75243: 0.000146191
75244: 0.000146189
75245: 0.000146187
75246: 0.000146185
75247: 0.000146183
75248: 0.000146181
75249: 0.000146179
75250: 0.000146177
75251: 0.000146176
75252: 0.000146174
75253: 0.000146172
75254: 0.00014617
75255: 0.000146168
75256: 0.000146166
75257: 0.000146164
75258: 0.000146162
75259: 0.00014616
75260: 0.000146158
75261: 0.000146156
75262: 0.000146154
75263: 0.000146152
75264: 0.00014615
75265: 0.000146148
75266: 0.000146146
75267: 0.000146144
75268: 0.000146143
75269: 0.000146141
75270: 0.000146139
75271: 0.000146137
75272: 0.000146135
75273: 0.000146133
75274: 0.000146131
75275: 0.000146129
75276: 0.000146127
75277: 0.000146125
75278: 0.000146123
75279: 0.000146121
75280: 0.000146119
75281: 0.000146117
75282: 0.000146115
75283: 0.000146113
75284: 0.000146111
75285: 0.00014611
75286: 0.000146108
75287: 0.000146106
75288: 0.000146104
75289: 0.000146102
75290: 0.0001461
75291: 0.000146098
75292: 0.000146096
75293: 0.000146094
75294: 0.000146092
75295: 0.00014609
75296: 0.000146088
75297: 0.000146086
75298: 0.000146084
75299: 0.000146082
75300: 0.00014608
75301: 0.000146078
75302: 0.000146077
75303: 0.000146075
75304: 0.000146073
75305: 0.000146071
75306: 0.000146069
75307: 0.000146067
75308: 0.000146065
75309: 0.000146063
75310: 0.000146061
75311: 0.000146059
75312: 0.000146057
75313: 0.000146055
75314: 0.000146053
75315: 0.000146051
75316: 0.000146049
75317: 0.000146047
75318: 0.000146045
75319: 0.000146044
75320: 0.000146042
75321: 0.00014604
75322: 0.000146038
75323: 0.000146036
75324: 0.000146034
75325: 0.000146032
75326: 0.00014603
75327: 0.000146028
75328: 0.000146026
75329: 0.000146024
75330: 0.000146022
75331: 0.00014602
75332: 0.000146018
75333: 0.000146016
75334: 0.000146014
75335: 0.000146013
75336: 0.000146011
75337: 0.000146009
75338: 0.000146007
75339: 0.000146005
75340: 0.000146003
75341: 0.000146001
75342: 0.000145999
75343: 0.000145997
75344: 0.000145995
75345: 0.000145993
75346: 0.000145991
75347: 0.000145989
75348: 0.000145987
75349: 0.000145985
75350: 0.000145983
75351: 0.000145982
75352: 0.00014598
75353: 0.000145978
75354: 0.000145976
75355: 0.000145974
75356: 0.000145972
75357: 0.00014597
75358: 0.000145968
75359: 0.000145966
75360: 0.000145964
75361: 0.000145962
75362: 0.00014596
75363: 0.000145958
75364: 0.000145956
75365: 0.000145954
75366: 0.000145952
75367: 0.000145951
75368: 0.000145949
75369: 0.000145947
75370: 0.000145945
75371: 0.000145943
75372: 0.000145941
75373: 0.000145939
75374: 0.000145937
75375: 0.000145935
75376: 0.000145933
75377: 0.000145931
75378: 0.000145929
75379: 0.000145927
75380: 0.000145925
75381: 0.000145923
75382: 0.000145921
75383: 0.00014592
75384: 0.000145918
75385: 0.000145916
75386: 0.000145914
75387: 0.000145912
75388: 0.00014591
75389: 0.000145908
75390: 0.000145906
75391: 0.000145904
75392: 0.000145902
75393: 0.0001459
75394: 0.000145898
75395: 0.000145896
75396: 0.000145894
75397: 0.000145892
75398: 0.000145891
75399: 0.000145889
75400: 0.000145887
75401: 0.000145885
75402: 0.000145883
75403: 0.000145881
75404: 0.000145879
75405: 0.000145877
75406: 0.000145875
75407: 0.000145873
75408: 0.000145871
75409: 0.000145869
75410: 0.000145867
75411: 0.000145865
75412: 0.000145863
75413: 0.000145862
75414: 0.00014586
75415: 0.000145858
75416: 0.000145856
75417: 0.000145854
75418: 0.000145852
75419: 0.00014585
75420: 0.000145848
75421: 0.000145846
75422: 0.000145844
75423: 0.000145842
75424: 0.00014584
75425: 0.000145838
75426: 0.000145836
75427: 0.000145834
75428: 0.000145833
75429: 0.000145831
75430: 0.000145829
75431: 0.000145827
75432: 0.000145825
75433: 0.000145823
75434: 0.000145821
75435: 0.000145819
75436: 0.000145817
75437: 0.000145815
75438: 0.000145813
75439: 0.000145811
75440: 0.000145809
75441: 0.000145807
75442: 0.000145805
75443: 0.000145804
75444: 0.000145802
75445: 0.0001458
75446: 0.000145798
75447: 0.000145796
75448: 0.000145794
75449: 0.000145792
75450: 0.00014579
75451: 0.000145788
75452: 0.000145786
75453: 0.000145784
75454: 0.000145782
75455: 0.00014578
75456: 0.000145778
75457: 0.000145776
75458: 0.000145775
75459: 0.000145773
75460: 0.000145771
75461: 0.000145769
75462: 0.000145767
75463: 0.000145765
75464: 0.000145763
75465: 0.000145761
75466: 0.000145759
75467: 0.000145757
75468: 0.000145755
75469: 0.000145753
75470: 0.000145751
75471: 0.000145749
75472: 0.000145747
75473: 0.000145746
75474: 0.000145744
75475: 0.000145742
75476: 0.00014574
75477: 0.000145738
75478: 0.000145736
75479: 0.000145734
75480: 0.000145732
75481: 0.00014573
75482: 0.000145728
75483: 0.000145726
75484: 0.000145724
75485: 0.000145722
75486: 0.00014572
75487: 0.000145719
75488: 0.000145717
75489: 0.000145715
75490: 0.000145713
75491: 0.000145711
75492: 0.000145709
75493: 0.000145707
75494: 0.000145705
75495: 0.000145703
75496: 0.000145701
75497: 0.000145699
75498: 0.000145697
75499: 0.000145695
75500: 0.000145693
75501: 0.000145692
75502: 0.00014569
75503: 0.000145688
75504: 0.000145686
75505: 0.000145684
75506: 0.000145682
75507: 0.00014568
75508: 0.000145678
75509: 0.000145676
75510: 0.000145674
75511: 0.000145672
75512: 0.00014567
75513: 0.000145668
75514: 0.000145666
75515: 0.000145664
75516: 0.000145663
75517: 0.000145661
75518: 0.000145659
75519: 0.000145657
75520: 0.000145655
75521: 0.000145653
75522: 0.000145651
75523: 0.000145649
75524: 0.000145647
75525: 0.000145645
75526: 0.000145643
75527: 0.000145641
75528: 0.000145639
75529: 0.000145637
75530: 0.000145636
75531: 0.000145634
75532: 0.000145632
75533: 0.00014563
75534: 0.000145628
75535: 0.000145626
75536: 0.000145624
75537: 0.000145622
75538: 0.00014562
75539: 0.000145618
75540: 0.000145616
75541: 0.000145614
75542: 0.000145612
75543: 0.000145611
75544: 0.000145609
75545: 0.000145607
75546: 0.000145605
75547: 0.000145603
75548: 0.000145601
75549: 0.000145599
75550: 0.000145597
75551: 0.000145595
75552: 0.000145593
75553: 0.000145591
75554: 0.000145589
75555: 0.000145587
75556: 0.000145585
75557: 0.000145584
75558: 0.000145582
75559: 0.00014558
75560: 0.000145578
75561: 0.000145576
75562: 0.000145574
75563: 0.000145572
75564: 0.00014557
75565: 0.000145568
75566: 0.000145566
75567: 0.000145564
75568: 0.000145562
75569: 0.00014556
75570: 0.000145558
75571: 0.000145557
75572: 0.000145555
75573: 0.000145553
75574: 0.000145551
75575: 0.000145549
75576: 0.000145547
75577: 0.000145545
75578: 0.000145543
75579: 0.000145541
75580: 0.000145539
75581: 0.000145537
75582: 0.000145535
75583: 0.000145533
75584: 0.000145532
75585: 0.00014553
75586: 0.000145528
75587: 0.000145526
75588: 0.000145524
75589: 0.000145522
75590: 0.00014552
75591: 0.000145518
75592: 0.000145516
75593: 0.000145514
75594: 0.000145512
75595: 0.00014551
75596: 0.000145508
75597: 0.000145506
75598: 0.000145505
75599: 0.000145503
75600: 0.000145501
75601: 0.000145499
75602: 0.000145497
75603: 0.000145495
75604: 0.000145493
75605: 0.000145491
75606: 0.000145489
75607: 0.000145487
75608: 0.000145485
75609: 0.000145483
75610: 0.000145481
75611: 0.00014548
75612: 0.000145478
75613: 0.000145476
75614: 0.000145474
75615: 0.000145472
75616: 0.00014547
75617: 0.000145468
75618: 0.000145466
75619: 0.000145464
75620: 0.000145462
75621: 0.00014546
75622: 0.000145458
75623: 0.000145456
75624: 0.000145455
75625: 0.000145453
75626: 0.000145451
75627: 0.000145449
75628: 0.000145447
75629: 0.000145445
75630: 0.000145443
75631: 0.000145441
75632: 0.000145439
75633: 0.000145437
75634: 0.000145435
75635: 0.000145433
75636: 0.000145431
75637: 0.00014543
75638: 0.000145428
75639: 0.000145426
75640: 0.000145424
75641: 0.000145422
75642: 0.00014542
75643: 0.000145418
75644: 0.000145416
75645: 0.000145414
75646: 0.000145412
75647: 0.00014541
75648: 0.000145408
75649: 0.000145406
75650: 0.000145405
75651: 0.000145403
75652: 0.000145401
75653: 0.000145399
75654: 0.000145397
75655: 0.000145395
75656: 0.000145393
75657: 0.000145391
75658: 0.000145389
75659: 0.000145387
75660: 0.000145385
75661: 0.000145383
75662: 0.000145381
75663: 0.00014538
75664: 0.000145378
75665: 0.000145376
75666: 0.000145374
75667: 0.000145372
75668: 0.00014537
75669: 0.000145368
75670: 0.000145366
75671: 0.000145364
75672: 0.000145362
75673: 0.00014536
75674: 0.000145358
75675: 0.000145357
75676: 0.000145355
75677: 0.000145353
75678: 0.000145351
75679: 0.000145349
75680: 0.000145347
75681: 0.000145345
75682: 0.000145343
75683: 0.000145341
75684: 0.000145339
75685: 0.000145337
75686: 0.000145335
75687: 0.000145333
75688: 0.000145332
75689: 0.00014533
75690: 0.000145328
75691: 0.000145326
75692: 0.000145324
75693: 0.000145322
75694: 0.00014532
75695: 0.000145318
75696: 0.000145316
75697: 0.000145314
75698: 0.000145312
75699: 0.00014531
75700: 0.000145309
75701: 0.000145307
75702: 0.000145305
75703: 0.000145303
75704: 0.000145301
75705: 0.000145299
75706: 0.000145297
75707: 0.000145295
75708: 0.000145293
75709: 0.000145291
75710: 0.000145289
75711: 0.000145287
75712: 0.000145285
75713: 0.000145284
75714: 0.000145282
75715: 0.00014528
75716: 0.000145278
75717: 0.000145276
75718: 0.000145274
75719: 0.000145272
75720: 0.00014527
75721: 0.000145268
75722: 0.000145266
75723: 0.000145264
75724: 0.000145262
75725: 0.000145261
75726: 0.000145259
75727: 0.000145257
75728: 0.000145255
75729: 0.000145253
75730: 0.000145251
75731: 0.000145249
75732: 0.000145247
75733: 0.000145245
75734: 0.000145243
75735: 0.000145241
75736: 0.000145239
75737: 0.000145238
75738: 0.000145236
75739: 0.000145234
75740: 0.000145232
75741: 0.00014523
75742: 0.000145228
75743: 0.000145226
75744: 0.000145224
75745: 0.000145222
75746: 0.00014522
75747: 0.000145218
75748: 0.000145216
75749: 0.000145215
75750: 0.000145213
75751: 0.000145211
75752: 0.000145209
75753: 0.000145207
75754: 0.000145205
75755: 0.000145203
75756: 0.000145201
75757: 0.000145199
75758: 0.000145197
75759: 0.000145195
75760: 0.000145193
75761: 0.000145192
75762: 0.00014519
75763: 0.000145188
75764: 0.000145186
75765: 0.000145184
75766: 0.000145182
75767: 0.00014518
75768: 0.000145178
75769: 0.000145176
75770: 0.000145174
75771: 0.000145172
75772: 0.00014517
75773: 0.000145169
75774: 0.000145167
75775: 0.000145165
75776: 0.000145163
75777: 0.000145161
75778: 0.000145159
75779: 0.000145157
75780: 0.000145155
75781: 0.000145153
75782: 0.000145151
75783: 0.000145149
75784: 0.000145147
75785: 0.000145146
75786: 0.000145144
75787: 0.000145142
75788: 0.00014514
75789: 0.000145138
75790: 0.000145136
75791: 0.000145134
75792: 0.000145132
75793: 0.00014513
75794: 0.000145128
75795: 0.000145126
75796: 0.000145124
75797: 0.000145123
75798: 0.000145121
75799: 0.000145119
75800: 0.000145117
75801: 0.000145115
75802: 0.000145113
75803: 0.000145111
75804: 0.000145109
75805: 0.000145107
75806: 0.000145105
75807: 0.000145103
75808: 0.000145102
75809: 0.0001451
75810: 0.000145098
75811: 0.000145096
75812: 0.000145094
75813: 0.000145092
75814: 0.00014509
75815: 0.000145088
75816: 0.000145086
75817: 0.000145084
75818: 0.000145082
75819: 0.00014508
75820: 0.000145079
75821: 0.000145077
75822: 0.000145075
75823: 0.000145073
75824: 0.000145071
75825: 0.000145069
75826: 0.000145067
75827: 0.000145065
75828: 0.000145063
75829: 0.000145061
75830: 0.000145059
75831: 0.000145057
75832: 0.000145056
75833: 0.000145054
75834: 0.000145052
75835: 0.00014505
75836: 0.000145048
75837: 0.000145046
75838: 0.000145044
75839: 0.000145042
75840: 0.00014504
75841: 0.000145038
75842: 0.000145036
75843: 0.000145035
75844: 0.000145033
75845: 0.000145031
75846: 0.000145029
75847: 0.000145027
75848: 0.000145025
75849: 0.000145023
75850: 0.000145021
75851: 0.000145019
75852: 0.000145017
75853: 0.000145015
75854: 0.000145014
75855: 0.000145012
75856: 0.00014501
75857: 0.000145008
75858: 0.000145006
75859: 0.000145004
75860: 0.000145002
75861: 0.000145
75862: 0.000144998
75863: 0.000144996
75864: 0.000144994
75865: 0.000144992
75866: 0.000144991
75867: 0.000144989
75868: 0.000144987
75869: 0.000144985
75870: 0.000144983
75871: 0.000144981
75872: 0.000144979
75873: 0.000144977
75874: 0.000144975
75875: 0.000144973
75876: 0.000144971
75877: 0.00014497
75878: 0.000144968
75879: 0.000144966
75880: 0.000144964
75881: 0.000144962
75882: 0.00014496
75883: 0.000144958
75884: 0.000144956
75885: 0.000144954
75886: 0.000144952
75887: 0.00014495
75888: 0.000144949
75889: 0.000144947
75890: 0.000144945
75891: 0.000144943
75892: 0.000144941
75893: 0.000144939
75894: 0.000144937
75895: 0.000144935
75896: 0.000144933
75897: 0.000144931
75898: 0.000144929
75899: 0.000144928
75900: 0.000144926
75901: 0.000144924
75902: 0.000144922
75903: 0.00014492
75904: 0.000144918
75905: 0.000144916
75906: 0.000144914
75907: 0.000144912
75908: 0.00014491
75909: 0.000144908
75910: 0.000144907
75911: 0.000144905
75912: 0.000144903
75913: 0.000144901
75914: 0.000144899
75915: 0.000144897
75916: 0.000144895
75917: 0.000144893
75918: 0.000144891
75919: 0.000144889
75920: 0.000144887
75921: 0.000144886
75922: 0.000144884
75923: 0.000144882
75924: 0.00014488
75925: 0.000144878
75926: 0.000144876
75927: 0.000144874
75928: 0.000144872
75929: 0.00014487
75930: 0.000144868
75931: 0.000144866
75932: 0.000144865
75933: 0.000144863
75934: 0.000144861
75935: 0.000144859
75936: 0.000144857
75937: 0.000144855
75938: 0.000144853
75939: 0.000144851
75940: 0.000144849
75941: 0.000144847
75942: 0.000144845
75943: 0.000144844
75944: 0.000144842
75945: 0.00014484
75946: 0.000144838
75947: 0.000144836
75948: 0.000144834
75949: 0.000144832
75950: 0.00014483
75951: 0.000144828
75952: 0.000144826
75953: 0.000144824
75954: 0.000144823
75955: 0.000144821
75956: 0.000144819
75957: 0.000144817
75958: 0.000144815
75959: 0.000144813
75960: 0.000144811
75961: 0.000144809
75962: 0.000144807
75963: 0.000144805
75964: 0.000144804
75965: 0.000144802
75966: 0.0001448
75967: 0.000144798
75968: 0.000144796
75969: 0.000144794
75970: 0.000144792
75971: 0.00014479
75972: 0.000144788
75973: 0.000144786
75974: 0.000144784
75975: 0.000144783
75976: 0.000144781
75977: 0.000144779
75978: 0.000144777
75979: 0.000144775
75980: 0.000144773
75981: 0.000144771
75982: 0.000144769
75983: 0.000144767
75984: 0.000144765
75985: 0.000144764
75986: 0.000144762
75987: 0.00014476
75988: 0.000144758
75989: 0.000144756
75990: 0.000144754
75991: 0.000144752
75992: 0.00014475
75993: 0.000144748
75994: 0.000144746
75995: 0.000144744
75996: 0.000144743
75997: 0.000144741
75998: 0.000144739
75999: 0.000144737
76000: 0.000144735
76001: 0.000144733
76002: 0.000144731
76003: 0.000144729
76004: 0.000144727
76005: 0.000144725
76006: 0.000144724
76007: 0.000144722
76008: 0.00014472
76009: 0.000144718
76010: 0.000144716
76011: 0.000144714
76012: 0.000144712
76013: 0.00014471
76014: 0.000144708
76015: 0.000144706
76016: 0.000144704
76017: 0.000144703
76018: 0.000144701
76019: 0.000144699
76020: 0.000144697
76021: 0.000144695
76022: 0.000144693
76023: 0.000144691
76024: 0.000144689
76025: 0.000144687
76026: 0.000144685
76027: 0.000144684
76028: 0.000144682
76029: 0.00014468
76030: 0.000144678
76031: 0.000144676
76032: 0.000144674
76033: 0.000144672
76034: 0.00014467
76035: 0.000144668
76036: 0.000144666
76037: 0.000144665
76038: 0.000144663
76039: 0.000144661
76040: 0.000144659
76041: 0.000144657
76042: 0.000144655
76043: 0.000144653
76044: 0.000144651
76045: 0.000144649
76046: 0.000144647
76047: 0.000144645
76048: 0.000144644
76049: 0.000144642
76050: 0.00014464
76051: 0.000144638
76052: 0.000144636
76053: 0.000144634
76054: 0.000144632
76055: 0.00014463
76056: 0.000144628
76057: 0.000144626
76058: 0.000144625
76059: 0.000144623
76060: 0.000144621
76061: 0.000144619
76062: 0.000144617
76063: 0.000144615
76064: 0.000144613
76065: 0.000144611
76066: 0.000144609
76067: 0.000144607
76068: 0.000144606
76069: 0.000144604
76070: 0.000144602
76071: 0.0001446
76072: 0.000144598
76073: 0.000144596
76074: 0.000144594
76075: 0.000144592
76076: 0.00014459
76077: 0.000144588
76078: 0.000144587
76079: 0.000144585
76080: 0.000144583
76081: 0.000144581
76082: 0.000144579
76083: 0.000144577
76084: 0.000144575
76085: 0.000144573
76086: 0.000144571
76087: 0.000144569
76088: 0.000144568
76089: 0.000144566
76090: 0.000144564
76091: 0.000144562
76092: 0.00014456
76093: 0.000144558
76094: 0.000144556
76095: 0.000144554
76096: 0.000144552
76097: 0.00014455
76098: 0.000144549
76099: 0.000144547
76100: 0.000144545
76101: 0.000144543
76102: 0.000144541
76103: 0.000144539
76104: 0.000144537
76105: 0.000144535
76106: 0.000144533
76107: 0.000144531
76108: 0.00014453
76109: 0.000144528
76110: 0.000144526
76111: 0.000144524
76112: 0.000144522
76113: 0.00014452
76114: 0.000144518
76115: 0.000144516
76116: 0.000144514
76117: 0.000144512
76118: 0.000144511
76119: 0.000144509
76120: 0.000144507
76121: 0.000144505
76122: 0.000144503
76123: 0.000144501
76124: 0.000144499
76125: 0.000144497
76126: 0.000144495
76127: 0.000144493
76128: 0.000144492
76129: 0.00014449
76130: 0.000144488
76131: 0.000144486
76132: 0.000144484
76133: 0.000144482
76134: 0.00014448
76135: 0.000144478
76136: 0.000144476
76137: 0.000144475
76138: 0.000144473
76139: 0.000144471
76140: 0.000144469
76141: 0.000144467
76142: 0.000144465
76143: 0.000144463
76144: 0.000144461
76145: 0.000144459
76146: 0.000144457
76147: 0.000144456
76148: 0.000144454
76149: 0.000144452
76150: 0.00014445
76151: 0.000144448
76152: 0.000144446
76153: 0.000144444
76154: 0.000144442
76155: 0.00014444
76156: 0.000144438
76157: 0.000144437
76158: 0.000144435
76159: 0.000144433
76160: 0.000144431
76161: 0.000144429
76162: 0.000144427
76163: 0.000144425
76164: 0.000144423
76165: 0.000144421
76166: 0.000144419
76167: 0.000144418
76168: 0.000144416
76169: 0.000144414
76170: 0.000144412
76171: 0.00014441
76172: 0.000144408
76173: 0.000144406
76174: 0.000144404
76175: 0.000144402
76176: 0.000144401
76177: 0.000144399
76178: 0.000144397
76179: 0.000144395
76180: 0.000144393
76181: 0.000144391
76182: 0.000144389
76183: 0.000144387
76184: 0.000144385
76185: 0.000144383
76186: 0.000144382
76187: 0.00014438
76188: 0.000144378
76189: 0.000144376
76190: 0.000144374
76191: 0.000144372
76192: 0.00014437
76193: 0.000144368
76194: 0.000144366
76195: 0.000144365
76196: 0.000144363
76197: 0.000144361
76198: 0.000144359
76199: 0.000144357
76200: 0.000144355
76201: 0.000144353
76202: 0.000144351
76203: 0.000144349
76204: 0.000144347
76205: 0.000144346
76206: 0.000144344
76207: 0.000144342
76208: 0.00014434
76209: 0.000144338
76210: 0.000144336
76211: 0.000144334
76212: 0.000144332
76213: 0.00014433
76214: 0.000144329
76215: 0.000144327
76216: 0.000144325
76217: 0.000144323
76218: 0.000144321
76219: 0.000144319
76220: 0.000144317
76221: 0.000144315
76222: 0.000144313
76223: 0.000144312
76224: 0.00014431
76225: 0.000144308
76226: 0.000144306
76227: 0.000144304
76228: 0.000144302
76229: 0.0001443
76230: 0.000144298
76231: 0.000144296
76232: 0.000144294
76233: 0.000144293
76234: 0.000144291
76235: 0.000144289
76236: 0.000144287
76237: 0.000144285
76238: 0.000144283
76239: 0.000144281
76240: 0.000144279
76241: 0.000144277
76242: 0.000144276
76243: 0.000144274
76244: 0.000144272
76245: 0.00014427
76246: 0.000144268
76247: 0.000144266
76248: 0.000144264
76249: 0.000144262
76250: 0.00014426
76251: 0.000144259
76252: 0.000144257
76253: 0.000144255
76254: 0.000144253
76255: 0.000144251
76256: 0.000144249
76257: 0.000144247
76258: 0.000144245
76259: 0.000144243
76260: 0.000144241
76261: 0.00014424
76262: 0.000144238
76263: 0.000144236
76264: 0.000144234
76265: 0.000144232
76266: 0.00014423
76267: 0.000144228
76268: 0.000144226
76269: 0.000144224
76270: 0.000144223
76271: 0.000144221
76272: 0.000144219
76273: 0.000144217
76274: 0.000144215
76275: 0.000144213
76276: 0.000144211
76277: 0.000144209
76278: 0.000144207
76279: 0.000144206
76280: 0.000144204
76281: 0.000144202
76282: 0.0001442
76283: 0.000144198
76284: 0.000144196
76285: 0.000144194
76286: 0.000144192
76287: 0.00014419
76288: 0.000144189
76289: 0.000144187
76290: 0.000144185
76291: 0.000144183
76292: 0.000144181
76293: 0.000144179
76294: 0.000144177
76295: 0.000144175
76296: 0.000144173
76297: 0.000144172
76298: 0.00014417
76299: 0.000144168
76300: 0.000144166
76301: 0.000144164
76302: 0.000144162
76303: 0.00014416
76304: 0.000144158
76305: 0.000144156
76306: 0.000144155
76307: 0.000144153
76308: 0.000144151
76309: 0.000144149
76310: 0.000144147
76311: 0.000144145
76312: 0.000144143
76313: 0.000144141
76314: 0.000144139
76315: 0.000144138
76316: 0.000144136
76317: 0.000144134
76318: 0.000144132
76319: 0.00014413
76320: 0.000144128
76321: 0.000144126
76322: 0.000144124
76323: 0.000144122
76324: 0.000144121
76325: 0.000144119
76326: 0.000144117
76327: 0.000144115
76328: 0.000144113
76329: 0.000144111
76330: 0.000144109
76331: 0.000144107
76332: 0.000144105
76333: 0.000144104
76334: 0.000144102
76335: 0.0001441
76336: 0.000144098
76337: 0.000144096
76338: 0.000144094
76339: 0.000144092
76340: 0.00014409
76341: 0.000144088
76342: 0.000144087
76343: 0.000144085
76344: 0.000144083
76345: 0.000144081
76346: 0.000144079
76347: 0.000144077
76348: 0.000144075
76349: 0.000144073
76350: 0.000144071
76351: 0.00014407
76352: 0.000144068
76353: 0.000144066
76354: 0.000144064
76355: 0.000144062
76356: 0.00014406
76357: 0.000144058
76358: 0.000144056
76359: 0.000144054
76360: 0.000144053
76361: 0.000144051
76362: 0.000144049
76363: 0.000144047
76364: 0.000144045
76365: 0.000144043
76366: 0.000144041
76367: 0.000144039
76368: 0.000144038
76369: 0.000144036
76370: 0.000144034
76371: 0.000144032
76372: 0.00014403
76373: 0.000144028
76374: 0.000144026
76375: 0.000144024
76376: 0.000144022
76377: 0.000144021
76378: 0.000144019
76379: 0.000144017
76380: 0.000144015
76381: 0.000144013
76382: 0.000144011
76383: 0.000144009
76384: 0.000144007
76385: 0.000144005
76386: 0.000144004
76387: 0.000144002
76388: 0.000144
76389: 0.000143998
76390: 0.000143996
76391: 0.000143994
76392: 0.000143992
76393: 0.00014399
76394: 0.000143988
76395: 0.000143987
76396: 0.000143985
76397: 0.000143983
76398: 0.000143981
76399: 0.000143979
76400: 0.000143977
76401: 0.000143975
76402: 0.000143973
76403: 0.000143972
76404: 0.00014397
76405: 0.000143968
76406: 0.000143966
76407: 0.000143964
76408: 0.000143962
76409: 0.00014396
76410: 0.000143958
76411: 0.000143956
76412: 0.000143955
76413: 0.000143953
76414: 0.000143951
76415: 0.000143949
76416: 0.000143947
76417: 0.000143945
76418: 0.000143943
76419: 0.000143941
76420: 0.000143939
76421: 0.000143938
76422: 0.000143936
76423: 0.000143934
76424: 0.000143932
76425: 0.00014393
76426: 0.000143928
76427: 0.000143926
76428: 0.000143924
76429: 0.000143923
76430: 0.000143921
76431: 0.000143919
76432: 0.000143917
76433: 0.000143915
76434: 0.000143913
76435: 0.000143911
76436: 0.000143909
76437: 0.000143907
76438: 0.000143906
76439: 0.000143904
76440: 0.000143902
76441: 0.0001439
76442: 0.000143898
76443: 0.000143896
76444: 0.000143894
76445: 0.000143892
76446: 0.000143891
76447: 0.000143889
76448: 0.000143887
76449: 0.000143885
76450: 0.000143883
76451: 0.000143881
76452: 0.000143879
76453: 0.000143877
76454: 0.000143875
76455: 0.000143874
76456: 0.000143872
76457: 0.00014387
76458: 0.000143868
76459: 0.000143866
76460: 0.000143864
76461: 0.000143862
76462: 0.00014386
76463: 0.000143859
76464: 0.000143857
76465: 0.000143855
76466: 0.000143853
76467: 0.000143851
76468: 0.000143849
76469: 0.000143847
76470: 0.000143845
76471: 0.000143843
76472: 0.000143842
76473: 0.00014384
76474: 0.000143838
76475: 0.000143836
76476: 0.000143834
76477: 0.000143832
76478: 0.00014383
76479: 0.000143828
76480: 0.000143827
76481: 0.000143825
76482: 0.000143823
76483: 0.000143821
76484: 0.000143819
76485: 0.000143817
76486: 0.000143815
76487: 0.000143813
76488: 0.000143812
76489: 0.00014381
76490: 0.000143808
76491: 0.000143806
76492: 0.000143804
76493: 0.000143802
76494: 0.0001438
76495: 0.000143798
76496: 0.000143796
76497: 0.000143795
76498: 0.000143793
76499: 0.000143791
76500: 0.000143789
76501: 0.000143787
76502: 0.000143785
76503: 0.000143783
76504: 0.000143781
76505: 0.00014378
76506: 0.000143778
76507: 0.000143776
76508: 0.000143774
76509: 0.000143772
76510: 0.00014377
76511: 0.000143768
76512: 0.000143766
76513: 0.000143765
76514: 0.000143763
76515: 0.000143761
76516: 0.000143759
76517: 0.000143757
76518: 0.000143755
76519: 0.000143753
76520: 0.000143751
76521: 0.00014375
76522: 0.000143748
76523: 0.000143746
76524: 0.000143744
76525: 0.000143742
76526: 0.00014374
76527: 0.000143738
76528: 0.000143736
76529: 0.000143734
76530: 0.000143733
76531: 0.000143731
76532: 0.000143729
76533: 0.000143727
76534: 0.000143725
76535: 0.000143723
76536: 0.000143721
76537: 0.000143719
76538: 0.000143718
76539: 0.000143716
76540: 0.000143714
76541: 0.000143712
76542: 0.00014371
76543: 0.000143708
76544: 0.000143706
76545: 0.000143704
76546: 0.000143703
76547: 0.000143701
76548: 0.000143699
76549: 0.000143697
76550: 0.000143695
76551: 0.000143693
76552: 0.000143691
76553: 0.000143689
76554: 0.000143688
76555: 0.000143686
76556: 0.000143684
76557: 0.000143682
76558: 0.00014368
76559: 0.000143678
76560: 0.000143676
76561: 0.000143674
76562: 0.000143673
76563: 0.000143671
76564: 0.000143669
76565: 0.000143667
76566: 0.000143665
76567: 0.000143663
76568: 0.000143661
76569: 0.000143659
76570: 0.000143658
76571: 0.000143656
76572: 0.000143654
76573: 0.000143652
76574: 0.00014365
76575: 0.000143648
76576: 0.000143646
76577: 0.000143644
76578: 0.000143643
76579: 0.000143641
76580: 0.000143639
76581: 0.000143637
76582: 0.000143635
76583: 0.000143633
76584: 0.000143631
76585: 0.000143629
76586: 0.000143628
76587: 0.000143626
76588: 0.000143624
76589: 0.000143622
76590: 0.00014362
76591: 0.000143618
76592: 0.000143616
76593: 0.000143614
76594: 0.000143613
76595: 0.000143611
76596: 0.000143609
76597: 0.000143607
76598: 0.000143605
76599: 0.000143603
76600: 0.000143601
76601: 0.000143599
76602: 0.000143598
76603: 0.000143596
76604: 0.000143594
76605: 0.000143592
76606: 0.00014359
76607: 0.000143588
76608: 0.000143586
76609: 0.000143584
76610: 0.000143583
76611: 0.000143581
76612: 0.000143579
76613: 0.000143577
76614: 0.000143575
76615: 0.000143573
76616: 0.000143571
76617: 0.000143569
76618: 0.000143568
76619: 0.000143566
76620: 0.000143564
76621: 0.000143562
76622: 0.00014356
76623: 0.000143558
76624: 0.000143556
76625: 0.000143554
76626: 0.000143553
76627: 0.000143551
76628: 0.000143549
76629: 0.000143547
76630: 0.000143545
76631: 0.000143543
76632: 0.000143541
76633: 0.000143539
76634: 0.000143538
76635: 0.000143536
76636: 0.000143534
76637: 0.000143532
76638: 0.00014353
76639: 0.000143528
76640: 0.000143526
76641: 0.000143524
76642: 0.000143523
76643: 0.000143521
76644: 0.000143519
76645: 0.000143517
76646: 0.000143515
76647: 0.000143513
76648: 0.000143511
76649: 0.000143509
76650: 0.000143508
76651: 0.000143506
76652: 0.000143504
76653: 0.000143502
76654: 0.0001435
76655: 0.000143498
76656: 0.000143496
76657: 0.000143494
76658: 0.000143493
76659: 0.000143491
76660: 0.000143489
76661: 0.000143487
76662: 0.000143485
76663: 0.000143483
76664: 0.000143481
76665: 0.00014348
76666: 0.000143478
76667: 0.000143476
76668: 0.000143474
76669: 0.000143472
76670: 0.00014347
76671: 0.000143468
76672: 0.000143466
76673: 0.000143465
76674: 0.000143463
76675: 0.000143461
76676: 0.000143459
76677: 0.000143457
76678: 0.000143455
76679: 0.000143453
76680: 0.000143451
76681: 0.00014345
76682: 0.000143448
76683: 0.000143446
76684: 0.000143444
76685: 0.000143442
76686: 0.00014344
76687: 0.000143438
76688: 0.000143436
76689: 0.000143435
76690: 0.000143433
76691: 0.000143431
76692: 0.000143429
76693: 0.000143427
76694: 0.000143425
76695: 0.000143423
76696: 0.000143422
76697: 0.00014342
76698: 0.000143418
76699: 0.000143416
76700: 0.000143414
76701: 0.000143412
76702: 0.00014341
76703: 0.000143408
76704: 0.000143407
76705: 0.000143405
76706: 0.000143403
76707: 0.000143401
76708: 0.000143399
76709: 0.000143397
76710: 0.000143395
76711: 0.000143393
76712: 0.000143392
76713: 0.00014339
76714: 0.000143388
76715: 0.000143386
76716: 0.000143384
76717: 0.000143382
76718: 0.00014338
76719: 0.000143379
76720: 0.000143377
76721: 0.000143375
76722: 0.000143373
76723: 0.000143371
76724: 0.000143369
76725: 0.000143367
76726: 0.000143365
76727: 0.000143364
76728: 0.000143362
76729: 0.00014336
76730: 0.000143358
76731: 0.000143356
76732: 0.000143354
76733: 0.000143352
76734: 0.00014335
76735: 0.000143349
76736: 0.000143347
76737: 0.000143345
76738: 0.000143343
76739: 0.000143341
76740: 0.000143339
76741: 0.000143337
76742: 0.000143336
76743: 0.000143334
76744: 0.000143332
76745: 0.00014333
76746: 0.000143328
76747: 0.000143326
76748: 0.000143324
76749: 0.000143322
76750: 0.000143321
76751: 0.000143319
76752: 0.000143317
76753: 0.000143315
76754: 0.000143313
76755: 0.000143311
76756: 0.000143309
76757: 0.000143308
76758: 0.000143306
76759: 0.000143304
76760: 0.000143302
76761: 0.0001433
76762: 0.000143298
76763: 0.000143296
76764: 0.000143294
76765: 0.000143293
76766: 0.000143291
76767: 0.000143289
76768: 0.000143287
76769: 0.000143285
76770: 0.000143283
76771: 0.000143281
76772: 0.00014328
76773: 0.000143278
76774: 0.000143276
76775: 0.000143274
76776: 0.000143272
76777: 0.00014327
76778: 0.000143268
76779: 0.000143266
76780: 0.000143265
76781: 0.000143263
76782: 0.000143261
76783: 0.000143259
76784: 0.000143257
76785: 0.000143255
76786: 0.000143253
76787: 0.000143252
76788: 0.00014325
76789: 0.000143248
76790: 0.000143246
76791: 0.000143244
76792: 0.000143242
76793: 0.00014324
76794: 0.000143238
76795: 0.000143237
76796: 0.000143235
76797: 0.000143233
76798: 0.000143231
76799: 0.000143229
76800: 0.000143227
76801: 0.000143225
76802: 0.000143224
76803: 0.000143222
76804: 0.00014322
76805: 0.000143218
76806: 0.000143216
76807: 0.000143214
76808: 0.000143212
76809: 0.000143211
76810: 0.000143209
76811: 0.000143207
76812: 0.000143205
76813: 0.000143203
76814: 0.000143201
76815: 0.000143199
76816: 0.000143197
76817: 0.000143196
76818: 0.000143194
76819: 0.000143192
76820: 0.00014319
76821: 0.000143188
76822: 0.000143186
76823: 0.000143184
76824: 0.000143183
76825: 0.000143181
76826: 0.000143179
76827: 0.000143177
76828: 0.000143175
76829: 0.000143173
76830: 0.000143171
76831: 0.00014317
76832: 0.000143168
76833: 0.000143166
76834: 0.000143164
76835: 0.000143162
76836: 0.00014316
76837: 0.000143158
76838: 0.000143156
76839: 0.000143155
76840: 0.000143153
76841: 0.000143151
76842: 0.000143149
76843: 0.000143147
76844: 0.000143145
76845: 0.000143143
76846: 0.000143142
76847: 0.00014314
76848: 0.000143138
76849: 0.000143136
76850: 0.000143134
76851: 0.000143132
76852: 0.00014313
76853: 0.000143129
76854: 0.000143127
76855: 0.000143125
76856: 0.000143123
76857: 0.000143121
76858: 0.000143119
76859: 0.000143117
76860: 0.000143115
76861: 0.000143114
76862: 0.000143112
76863: 0.00014311
76864: 0.000143108
76865: 0.000143106
76866: 0.000143104
76867: 0.000143102
76868: 0.000143101
76869: 0.000143099
76870: 0.000143097
76871: 0.000143095
76872: 0.000143093
76873: 0.000143091
76874: 0.000143089
76875: 0.000143088
76876: 0.000143086
76877: 0.000143084
76878: 0.000143082
76879: 0.00014308
76880: 0.000143078
76881: 0.000143076
76882: 0.000143075
76883: 0.000143073
76884: 0.000143071
76885: 0.000143069
76886: 0.000143067
76887: 0.000143065
76888: 0.000143063
76889: 0.000143062
76890: 0.00014306
76891: 0.000143058
76892: 0.000143056
76893: 0.000143054
76894: 0.000143052
76895: 0.00014305
76896: 0.000143048
76897: 0.000143047
76898: 0.000143045
76899: 0.000143043
76900: 0.000143041
76901: 0.000143039
76902: 0.000143037
76903: 0.000143035
76904: 0.000143034
76905: 0.000143032
76906: 0.00014303
76907: 0.000143028
76908: 0.000143026
76909: 0.000143024
76910: 0.000143022
76911: 0.000143021
76912: 0.000143019
76913: 0.000143017
76914: 0.000143015
76915: 0.000143013
76916: 0.000143011
76917: 0.000143009
76918: 0.000143008
76919: 0.000143006
76920: 0.000143004
76921: 0.000143002
76922: 0.000143
76923: 0.000142998
76924: 0.000142996
76925: 0.000142995
76926: 0.000142993
76927: 0.000142991
76928: 0.000142989
76929: 0.000142987
76930: 0.000142985
76931: 0.000142983
76932: 0.000142982
76933: 0.00014298
76934: 0.000142978
76935: 0.000142976
76936: 0.000142974
76937: 0.000142972
76938: 0.00014297
76939: 0.000142969
76940: 0.000142967
76941: 0.000142965
76942: 0.000142963
76943: 0.000142961
76944: 0.000142959
76945: 0.000142957
76946: 0.000142956
76947: 0.000142954
76948: 0.000142952
76949: 0.00014295
76950: 0.000142948
76951: 0.000142946
76952: 0.000142944
76953: 0.000142943
76954: 0.000142941
76955: 0.000142939
76956: 0.000142937
76957: 0.000142935
76958: 0.000142933
76959: 0.000142931
76960: 0.00014293
76961: 0.000142928
76962: 0.000142926
76963: 0.000142924
76964: 0.000142922
76965: 0.00014292
76966: 0.000142918
76967: 0.000142917
76968: 0.000142915
76969: 0.000142913
76970: 0.000142911
76971: 0.000142909
76972: 0.000142907
76973: 0.000142905
76974: 0.000142904
76975: 0.000142902
76976: 0.0001429
76977: 0.000142898
76978: 0.000142896
76979: 0.000142894
76980: 0.000142892
76981: 0.000142891
76982: 0.000142889
76983: 0.000142887
76984: 0.000142885
76985: 0.000142883
76986: 0.000142881
76987: 0.000142879
76988: 0.000142878
76989: 0.000142876
76990: 0.000142874
76991: 0.000142872
76992: 0.00014287
76993: 0.000142868
76994: 0.000142866
76995: 0.000142865
76996: 0.000142863
76997: 0.000142861
76998: 0.000142859
76999: 0.000142857
77000: 0.000142855
77001: 0.000142853
77002: 0.000142852
77003: 0.00014285
77004: 0.000142848
77005: 0.000142846
77006: 0.000142844
77007: 0.000142842
77008: 0.00014284
77009: 0.000142839
77010: 0.000142837
77011: 0.000142835
77012: 0.000142833
77013: 0.000142831
77014: 0.000142829
77015: 0.000142827
77016: 0.000142826
77017: 0.000142824
77018: 0.000142822
77019: 0.00014282
77020: 0.000142818
77021: 0.000142816
77022: 0.000142814
77023: 0.000142813
77024: 0.000142811
77025: 0.000142809
77026: 0.000142807
77027: 0.000142805
77028: 0.000142803
77029: 0.000142802
77030: 0.0001428
77031: 0.000142798
77032: 0.000142796
77033: 0.000142794
77034: 0.000142792
77035: 0.00014279
77036: 0.000142789
77037: 0.000142787
77038: 0.000142785
77039: 0.000142783
77040: 0.000142781
77041: 0.000142779
77042: 0.000142777
77043: 0.000142776
77044: 0.000142774
77045: 0.000142772
77046: 0.00014277
77047: 0.000142768
77048: 0.000142766
77049: 0.000142764
77050: 0.000142763
77051: 0.000142761
77052: 0.000142759
77053: 0.000142757
77054: 0.000142755
77055: 0.000142753
77056: 0.000142751
77057: 0.00014275
77058: 0.000142748
77059: 0.000142746
77060: 0.000142744
77061: 0.000142742
77062: 0.00014274
77063: 0.000142739
77064: 0.000142737
77065: 0.000142735
77066: 0.000142733
77067: 0.000142731
77068: 0.000142729
77069: 0.000142727
77070: 0.000142726
77071: 0.000142724
77072: 0.000142722
77073: 0.00014272
77074: 0.000142718
77075: 0.000142716
77076: 0.000142714
77077: 0.000142713
77078: 0.000142711
77079: 0.000142709
77080: 0.000142707
77081: 0.000142705
77082: 0.000142703
77083: 0.000142701
77084: 0.0001427
77085: 0.000142698
77086: 0.000142696
77087: 0.000142694
77088: 0.000142692
77089: 0.00014269
77090: 0.000142689
77091: 0.000142687
77092: 0.000142685
77093: 0.000142683
77094: 0.000142681
77095: 0.000142679
77096: 0.000142677
77097: 0.000142676
77098: 0.000142674
77099: 0.000142672
77100: 0.00014267
77101: 0.000142668
77102: 0.000142666
77103: 0.000142664
77104: 0.000142663
77105: 0.000142661
77106: 0.000142659
77107: 0.000142657
77108: 0.000142655
77109: 0.000142653
77110: 0.000142652
77111: 0.00014265
77112: 0.000142648
77113: 0.000142646
77114: 0.000142644
77115: 0.000142642
77116: 0.00014264
77117: 0.000142639
77118: 0.000142637
77119: 0.000142635
77120: 0.000142633
77121: 0.000142631
77122: 0.000142629
77123: 0.000142627
77124: 0.000142626
77125: 0.000142624
77126: 0.000142622
77127: 0.00014262
77128: 0.000142618
77129: 0.000142616
77130: 0.000142615
77131: 0.000142613
77132: 0.000142611
77133: 0.000142609
77134: 0.000142607
77135: 0.000142605
77136: 0.000142603
77137: 0.000142602
77138: 0.0001426
77139: 0.000142598
77140: 0.000142596
77141: 0.000142594
77142: 0.000142592
77143: 0.00014259
77144: 0.000142589
77145: 0.000142587
77146: 0.000142585
77147: 0.000142583
77148: 0.000142581
77149: 0.000142579
77150: 0.000142578
77151: 0.000142576
77152: 0.000142574
77153: 0.000142572
77154: 0.00014257
77155: 0.000142568
77156: 0.000142566
77157: 0.000142565
77158: 0.000142563
77159: 0.000142561
77160: 0.000142559
77161: 0.000142557
77162: 0.000142555
77163: 0.000142554
77164: 0.000142552
77165: 0.00014255
77166: 0.000142548
77167: 0.000142546
77168: 0.000142544
77169: 0.000142542
77170: 0.000142541
77171: 0.000142539
77172: 0.000142537
77173: 0.000142535
77174: 0.000142533
77175: 0.000142531
77176: 0.00014253
77177: 0.000142528
77178: 0.000142526
77179: 0.000142524
77180: 0.000142522
77181: 0.00014252
77182: 0.000142518
77183: 0.000142517
77184: 0.000142515
77185: 0.000142513
77186: 0.000142511
77187: 0.000142509
77188: 0.000142507
77189: 0.000142506
77190: 0.000142504
77191: 0.000142502
77192: 0.0001425
77193: 0.000142498
77194: 0.000142496
77195: 0.000142494
77196: 0.000142493
77197: 0.000142491
77198: 0.000142489
77199: 0.000142487
77200: 0.000142485
77201: 0.000142483
77202: 0.000142482
77203: 0.00014248
77204: 0.000142478
77205: 0.000142476
77206: 0.000142474
77207: 0.000142472
77208: 0.00014247
77209: 0.000142469
77210: 0.000142467
77211: 0.000142465
77212: 0.000142463
77213: 0.000142461
77214: 0.000142459
77215: 0.000142458
77216: 0.000142456
77217: 0.000142454
77218: 0.000142452
77219: 0.00014245
77220: 0.000142448
77221: 0.000142446
77222: 0.000142445
77223: 0.000142443
77224: 0.000142441
77225: 0.000142439
77226: 0.000142437
77227: 0.000142435
77228: 0.000142434
77229: 0.000142432
77230: 0.00014243
77231: 0.000142428
77232: 0.000142426
77233: 0.000142424
77234: 0.000142422
77235: 0.000142421
77236: 0.000142419
77237: 0.000142417
77238: 0.000142415
77239: 0.000142413
77240: 0.000142411
77241: 0.00014241
77242: 0.000142408
77243: 0.000142406
77244: 0.000142404
77245: 0.000142402
77246: 0.0001424
77247: 0.000142399
77248: 0.000142397
77249: 0.000142395
77250: 0.000142393
77251: 0.000142391
77252: 0.000142389
77253: 0.000142387
77254: 0.000142386
77255: 0.000142384
77256: 0.000142382
77257: 0.00014238
77258: 0.000142378
77259: 0.000142376
77260: 0.000142375
77261: 0.000142373
77262: 0.000142371
77263: 0.000142369
77264: 0.000142367
77265: 0.000142365
77266: 0.000142363
77267: 0.000142362
77268: 0.00014236
77269: 0.000142358
77270: 0.000142356
77271: 0.000142354
77272: 0.000142352
77273: 0.000142351
77274: 0.000142349
77275: 0.000142347
77276: 0.000142345
77277: 0.000142343
77278: 0.000142341
77279: 0.00014234
77280: 0.000142338
77281: 0.000142336
77282: 0.000142334
77283: 0.000142332
77284: 0.00014233
77285: 0.000142328
77286: 0.000142327
77287: 0.000142325
77288: 0.000142323
77289: 0.000142321
77290: 0.000142319
77291: 0.000142317
77292: 0.000142316
77293: 0.000142314
77294: 0.000142312
77295: 0.00014231
77296: 0.000142308
77297: 0.000142306
77298: 0.000142305
77299: 0.000142303
77300: 0.000142301
77301: 0.000142299
77302: 0.000142297
77303: 0.000142295
77304: 0.000142294
77305: 0.000142292
77306: 0.00014229
77307: 0.000142288
77308: 0.000142286
77309: 0.000142284
77310: 0.000142282
77311: 0.000142281
77312: 0.000142279
77313: 0.000142277
77314: 0.000142275
77315: 0.000142273
77316: 0.000142271
77317: 0.00014227
77318: 0.000142268
77319: 0.000142266
77320: 0.000142264
77321: 0.000142262
77322: 0.00014226
77323: 0.000142259
77324: 0.000142257
77325: 0.000142255
77326: 0.000142253
77327: 0.000142251
77328: 0.000142249
77329: 0.000142248
77330: 0.000142246
77331: 0.000142244
77332: 0.000142242
77333: 0.00014224
77334: 0.000142238
77335: 0.000142236
77336: 0.000142235
77337: 0.000142233
77338: 0.000142231
77339: 0.000142229
77340: 0.000142227
77341: 0.000142225
77342: 0.000142224
77343: 0.000142222
77344: 0.00014222
77345: 0.000142218
77346: 0.000142216
77347: 0.000142214
77348: 0.000142213
77349: 0.000142211
77350: 0.000142209
77351: 0.000142207
77352: 0.000142205
77353: 0.000142203
77354: 0.000142202
77355: 0.0001422
77356: 0.000142198
77357: 0.000142196
77358: 0.000142194
77359: 0.000142192
77360: 0.000142191
77361: 0.000142189
77362: 0.000142187
77363: 0.000142185
77364: 0.000142183
77365: 0.000142181
77366: 0.000142179
77367: 0.000142178
77368: 0.000142176
77369: 0.000142174
77370: 0.000142172
77371: 0.00014217
77372: 0.000142168
77373: 0.000142167
77374: 0.000142165
77375: 0.000142163
77376: 0.000142161
77377: 0.000142159
77378: 0.000142157
77379: 0.000142156
77380: 0.000142154
77381: 0.000142152
77382: 0.00014215
77383: 0.000142148
77384: 0.000142146
77385: 0.000142145
77386: 0.000142143
77387: 0.000142141
77388: 0.000142139
77389: 0.000142137
77390: 0.000142135
77391: 0.000142134
77392: 0.000142132
77393: 0.00014213
77394: 0.000142128
77395: 0.000142126
77396: 0.000142124
77397: 0.000142123
77398: 0.000142121
77399: 0.000142119
77400: 0.000142117
77401: 0.000142115
77402: 0.000142113
77403: 0.000142112
77404: 0.00014211
77405: 0.000142108
77406: 0.000142106
77407: 0.000142104
77408: 0.000142102
77409: 0.000142101
77410: 0.000142099
77411: 0.000142097
77412: 0.000142095
77413: 0.000142093
77414: 0.000142091
77415: 0.000142089
77416: 0.000142088
77417: 0.000142086
77418: 0.000142084
77419: 0.000142082
77420: 0.00014208
77421: 0.000142078
77422: 0.000142077
77423: 0.000142075
77424: 0.000142073
77425: 0.000142071
77426: 0.000142069
77427: 0.000142067
77428: 0.000142066
77429: 0.000142064
77430: 0.000142062
77431: 0.00014206
77432: 0.000142058
77433: 0.000142056
77434: 0.000142055
77435: 0.000142053
77436: 0.000142051
77437: 0.000142049
77438: 0.000142047
77439: 0.000142045
77440: 0.000142044
77441: 0.000142042
77442: 0.00014204
77443: 0.000142038
77444: 0.000142036
77445: 0.000142034
77446: 0.000142033
77447: 0.000142031
77448: 0.000142029
77449: 0.000142027
77450: 0.000142025
77451: 0.000142023
77452: 0.000142022
77453: 0.00014202
77454: 0.000142018
77455: 0.000142016
77456: 0.000142014
77457: 0.000142012
77458: 0.000142011
77459: 0.000142009
77460: 0.000142007
77461: 0.000142005
77462: 0.000142003
77463: 0.000142001
77464: 0.000142
77465: 0.000141998
77466: 0.000141996
77467: 0.000141994
77468: 0.000141992
77469: 0.00014199
77470: 0.000141989
77471: 0.000141987
77472: 0.000141985
77473: 0.000141983
77474: 0.000141981
77475: 0.000141979
77476: 0.000141978
77477: 0.000141976
77478: 0.000141974
77479: 0.000141972
77480: 0.00014197
77481: 0.000141968
77482: 0.000141967
77483: 0.000141965
77484: 0.000141963
77485: 0.000141961
77486: 0.000141959
77487: 0.000141957
77488: 0.000141956
77489: 0.000141954
77490: 0.000141952
77491: 0.00014195
77492: 0.000141948
77493: 0.000141946
77494: 0.000141945
77495: 0.000141943
77496: 0.000141941
77497: 0.000141939
77498: 0.000141937
77499: 0.000141935
77500: 0.000141934
77501: 0.000141932
77502: 0.00014193
77503: 0.000141928
77504: 0.000141926
77505: 0.000141924
77506: 0.000141923
77507: 0.000141921
77508: 0.000141919
77509: 0.000141917
77510: 0.000141915
77511: 0.000141914
77512: 0.000141912
77513: 0.00014191
77514: 0.000141908
77515: 0.000141906
77516: 0.000141904
77517: 0.000141903
77518: 0.000141901
77519: 0.000141899
77520: 0.000141897
77521: 0.000141895
77522: 0.000141893
77523: 0.000141892
77524: 0.00014189
77525: 0.000141888
77526: 0.000141886
77527: 0.000141884
77528: 0.000141882
77529: 0.000141881
77530: 0.000141879
77531: 0.000141877
77532: 0.000141875
77533: 0.000141873
77534: 0.000141871
77535: 0.00014187
77536: 0.000141868
77537: 0.000141866
77538: 0.000141864
77539: 0.000141862
77540: 0.00014186
77541: 0.000141859
77542: 0.000141857
77543: 0.000141855
77544: 0.000141853
77545: 0.000141851
77546: 0.000141849
77547: 0.000141848
77548: 0.000141846
77549: 0.000141844
77550: 0.000141842
77551: 0.00014184
77552: 0.000141838
77553: 0.000141837
77554: 0.000141835
77555: 0.000141833
77556: 0.000141831
77557: 0.000141829
77558: 0.000141828
77559: 0.000141826
77560: 0.000141824
77561: 0.000141822
77562: 0.00014182
77563: 0.000141818
77564: 0.000141817
77565: 0.000141815
77566: 0.000141813
77567: 0.000141811
77568: 0.000141809
77569: 0.000141807
77570: 0.000141806
77571: 0.000141804
77572: 0.000141802
77573: 0.0001418
77574: 0.000141798
77575: 0.000141796
77576: 0.000141795
77577: 0.000141793
77578: 0.000141791
77579: 0.000141789
77580: 0.000141787
77581: 0.000141785
77582: 0.000141784
77583: 0.000141782
77584: 0.00014178
77585: 0.000141778
77586: 0.000141776
77587: 0.000141775
77588: 0.000141773
77589: 0.000141771
77590: 0.000141769
77591: 0.000141767
77592: 0.000141765
77593: 0.000141764
77594: 0.000141762
77595: 0.00014176
77596: 0.000141758
77597: 0.000141756
77598: 0.000141754
77599: 0.000141753
77600: 0.000141751
77601: 0.000141749
77602: 0.000141747
77603: 0.000141745
77604: 0.000141743
77605: 0.000141742
77606: 0.00014174
77607: 0.000141738
77608: 0.000141736
77609: 0.000141734
77610: 0.000141732
77611: 0.000141731
77612: 0.000141729
77613: 0.000141727
77614: 0.000141725
77615: 0.000141723
77616: 0.000141722
77617: 0.00014172
77618: 0.000141718
77619: 0.000141716
77620: 0.000141714
77621: 0.000141712
77622: 0.000141711
77623: 0.000141709
77624: 0.000141707
77625: 0.000141705
77626: 0.000141703
77627: 0.000141701
77628: 0.0001417
77629: 0.000141698
77630: 0.000141696
77631: 0.000141694
77632: 0.000141692
77633: 0.00014169
77634: 0.000141689
77635: 0.000141687
77636: 0.000141685
77637: 0.000141683
77638: 0.000141681
77639: 0.00014168
77640: 0.000141678
77641: 0.000141676
77642: 0.000141674
77643: 0.000141672
77644: 0.00014167
77645: 0.000141669
77646: 0.000141667
77647: 0.000141665
77648: 0.000141663
77649: 0.000141661
77650: 0.000141659
77651: 0.000141658
77652: 0.000141656
77653: 0.000141654
77654: 0.000141652
77655: 0.00014165
77656: 0.000141649
77657: 0.000141647
77658: 0.000141645
77659: 0.000141643
77660: 0.000141641
77661: 0.000141639
77662: 0.000141638
77663: 0.000141636
77664: 0.000141634
77665: 0.000141632
77666: 0.00014163
77667: 0.000141628
77668: 0.000141627
77669: 0.000141625
77670: 0.000141623
77671: 0.000141621
77672: 0.000141619
77673: 0.000141618
77674: 0.000141616
77675: 0.000141614
77676: 0.000141612
77677: 0.00014161
77678: 0.000141608
77679: 0.000141607
77680: 0.000141605
77681: 0.000141603
77682: 0.000141601
77683: 0.000141599
77684: 0.000141597
77685: 0.000141596
77686: 0.000141594
77687: 0.000141592
77688: 0.00014159
77689: 0.000141588
77690: 0.000141587
77691: 0.000141585
77692: 0.000141583
77693: 0.000141581
77694: 0.000141579
77695: 0.000141577
77696: 0.000141576
77697: 0.000141574
77698: 0.000141572
77699: 0.00014157
77700: 0.000141568
77701: 0.000141566
77702: 0.000141565
77703: 0.000141563
77704: 0.000141561
77705: 0.000141559
77706: 0.000141557
77707: 0.000141556
77708: 0.000141554
77709: 0.000141552
77710: 0.00014155
77711: 0.000141548
77712: 0.000141546
77713: 0.000141545
77714: 0.000141543
77715: 0.000141541
77716: 0.000141539
77717: 0.000141537
77718: 0.000141536
77719: 0.000141534
77720: 0.000141532
77721: 0.00014153
77722: 0.000141528
77723: 0.000141526
77724: 0.000141525
77725: 0.000141523
77726: 0.000141521
77727: 0.000141519
77728: 0.000141517
77729: 0.000141516
77730: 0.000141514
77731: 0.000141512
77732: 0.00014151
77733: 0.000141508
77734: 0.000141506
77735: 0.000141505
77736: 0.000141503
77737: 0.000141501
77738: 0.000141499
77739: 0.000141497
77740: 0.000141495
77741: 0.000141494
77742: 0.000141492
77743: 0.00014149
77744: 0.000141488
77745: 0.000141486
77746: 0.000141485
77747: 0.000141483
77748: 0.000141481
77749: 0.000141479
77750: 0.000141477
77751: 0.000141475
77752: 0.000141474
77753: 0.000141472
77754: 0.00014147
77755: 0.000141468
77756: 0.000141466
77757: 0.000141465
77758: 0.000141463
77759: 0.000141461
77760: 0.000141459
77761: 0.000141457
77762: 0.000141455
77763: 0.000141454
77764: 0.000141452
77765: 0.00014145
77766: 0.000141448
77767: 0.000141446
77768: 0.000141445
77769: 0.000141443
77770: 0.000141441
77771: 0.000141439
77772: 0.000141437
77773: 0.000141435
77774: 0.000141434
77775: 0.000141432
77776: 0.00014143
77777: 0.000141428
77778: 0.000141426
77779: 0.000141425
77780: 0.000141423
77781: 0.000141421
77782: 0.000141419
77783: 0.000141417
77784: 0.000141415
77785: 0.000141414
77786: 0.000141412
77787: 0.00014141
77788: 0.000141408
77789: 0.000141406
77790: 0.000141405
77791: 0.000141403
77792: 0.000141401
77793: 0.000141399
77794: 0.000141397
77795: 0.000141395
77796: 0.000141394
77797: 0.000141392
77798: 0.00014139
77799: 0.000141388
77800: 0.000141386
77801: 0.000141385
77802: 0.000141383
77803: 0.000141381
77804: 0.000141379
77805: 0.000141377
77806: 0.000141375
77807: 0.000141374
77808: 0.000141372
77809: 0.00014137
77810: 0.000141368
77811: 0.000141366
77812: 0.000141365
77813: 0.000141363
77814: 0.000141361
77815: 0.000141359
77816: 0.000141357
77817: 0.000141355
77818: 0.000141354
77819: 0.000141352
77820: 0.00014135
77821: 0.000141348
77822: 0.000141346
77823: 0.000141345
77824: 0.000141343
77825: 0.000141341
77826: 0.000141339
77827: 0.000141337
77828: 0.000141335
77829: 0.000141334
77830: 0.000141332
77831: 0.00014133
77832: 0.000141328
77833: 0.000141326
77834: 0.000141325
77835: 0.000141323
77836: 0.000141321
77837: 0.000141319
77838: 0.000141317
77839: 0.000141316
77840: 0.000141314
77841: 0.000141312
77842: 0.00014131
77843: 0.000141308
77844: 0.000141306
77845: 0.000141305
77846: 0.000141303
77847: 0.000141301
77848: 0.000141299
77849: 0.000141297
77850: 0.000141296
77851: 0.000141294
77852: 0.000141292
77853: 0.00014129
77854: 0.000141288
77855: 0.000141286
77856: 0.000141285
77857: 0.000141283
77858: 0.000141281
77859: 0.000141279
77860: 0.000141277
77861: 0.000141276
77862: 0.000141274
77863: 0.000141272
77864: 0.00014127
77865: 0.000141268
77866: 0.000141267
77867: 0.000141265
77868: 0.000141263
77869: 0.000141261
77870: 0.000141259
77871: 0.000141257
77872: 0.000141256
77873: 0.000141254
77874: 0.000141252
77875: 0.00014125
77876: 0.000141248
77877: 0.000141247
77878: 0.000141245
77879: 0.000141243
77880: 0.000141241
77881: 0.000141239
77882: 0.000141237
77883: 0.000141236
77884: 0.000141234
77885: 0.000141232
77886: 0.00014123
77887: 0.000141228
77888: 0.000141227
77889: 0.000141225
77890: 0.000141223
77891: 0.000141221
77892: 0.000141219
77893: 0.000141218
77894: 0.000141216
77895: 0.000141214
77896: 0.000141212
77897: 0.00014121
77898: 0.000141208
77899: 0.000141207
77900: 0.000141205
77901: 0.000141203
77902: 0.000141201
77903: 0.000141199
77904: 0.000141198
77905: 0.000141196
77906: 0.000141194
77907: 0.000141192
77908: 0.00014119
77909: 0.000141189
77910: 0.000141187
77911: 0.000141185
77912: 0.000141183
77913: 0.000141181
77914: 0.000141179
77915: 0.000141178
77916: 0.000141176
77917: 0.000141174
77918: 0.000141172
77919: 0.00014117
77920: 0.000141169
77921: 0.000141167
77922: 0.000141165
77923: 0.000141163
77924: 0.000141161
77925: 0.00014116
77926: 0.000141158
77927: 0.000141156
77928: 0.000141154
77929: 0.000141152
77930: 0.000141151
77931: 0.000141149
77932: 0.000141147
77933: 0.000141145
77934: 0.000141143
77935: 0.000141141
77936: 0.00014114
77937: 0.000141138
77938: 0.000141136
77939: 0.000141134
77940: 0.000141132
77941: 0.000141131
77942: 0.000141129
77943: 0.000141127
77944: 0.000141125
77945: 0.000141123
77946: 0.000141122
77947: 0.00014112
77948: 0.000141118
77949: 0.000141116
77950: 0.000141114
77951: 0.000141112
77952: 0.000141111
77953: 0.000141109
77954: 0.000141107
77955: 0.000141105
77956: 0.000141103
77957: 0.000141102
77958: 0.0001411
77959: 0.000141098
77960: 0.000141096
77961: 0.000141094
77962: 0.000141093
77963: 0.000141091
77964: 0.000141089
77965: 0.000141087
77966: 0.000141085
77967: 0.000141084
77968: 0.000141082
77969: 0.00014108
77970: 0.000141078
77971: 0.000141076
77972: 0.000141074
77973: 0.000141073
77974: 0.000141071
77975: 0.000141069
77976: 0.000141067
77977: 0.000141065
77978: 0.000141064
77979: 0.000141062
77980: 0.00014106
77981: 0.000141058
77982: 0.000141056
77983: 0.000141055
77984: 0.000141053
77985: 0.000141051
77986: 0.000141049
77987: 0.000141047
77988: 0.000141046
77989: 0.000141044
77990: 0.000141042
77991: 0.00014104
77992: 0.000141038
77993: 0.000141036
77994: 0.000141035
77995: 0.000141033
77996: 0.000141031
77997: 0.000141029
77998: 0.000141027
77999: 0.000141026
78000: 0.000141024
78001: 0.000141022
78002: 0.00014102
78003: 0.000141018
78004: 0.000141017
78005: 0.000141015
78006: 0.000141013
78007: 0.000141011
78008: 0.000141009
78009: 0.000141008
78010: 0.000141006
78011: 0.000141004
78012: 0.000141002
78013: 0.000141
78014: 0.000140999
78015: 0.000140997
78016: 0.000140995
78017: 0.000140993
78018: 0.000140991
78019: 0.000140989
78020: 0.000140988
78021: 0.000140986
78022: 0.000140984
78023: 0.000140982
78024: 0.00014098
78025: 0.000140979
78026: 0.000140977
78027: 0.000140975
78028: 0.000140973
78029: 0.000140971
78030: 0.00014097
78031: 0.000140968
78032: 0.000140966
78033: 0.000140964
78034: 0.000140962
78035: 0.000140961
78036: 0.000140959
78037: 0.000140957
78038: 0.000140955
78039: 0.000140953
78040: 0.000140952
78041: 0.00014095
78042: 0.000140948
78043: 0.000140946
78044: 0.000140944
78045: 0.000140943
78046: 0.000140941
78047: 0.000140939
78048: 0.000140937
78049: 0.000140935
78050: 0.000140933
78051: 0.000140932
78052: 0.00014093
78053: 0.000140928
78054: 0.000140926
78055: 0.000140924
78056: 0.000140923
78057: 0.000140921
78058: 0.000140919
78059: 0.000140917
78060: 0.000140915
78061: 0.000140914
78062: 0.000140912
78063: 0.00014091
78064: 0.000140908
78065: 0.000140906
78066: 0.000140905
78067: 0.000140903
78068: 0.000140901
78069: 0.000140899
78070: 0.000140897
78071: 0.000140896
78072: 0.000140894
78073: 0.000140892
78074: 0.00014089
78075: 0.000140888
78076: 0.000140887
78077: 0.000140885
78078: 0.000140883
78079: 0.000140881
78080: 0.000140879
78081: 0.000140878
78082: 0.000140876
78083: 0.000140874
78084: 0.000140872
78085: 0.00014087
78086: 0.000140869
78087: 0.000140867
78088: 0.000140865
78089: 0.000140863
78090: 0.000140861
78091: 0.000140859
78092: 0.000140858
78093: 0.000140856
78094: 0.000140854
78095: 0.000140852
78096: 0.00014085
78097: 0.000140849
78098: 0.000140847
78099: 0.000140845
78100: 0.000140843
78101: 0.000140841
78102: 0.00014084
78103: 0.000140838
78104: 0.000140836
78105: 0.000140834
78106: 0.000140832
78107: 0.000140831
78108: 0.000140829
78109: 0.000140827
78110: 0.000140825
78111: 0.000140823
78112: 0.000140822
78113: 0.00014082
78114: 0.000140818
78115: 0.000140816
78116: 0.000140814
78117: 0.000140813
78118: 0.000140811
78119: 0.000140809
78120: 0.000140807
78121: 0.000140805
78122: 0.000140804
78123: 0.000140802
78124: 0.0001408
78125: 0.000140798
78126: 0.000140796
78127: 0.000140795
78128: 0.000140793
78129: 0.000140791
78130: 0.000140789
78131: 0.000140787
78132: 0.000140786
78133: 0.000140784
78134: 0.000140782
78135: 0.00014078
78136: 0.000140778
78137: 0.000140777
78138: 0.000140775
78139: 0.000140773
78140: 0.000140771
78141: 0.000140769
78142: 0.000140768
78143: 0.000140766
78144: 0.000140764
78145: 0.000140762
78146: 0.00014076
78147: 0.000140759
78148: 0.000140757
78149: 0.000140755
78150: 0.000140753
78151: 0.000140751
78152: 0.00014075
78153: 0.000140748
78154: 0.000140746
78155: 0.000140744
78156: 0.000140742
78157: 0.000140741
78158: 0.000140739
78159: 0.000140737
78160: 0.000140735
78161: 0.000140733
78162: 0.000140732
78163: 0.00014073
78164: 0.000140728
78165: 0.000140726
78166: 0.000140724
78167: 0.000140723
78168: 0.000140721
78169: 0.000140719
78170: 0.000140717
78171: 0.000140715
78172: 0.000140714
78173: 0.000140712
78174: 0.00014071
78175: 0.000140708
78176: 0.000140706
78177: 0.000140705
78178: 0.000140703
78179: 0.000140701
78180: 0.000140699
78181: 0.000140697
78182: 0.000140696
78183: 0.000140694
78184: 0.000140692
78185: 0.00014069
78186: 0.000140688
78187: 0.000140687
78188: 0.000140685
78189: 0.000140683
78190: 0.000140681
78191: 0.000140679
78192: 0.000140678
78193: 0.000140676
78194: 0.000140674
78195: 0.000140672
78196: 0.00014067
78197: 0.000140669
78198: 0.000140667
78199: 0.000140665
78200: 0.000140663
78201: 0.000140661
78202: 0.00014066
78203: 0.000140658
78204: 0.000140656
78205: 0.000140654
78206: 0.000140652
78207: 0.000140651
78208: 0.000140649
78209: 0.000140647
78210: 0.000140645
78211: 0.000140643
78212: 0.000140642
78213: 0.00014064
78214: 0.000140638
78215: 0.000140636
78216: 0.000140634
78217: 0.000140633
78218: 0.000140631
78219: 0.000140629
78220: 0.000140627
78221: 0.000140625
78222: 0.000140624
78223: 0.000140622
78224: 0.00014062
78225: 0.000140618
78226: 0.000140616
78227: 0.000140615
78228: 0.000140613
78229: 0.000140611
78230: 0.000140609
78231: 0.000140607
78232: 0.000140606
78233: 0.000140604
78234: 0.000140602
78235: 0.0001406
78236: 0.000140598
78237: 0.000140597
78238: 0.000140595
78239: 0.000140593
78240: 0.000140591
78241: 0.000140589
78242: 0.000140588
78243: 0.000140586
78244: 0.000140584
78245: 0.000140582
78246: 0.00014058
78247: 0.000140579
78248: 0.000140577
78249: 0.000140575
78250: 0.000140573
78251: 0.000140571
78252: 0.00014057
78253: 0.000140568
78254: 0.000140566
78255: 0.000140564
78256: 0.000140563
78257: 0.000140561
78258: 0.000140559
78259: 0.000140557
78260: 0.000140555
78261: 0.000140554
78262: 0.000140552
78263: 0.00014055
78264: 0.000140548
78265: 0.000140546
78266: 0.000140545
78267: 0.000140543
78268: 0.000140541
78269: 0.000140539
78270: 0.000140537
78271: 0.000140536
78272: 0.000140534
78273: 0.000140532
78274: 0.00014053
78275: 0.000140528
78276: 0.000140527
78277: 0.000140525
78278: 0.000140523
78279: 0.000140521
78280: 0.000140519
78281: 0.000140518
78282: 0.000140516
78283: 0.000140514
78284: 0.000140512
78285: 0.00014051
78286: 0.000140509
78287: 0.000140507
78288: 0.000140505
78289: 0.000140503
78290: 0.000140501
78291: 0.0001405
78292: 0.000140498
78293: 0.000140496
78294: 0.000140494
78295: 0.000140492
78296: 0.000140491
78297: 0.000140489
78298: 0.000140487
78299: 0.000140485
78300: 0.000140484
78301: 0.000140482
78302: 0.00014048
78303: 0.000140478
78304: 0.000140476
78305: 0.000140475
78306: 0.000140473
78307: 0.000140471
78308: 0.000140469
78309: 0.000140467
78310: 0.000140466
78311: 0.000140464
78312: 0.000140462
78313: 0.00014046
78314: 0.000140458
78315: 0.000140457
78316: 0.000140455
78317: 0.000140453
78318: 0.000140451
78319: 0.000140449
78320: 0.000140448
78321: 0.000140446
78322: 0.000140444
78323: 0.000140442
78324: 0.00014044
78325: 0.000140439
78326: 0.000140437
78327: 0.000140435
78328: 0.000140433
78329: 0.000140432
78330: 0.00014043
78331: 0.000140428
78332: 0.000140426
78333: 0.000140424
78334: 0.000140423
78335: 0.000140421
78336: 0.000140419
78337: 0.000140417
78338: 0.000140415
78339: 0.000140414
78340: 0.000140412
78341: 0.00014041
78342: 0.000140408
78343: 0.000140406
78344: 0.000140405
78345: 0.000140403
78346: 0.000140401
78347: 0.000140399
78348: 0.000140397
78349: 0.000140396
78350: 0.000140394
78351: 0.000140392
78352: 0.00014039
78353: 0.000140388
78354: 0.000140387
78355: 0.000140385
78356: 0.000140383
78357: 0.000140381
78358: 0.00014038
78359: 0.000140378
78360: 0.000140376
78361: 0.000140374
78362: 0.000140372
78363: 0.000140371
78364: 0.000140369
78365: 0.000140367
78366: 0.000140365
78367: 0.000140363
78368: 0.000140362
78369: 0.00014036
78370: 0.000140358
78371: 0.000140356
78372: 0.000140354
78373: 0.000140353
78374: 0.000140351
78375: 0.000140349
78376: 0.000140347
78377: 0.000140346
78378: 0.000140344
78379: 0.000140342
78380: 0.00014034
78381: 0.000140338
78382: 0.000140337
78383: 0.000140335
78384: 0.000140333
78385: 0.000140331
78386: 0.000140329
78387: 0.000140328
78388: 0.000140326
78389: 0.000140324
78390: 0.000140322
78391: 0.00014032
78392: 0.000140319
78393: 0.000140317
78394: 0.000140315
78395: 0.000140313
78396: 0.000140311
78397: 0.00014031
78398: 0.000140308
78399: 0.000140306
78400: 0.000140304
78401: 0.000140303
78402: 0.000140301
78403: 0.000140299
78404: 0.000140297
78405: 0.000140295
78406: 0.000140294
78407: 0.000140292
78408: 0.00014029
78409: 0.000140288
78410: 0.000140286
78411: 0.000140285
78412: 0.000140283
78413: 0.000140281
78414: 0.000140279
78415: 0.000140277
78416: 0.000140276
78417: 0.000140274
78418: 0.000140272
78419: 0.00014027
78420: 0.000140269
78421: 0.000140267
78422: 0.000140265
78423: 0.000140263
78424: 0.000140261
78425: 0.00014026
78426: 0.000140258
78427: 0.000140256
78428: 0.000140254
78429: 0.000140252
78430: 0.000140251
78431: 0.000140249
78432: 0.000140247
78433: 0.000140245
78434: 0.000140244
78435: 0.000140242
78436: 0.00014024
78437: 0.000140238
78438: 0.000140236
78439: 0.000140235
78440: 0.000140233
78441: 0.000140231
78442: 0.000140229
78443: 0.000140227
78444: 0.000140226
78445: 0.000140224
78446: 0.000140222
78447: 0.00014022
78448: 0.000140218
78449: 0.000140217
78450: 0.000140215
78451: 0.000140213
78452: 0.000140211
78453: 0.00014021
78454: 0.000140208
78455: 0.000140206
78456: 0.000140204
78457: 0.000140202
78458: 0.000140201
78459: 0.000140199
78460: 0.000140197
78461: 0.000140195
78462: 0.000140193
78463: 0.000140192
78464: 0.00014019
78465: 0.000140188
78466: 0.000140186
78467: 0.000140185
78468: 0.000140183
78469: 0.000140181
78470: 0.000140179
78471: 0.000140177
78472: 0.000140176
78473: 0.000140174
78474: 0.000140172
78475: 0.00014017
78476: 0.000140168
78477: 0.000140167
78478: 0.000140165
78479: 0.000140163
78480: 0.000140161
78481: 0.00014016
78482: 0.000140158
78483: 0.000140156
78484: 0.000140154
78485: 0.000140152
78486: 0.000140151
78487: 0.000140149
78488: 0.000140147
78489: 0.000140145
78490: 0.000140143
78491: 0.000140142
78492: 0.00014014
78493: 0.000140138
78494: 0.000140136
78495: 0.000140135
78496: 0.000140133
78497: 0.000140131
78498: 0.000140129
78499: 0.000140127
78500: 0.000140126
78501: 0.000140124
78502: 0.000140122
78503: 0.00014012
78504: 0.000140118
78505: 0.000140117
78506: 0.000140115
78507: 0.000140113
78508: 0.000140111
78509: 0.00014011
78510: 0.000140108
78511: 0.000140106
78512: 0.000140104
78513: 0.000140102
78514: 0.000140101
78515: 0.000140099
78516: 0.000140097
78517: 0.000140095
78518: 0.000140093
78519: 0.000140092
78520: 0.00014009
78521: 0.000140088
78522: 0.000140086
78523: 0.000140085
78524: 0.000140083
78525: 0.000140081
78526: 0.000140079
78527: 0.000140077
78528: 0.000140076
78529: 0.000140074
78530: 0.000140072
78531: 0.00014007
78532: 0.000140069
78533: 0.000140067
78534: 0.000140065
78535: 0.000140063
78536: 0.000140061
78537: 0.00014006
78538: 0.000140058
78539: 0.000140056
78540: 0.000140054
78541: 0.000140052
78542: 0.000140051
78543: 0.000140049
78544: 0.000140047
78545: 0.000140045
78546: 0.000140044
78547: 0.000140042
78548: 0.00014004
78549: 0.000140038
78550: 0.000140036
78551: 0.000140035
78552: 0.000140033
78553: 0.000140031
78554: 0.000140029
78555: 0.000140027
78556: 0.000140026
78557: 0.000140024
78558: 0.000140022
78559: 0.00014002
78560: 0.000140019
78561: 0.000140017
78562: 0.000140015
78563: 0.000140013
78564: 0.000140011
78565: 0.00014001
78566: 0.000140008
78567: 0.000140006
78568: 0.000140004
78569: 0.000140003
78570: 0.000140001
78571: 0.000139999
78572: 0.000139997
78573: 0.000139995
78574: 0.000139994
78575: 0.000139992
78576: 0.00013999
78577: 0.000139988
78578: 0.000139987
78579: 0.000139985
78580: 0.000139983
78581: 0.000139981
78582: 0.000139979
78583: 0.000139978
78584: 0.000139976
78585: 0.000139974
78586: 0.000139972
78587: 0.00013997
78588: 0.000139969
78589: 0.000139967
78590: 0.000139965
78591: 0.000139963
78592: 0.000139962
78593: 0.00013996
78594: 0.000139958
78595: 0.000139956
78596: 0.000139954
78597: 0.000139953
78598: 0.000139951
78599: 0.000139949
78600: 0.000139947
78601: 0.000139946
78602: 0.000139944
78603: 0.000139942
78604: 0.00013994
78605: 0.000139938
78606: 0.000139937
78607: 0.000139935
78608: 0.000139933
78609: 0.000139931
78610: 0.00013993
78611: 0.000139928
78612: 0.000139926
78613: 0.000139924
78614: 0.000139922
78615: 0.000139921
78616: 0.000139919
78617: 0.000139917
78618: 0.000139915
78619: 0.000139914
78620: 0.000139912
78621: 0.00013991
78622: 0.000139908
78623: 0.000139906
78624: 0.000152623
78625: 0.000152621
78626: 0.000152619
78627: 0.000152617
78628: 0.000152615
78629: 0.000152614
78630: 0.000152612
78631: 0.00015261
78632: 0.000152608
78633: 0.000152606
78634: 0.000152604
78635: 0.000152602
78636: 0.0001526
78637: 0.000152598
78638: 0.000152596
78639: 0.000152594
78640: 0.000152592
78641: 0.00015259
78642: 0.000152588
78643: 0.000152586
78644: 0.000152584
78645: 0.000152582
78646: 0.000152581
78647: 0.000152579
78648: 0.000152577
78649: 0.000152575
78650: 0.000152573
78651: 0.000152571
78652: 0.000152569
78653: 0.000152567
78654: 0.000152565
78655: 0.000152563
78656: 0.000152561
78657: 0.000152559
78658: 0.000152557
78659: 0.000152555
78660: 0.000152553
78661: 0.000152551
78662: 0.000152549
78663: 0.000152548
78664: 0.000152546
78665: 0.000152544
78666: 0.000152542
78667: 0.00015254
78668: 0.000152538
78669: 0.000152536
78670: 0.000152534
78671: 0.000152532
78672: 0.00015253
78673: 0.000152528
78674: 0.000152526
78675: 0.000152524
78676: 0.000152522
78677: 0.00015252
78678: 0.000152518
78679: 0.000152517
78680: 0.000152515
78681: 0.000152513
78682: 0.000152511
78683: 0.000152509
78684: 0.000152507
78685: 0.000152505
78686: 0.000152503
78687: 0.000152501
78688: 0.000152499
78689: 0.000152497
78690: 0.000152495
78691: 0.000152493
78692: 0.000152491
78693: 0.000152489
78694: 0.000152487
78695: 0.000152486
78696: 0.000152484
78697: 0.000152482
78698: 0.00015248
78699: 0.000152478
78700: 0.000152476
78701: 0.000152474
78702: 0.000152472
78703: 0.00015247
78704: 0.000152468
78705: 0.000152466
78706: 0.000152464
78707: 0.000152462
78708: 0.00015246
78709: 0.000152458
78710: 0.000152456
78711: 0.000152455
78712: 0.000152453
78713: 0.000152451
78714: 0.000152449
78715: 0.000152447
78716: 0.000152445
78717: 0.000152443
78718: 0.000152441
78719: 0.000152439
78720: 0.000152437
78721: 0.000152435
78722: 0.000152433
78723: 0.000152431
78724: 0.000152429
78725: 0.000152427
78726: 0.000152425
78727: 0.000152424
78728: 0.000152422
78729: 0.00015242
78730: 0.000152418
78731: 0.000152416
78732: 0.000152414
78733: 0.000152412
78734: 0.00015241
78735: 0.000152408
78736: 0.000152406
78737: 0.000152404
78738: 0.000152402
78739: 0.0001524
78740: 0.000152398
78741: 0.000152396
78742: 0.000152394
78743: 0.000152393
78744: 0.000152391
78745: 0.000152389
78746: 0.000152387
78747: 0.000152385
78748: 0.000152383
78749: 0.000152381
78750: 0.000152379
78751: 0.000152377
78752: 0.000152375
78753: 0.000152373
78754: 0.000152371
78755: 0.000152369
78756: 0.000152367
78757: 0.000152365
78758: 0.000152364
78759: 0.000152362
78760: 0.00015236
78761: 0.000152358
78762: 0.000152356
78763: 0.000152354
78764: 0.000152352
78765: 0.00015235
78766: 0.000152348
78767: 0.000152346
78768: 0.000152344
78769: 0.000152342
78770: 0.00015234
78771: 0.000152338
78772: 0.000152336
78773: 0.000152335
78774: 0.000152333
78775: 0.000152331
78776: 0.000152329
78777: 0.000152327
78778: 0.000152325
78779: 0.000152323
78780: 0.000152321
78781: 0.000152319
78782: 0.000152317
78783: 0.000152315
78784: 0.000152313
78785: 0.000152311
78786: 0.000152309
78787: 0.000152307
78788: 0.000152306
78789: 0.000152304
78790: 0.000152302
78791: 0.0001523
78792: 0.000152298
78793: 0.000152296
78794: 0.000152294
78795: 0.000152292
78796: 0.00015229
78797: 0.000152288
78798: 0.000152286
78799: 0.000152284
78800: 0.000152282
78801: 0.00015228
78802: 0.000152278
78803: 0.000152277
78804: 0.000152275
78805: 0.000152273
78806: 0.000152271
78807: 0.000152269
78808: 0.000152267
78809: 0.000152265
78810: 0.000152263
78811: 0.000152261
78812: 0.000152259
78813: 0.000152257
78814: 0.000152255
78815: 0.000152253
78816: 0.000152251
78817: 0.000152249
78818: 0.000152248
78819: 0.000152246
78820: 0.000152244
78821: 0.000152242
78822: 0.00015224
78823: 0.000152238
78824: 0.000152236
78825: 0.000152234
78826: 0.000152232
78827: 0.00015223
78828: 0.000152228
78829: 0.000152226
78830: 0.000152224
78831: 0.000152222
78832: 0.000152221
78833: 0.000152219
78834: 0.000152217
78835: 0.000152215
78836: 0.000152213
78837: 0.000152211
78838: 0.000152209
78839: 0.000152207
78840: 0.000152205
78841: 0.000152203
78842: 0.000152201
78843: 0.000152199
78844: 0.000152197
78845: 0.000152195
78846: 0.000152193
78847: 0.000152192
78848: 0.00015219
78849: 0.000152188
78850: 0.000152186
78851: 0.000152184
78852: 0.000152182
78853: 0.00015218
78854: 0.000152178
78855: 0.000152176
78856: 0.000152174
78857: 0.000152172
78858: 0.00015217
78859: 0.000152168
78860: 0.000152166
78861: 0.000152165
78862: 0.000152163
78863: 0.000152161
78864: 0.000152159
78865: 0.000152157
78866: 0.000152155
78867: 0.000152153
78868: 0.000152151
78869: 0.000152149
78870: 0.000152147
78871: 0.000152145
78872: 0.000152143
78873: 0.000152141
78874: 0.000152139
78875: 0.000152138
78876: 0.000152136
78877: 0.000152134
78878: 0.000152132
78879: 0.00015213
78880: 0.000152128
78881: 0.000152126
78882: 0.000152124
78883: 0.000152122
78884: 0.00015212
78885: 0.000152118
78886: 0.000152116
78887: 0.000152114
78888: 0.000152112
78889: 0.000152111
78890: 0.000152109
78891: 0.000152107
78892: 0.000152105
78893: 0.000152103
78894: 0.000152101
78895: 0.000152099
78896: 0.000152097
78897: 0.000152095
78898: 0.000152093
78899: 0.000152091
78900: 0.000152089
78901: 0.000152087
78902: 0.000152085
78903: 0.000152084
78904: 0.000152082
78905: 0.00015208
78906: 0.000152078
78907: 0.000152076
78908: 0.000152074
78909: 0.000152072
78910: 0.00015207
78911: 0.000152068
78912: 0.000152066
78913: 0.000152064
78914: 0.000152062
78915: 0.00015206
78916: 0.000152058
78917: 0.000152057
78918: 0.000152055
78919: 0.000152053
78920: 0.000152051
78921: 0.000152049
78922: 0.000152047
78923: 0.000152045
78924: 0.000152043
78925: 0.000152041
78926: 0.000152039
78927: 0.000152037
78928: 0.000152035
78929: 0.000152033
78930: 0.000152032
78931: 0.00015203
78932: 0.000152028
78933: 0.000152026
78934: 0.000152024
78935: 0.000152022
78936: 0.00015202
78937: 0.000152018
78938: 0.000152016
78939: 0.000152014
78940: 0.000152012
78941: 0.00015201
78942: 0.000152008
78943: 0.000152006
78944: 0.000152005
78945: 0.000152003
78946: 0.000152001
78947: 0.000151999
78948: 0.000151997
78949: 0.000151995
78950: 0.000151993
78951: 0.000151991
78952: 0.000151989
78953: 0.000151987
78954: 0.000151985
78955: 0.000151983
78956: 0.000151981
78957: 0.00015198
78958: 0.000151978
78959: 0.000151976
78960: 0.000151974
78961: 0.000151972
78962: 0.00015197
78963: 0.000151968
78964: 0.000151966
78965: 0.000151964
78966: 0.000151962
78967: 0.00015196
78968: 0.000151958
78969: 0.000151956
78970: 0.000151955
78971: 0.000151953
78972: 0.000151951
78973: 0.000151949
78974: 0.000151947
78975: 0.000151945
78976: 0.000151943
78977: 0.000151941
78978: 0.000151939
78979: 0.000151937
78980: 0.000151935
78981: 0.000151933
78982: 0.000151931
78983: 0.00015193
78984: 0.000151928
78985: 0.000151926
78986: 0.000151924
78987: 0.000151922
78988: 0.00015192
78989: 0.000151918
78990: 0.000151916
78991: 0.000151914
78992: 0.000151912
78993: 0.00015191
78994: 0.000151908
78995: 0.000151906
78996: 0.000151905
78997: 0.000151903
78998: 0.000151901
78999: 0.000151899
79000: 0.000151897
79001: 0.000151895
79002: 0.000151893
79003: 0.000151891
79004: 0.000151889
79005: 0.000151887
79006: 0.000151885
79007: 0.000151883
79008: 0.000151881
79009: 0.00015188
79010: 0.000151878
79011: 0.000151876
79012: 0.000151874
79013: 0.000151872
79014: 0.00015187
79015: 0.000151868
79016: 0.000151866
79017: 0.000151864
79018: 0.000151862
79019: 0.00015186
79020: 0.000151858
79021: 0.000151856
79022: 0.000151855
79023: 0.000151853
79024: 0.000151851
79025: 0.000151849
79026: 0.000151847
79027: 0.000151845
79028: 0.000151843
79029: 0.000151841
79030: 0.000151839
79031: 0.000151837
79032: 0.000151835
79033: 0.000151833
79034: 0.000151831
79035: 0.00015183
79036: 0.000151828
79037: 0.000151826
79038: 0.000151824
79039: 0.000151822
79040: 0.00015182
79041: 0.000151818
79042: 0.000151816
79043: 0.000151814
79044: 0.000151812
79045: 0.00015181
79046: 0.000151808
79047: 0.000151806
79048: 0.000151805
79049: 0.000151803
79050: 0.000151801
79051: 0.000151799
79052: 0.000151797
79053: 0.000151795
79054: 0.000151793
79055: 0.000151791
79056: 0.000151789
79057: 0.000151787
79058: 0.000151785
79059: 0.000151783
79060: 0.000151782
79061: 0.00015178
79062: 0.000151778
79063: 0.000151776
79064: 0.000151774
79065: 0.000151772
79066: 0.00015177
79067: 0.000151768
79068: 0.000151766
79069: 0.000151764
79070: 0.000151762
79071: 0.00015176
79072: 0.000151759
79073: 0.000151757
79074: 0.000151755
79075: 0.000151753
79076: 0.000151751
79077: 0.000151749
79078: 0.000151747
79079: 0.000151745
79080: 0.000151743
79081: 0.000151741
79082: 0.000151739
79083: 0.000151737
79084: 0.000151735
79085: 0.000151734
79086: 0.000151732
79087: 0.00015173
79088: 0.000151728
79089: 0.000151726
79090: 0.000151724
79091: 0.000151722
79092: 0.00015172
79093: 0.000151718
79094: 0.000151716
79095: 0.000151714
79096: 0.000151712
79097: 0.000151711
79098: 0.000151709
79099: 0.000151707
79100: 0.000151705
79101: 0.000151703
79102: 0.000151701
79103: 0.000151699
79104: 0.000151697
79105: 0.000151695
79106: 0.000151693
79107: 0.000151691
79108: 0.000151689
79109: 0.000151688
79110: 0.000151686
79111: 0.000151684
79112: 0.000151682
79113: 0.00015168
79114: 0.000151678
79115: 0.000151676
79116: 0.000151674
79117: 0.000151672
79118: 0.00015167
79119: 0.000151668
79120: 0.000151666
79121: 0.000151665
79122: 0.000151663
79123: 0.000151661
79124: 0.000151659
79125: 0.000151657
79126: 0.000151655
79127: 0.000151653
79128: 0.000151651
79129: 0.000151649
79130: 0.000151647
79131: 0.000151645
79132: 0.000151643
79133: 0.000151642
79134: 0.00015164
79135: 0.000151638
79136: 0.000151636
79137: 0.000151634
79138: 0.000151632
79139: 0.00015163
79140: 0.000151628
79141: 0.000151626
79142: 0.000151624
79143: 0.000151622
79144: 0.00015162
79145: 0.000151619
79146: 0.000151617
79147: 0.000151615
79148: 0.000151613
79149: 0.000151611
79150: 0.000151609
79151: 0.000151607
79152: 0.000151605
79153: 0.000151603
79154: 0.000151601
79155: 0.000151599
79156: 0.000151597
79157: 0.000151596
79158: 0.000151594
79159: 0.000151592
79160: 0.00015159
79161: 0.000151588
79162: 0.000151586
79163: 0.000151584
79164: 0.000151582
79165: 0.00015158
79166: 0.000151578
79167: 0.000151576
79168: 0.000151574
79169: 0.000151573
79170: 0.000151571
79171: 0.000151569
79172: 0.000151567
79173: 0.000151565
79174: 0.000151563
79175: 0.000151561
79176: 0.000151559
79177: 0.000151557
79178: 0.000151555
79179: 0.000151553
79180: 0.000151552
79181: 0.00015155
79182: 0.000151548
79183: 0.000151546
79184: 0.000151544
79185: 0.000151542
79186: 0.00015154
79187: 0.000151538
79188: 0.000151536
79189: 0.000151534
79190: 0.000151532
79191: 0.00015153
79192: 0.000151529
79193: 0.000151527
79194: 0.000151525
79195: 0.000151523
79196: 0.000151521
79197: 0.000151519
79198: 0.000151517
79199: 0.000151515
79200: 0.000151513
79201: 0.000151511
79202: 0.000151509
79203: 0.000151507
79204: 0.000151506
79205: 0.000151504
79206: 0.000151502
79207: 0.0001515
79208: 0.000151498
79209: 0.000151496
79210: 0.000151494
79211: 0.000151492
79212: 0.00015149
79213: 0.000151488
79214: 0.000151486
79215: 0.000151485
79216: 0.000151483
79217: 0.000151481
79218: 0.000151479
79219: 0.000151477
79220: 0.000151475
79221: 0.000151473
79222: 0.000151471
79223: 0.000151469
79224: 0.000151467
79225: 0.000151465
79226: 0.000151464
79227: 0.000151462
79228: 0.00015146
79229: 0.000151458
79230: 0.000151456
79231: 0.000151454
79232: 0.000151452
79233: 0.00015145
79234: 0.000151448
79235: 0.000151446
79236: 0.000151444
79237: 0.000151442
79238: 0.000151441
79239: 0.000151439
79240: 0.000151437
79241: 0.000151435
79242: 0.000151433
79243: 0.000151431
79244: 0.000151429
79245: 0.000151427
79246: 0.000151425
79247: 0.000151423
79248: 0.000151421
79249: 0.00015142
79250: 0.000151418
79251: 0.000151416
79252: 0.000151414
79253: 0.000151412
79254: 0.00015141
79255: 0.000151408
79256: 0.000151406
79257: 0.000151404
79258: 0.000151402
79259: 0.0001514
79260: 0.000151399
79261: 0.000151397
79262: 0.000151395
79263: 0.000151393
79264: 0.000151391
79265: 0.000151389
79266: 0.000151387
79267: 0.000151385
79268: 0.000151383
79269: 0.000151381
79270: 0.000151379
79271: 0.000151378
79272: 0.000151376
79273: 0.000151374
79274: 0.000151372
79275: 0.00015137
79276: 0.000151368
79277: 0.000151366
79278: 0.000151364
79279: 0.000151362
79280: 0.00015136
79281: 0.000151358
79282: 0.000151357
79283: 0.000151355
79284: 0.000151353
79285: 0.000151351
79286: 0.000151349
79287: 0.000151347
79288: 0.000151345
79289: 0.000151343
79290: 0.000151341
79291: 0.000151339
79292: 0.000151337
79293: 0.000151336
79294: 0.000151334
79295: 0.000151332
79296: 0.00015133
79297: 0.000151328
79298: 0.000151326
79299: 0.000151324
79300: 0.000151322
79301: 0.00015132
79302: 0.000151318
79303: 0.000151316
79304: 0.000151315
79305: 0.000151313
79306: 0.000151311
79307: 0.000151309
79308: 0.000151307
79309: 0.000151305
79310: 0.000151303
79311: 0.000151301
79312: 0.000151299
79313: 0.000151297
79314: 0.000151295
79315: 0.000151294
79316: 0.000151292
79317: 0.00015129
79318: 0.000151288
79319: 0.000151286
79320: 0.000151284
79321: 0.000151282
79322: 0.00015128
79323: 0.000151278
79324: 0.000151276
79325: 0.000151274
79326: 0.000151273
79327: 0.000151271
79328: 0.000151269
79329: 0.000151267
79330: 0.000151265
79331: 0.000151263
79332: 0.000151261
79333: 0.000151259
79334: 0.000151257
79335: 0.000151255
79336: 0.000151254
79337: 0.000151252
79338: 0.00015125
79339: 0.000151248
79340: 0.000151246
79341: 0.000151244
79342: 0.000151242
79343: 0.00015124
79344: 0.000151238
79345: 0.000151236
79346: 0.000151234
79347: 0.000151233
79348: 0.000151231
79349: 0.000151229
79350: 0.000151227
79351: 0.000151225
79352: 0.000151223
79353: 0.000151221
79354: 0.000151219
79355: 0.000151217
79356: 0.000151215
79357: 0.000151213
79358: 0.000151212
79359: 0.00015121
79360: 0.000151208
79361: 0.000151206
79362: 0.000151204
79363: 0.000151202
79364: 0.0001512
79365: 0.000151198
79366: 0.000151196
79367: 0.000151194
79368: 0.000151193
79369: 0.000151191
79370: 0.000151189
79371: 0.000151187
79372: 0.000151185
79373: 0.000151183
79374: 0.000151181
79375: 0.000151179
79376: 0.000151177
79377: 0.000151175
79378: 0.000151173
79379: 0.000151172
79380: 0.00015117
79381: 0.000151168
79382: 0.000151166
79383: 0.000151164
79384: 0.000151162
79385: 0.00015116
79386: 0.000151158
79387: 0.000151156
79388: 0.000151154
79389: 0.000151153
79390: 0.000151151
79391: 0.000151149
79392: 0.000151147
79393: 0.000151145
79394: 0.000151143
79395: 0.000151141
79396: 0.000151139
79397: 0.000151137
79398: 0.000151135
79399: 0.000151134
79400: 0.000151132
79401: 0.00015113
79402: 0.000151128
79403: 0.000151126
79404: 0.000151124
79405: 0.000151122
79406: 0.00015112
79407: 0.000151118
79408: 0.000151116
79409: 0.000151114
79410: 0.000151113
79411: 0.000151111
79412: 0.000151109
79413: 0.000151107
79414: 0.000151105
79415: 0.000151103
79416: 0.000151101
79417: 0.000151099
79418: 0.000151097
79419: 0.000151095
79420: 0.000151094
79421: 0.000151092
79422: 0.00015109
79423: 0.000151088
79424: 0.000151086
79425: 0.000151084
79426: 0.000151082
79427: 0.00015108
79428: 0.000151078
79429: 0.000151076
79430: 0.000151075
79431: 0.000151073
79432: 0.000151071
79433: 0.000151069
79434: 0.000151067
79435: 0.000151065
79436: 0.000151063
79437: 0.000151061
79438: 0.000151059
79439: 0.000151057
79440: 0.000151056
79441: 0.000151054
79442: 0.000151052
79443: 0.00015105
79444: 0.000151048
79445: 0.000151046
79446: 0.000151044
79447: 0.000151042
79448: 0.00015104
79449: 0.000151038
79450: 0.000151036
79451: 0.000151035
79452: 0.000151033
79453: 0.000151031
79454: 0.000151029
79455: 0.000151027
79456: 0.000151025
79457: 0.000151023
79458: 0.000151021
79459: 0.000151019
79460: 0.000151017
79461: 0.000151016
79462: 0.000151014
79463: 0.000151012
79464: 0.00015101
79465: 0.000151008
79466: 0.000151006
79467: 0.000151004
79468: 0.000151002
79469: 0.000151
79470: 0.000150998
79471: 0.000150997
79472: 0.000150995
79473: 0.000150993
79474: 0.000150991
79475: 0.000150989
79476: 0.000150987
79477: 0.000150985
79478: 0.000150983
79479: 0.000150981
79480: 0.000150979
79481: 0.000150978
79482: 0.000150976
79483: 0.000150974
79484: 0.000150972
79485: 0.00015097
79486: 0.000150968
79487: 0.000150966
79488: 0.000150964
79489: 0.000150962
79490: 0.00015096
79491: 0.000150959
79492: 0.000150957
79493: 0.000150955
79494: 0.000150953
79495: 0.000150951
79496: 0.000150949
79497: 0.000150947
79498: 0.000150945
79499: 0.000150943
79500: 0.000150941
79501: 0.00015094
79502: 0.000150938
79503: 0.000150936
79504: 0.000150934
79505: 0.000150932
79506: 0.00015093
79507: 0.000150928
79508: 0.000150926
79509: 0.000150924
79510: 0.000150923
79511: 0.000150921
79512: 0.000150919
79513: 0.000150917
79514: 0.000150915
79515: 0.000150913
79516: 0.000150911
79517: 0.000150909
79518: 0.000150907
79519: 0.000150905
79520: 0.000150904
79521: 0.000150902
79522: 0.0001509
79523: 0.000150898
79524: 0.000150896
79525: 0.000150894
79526: 0.000150892
79527: 0.00015089
79528: 0.000150888
79529: 0.000150886
79530: 0.000150885
79531: 0.000150883
79532: 0.000150881
79533: 0.000150879
79534: 0.000150877
79535: 0.000150875
79536: 0.000150873
79537: 0.000150871
79538: 0.000150869
79539: 0.000150867
79540: 0.000150866
79541: 0.000150864
79542: 0.000150862
79543: 0.00015086
79544: 0.000150858
79545: 0.000150856
79546: 0.000150854
79547: 0.000150852
79548: 0.00015085
79549: 0.000150849
79550: 0.000150847
79551: 0.000150845
79552: 0.000150843
79553: 0.000150841
79554: 0.000150839
79555: 0.000150837
79556: 0.000150835
79557: 0.000150833
79558: 0.000150831
79559: 0.00015083
79560: 0.000150828
79561: 0.000150826
79562: 0.000150824
79563: 0.000150822
79564: 0.00015082
79565: 0.000150818
79566: 0.000150816
79567: 0.000150814
79568: 0.000150813
79569: 0.000150811
79570: 0.000150809
79571: 0.000150807
79572: 0.000150805
79573: 0.000150803
79574: 0.000150801
79575: 0.000150799
79576: 0.000150797
79577: 0.000150795
79578: 0.000150794
79579: 0.000150792
79580: 0.00015079
79581: 0.000150788
79582: 0.000150786
79583: 0.000150784
79584: 0.000150782
79585: 0.00015078
79586: 0.000150778
79587: 0.000150776
79588: 0.000150775
79589: 0.000150773
79590: 0.000150771
79591: 0.000150769
79592: 0.000150767
79593: 0.000150765
79594: 0.000150763
79595: 0.000150761
79596: 0.000150759
79597: 0.000150758
79598: 0.000150756
79599: 0.000150754
79600: 0.000150752
79601: 0.00015075
79602: 0.000150748
79603: 0.000150746
79604: 0.000150744
79605: 0.000150742
79606: 0.000150741
79607: 0.000150739
79608: 0.000150737
79609: 0.000150735
79610: 0.000150733
79611: 0.000150731
79612: 0.000150729
79613: 0.000150727
79614: 0.000150725
79615: 0.000150723
79616: 0.000150722
79617: 0.00015072
79618: 0.000150718
79619: 0.000150716
79620: 0.000150714
79621: 0.000150712
79622: 0.00015071
79623: 0.000150708
79624: 0.000150706
79625: 0.000150705
79626: 0.000150703
79627: 0.000150701
79628: 0.000150699
79629: 0.000150697
79630: 0.000150695
79631: 0.000150693
79632: 0.000150691
79633: 0.000150689
79634: 0.000150688
79635: 0.000150686
79636: 0.000150684
79637: 0.000150682
79638: 0.00015068
79639: 0.000150678
79640: 0.000150676
79641: 0.000150674
79642: 0.000150672
79643: 0.00015067
79644: 0.000150669
79645: 0.000150667
79646: 0.000150665
79647: 0.000150663
79648: 0.000150661
79649: 0.000150659
79650: 0.000150657
79651: 0.000150655
79652: 0.000150653
79653: 0.000150652
79654: 0.00015065
79655: 0.000150648
79656: 0.000150646
79657: 0.000150644
79658: 0.000150642
79659: 0.00015064
79660: 0.000150638
79661: 0.000150636
79662: 0.000150635
79663: 0.000150633
79664: 0.000150631
79665: 0.000150629
79666: 0.000150627
79667: 0.000150625
79668: 0.000150623
79669: 0.000150621
79670: 0.000150619
79671: 0.000150618
79672: 0.000150616
79673: 0.000150614
79674: 0.000150612
79675: 0.00015061
79676: 0.000150608
79677: 0.000150606
79678: 0.000150604
79679: 0.000150602
79680: 0.000150601
79681: 0.000150599
79682: 0.000150597
79683: 0.000150595
79684: 0.000150593
79685: 0.000150591
79686: 0.000150589
79687: 0.000150587
79688: 0.000150585
79689: 0.000150584
79690: 0.000150582
79691: 0.00015058
79692: 0.000150578
79693: 0.000150576
79694: 0.000150574
79695: 0.000150572
79696: 0.00015057
79697: 0.000150568
79698: 0.000150567
79699: 0.000150565
79700: 0.000150563
79701: 0.000150561
79702: 0.000150559
79703: 0.000150557
79704: 0.000150555
79705: 0.000150553
79706: 0.000150551
79707: 0.00015055
79708: 0.000150548
79709: 0.000150546
79710: 0.000150544
79711: 0.000150542
79712: 0.00015054
79713: 0.000150538
79714: 0.000150536
79715: 0.000150534
79716: 0.000150533
79717: 0.000150531
79718: 0.000150529
79719: 0.000150527
79720: 0.000150525
79721: 0.000150523
79722: 0.000150521
79723: 0.000150519
79724: 0.000150517
79725: 0.000150516
79726: 0.000150514
79727: 0.000150512
79728: 0.00015051
79729: 0.000150508
79730: 0.000150506
79731: 0.000150504
79732: 0.000150502
79733: 0.0001505
79734: 0.000150499
79735: 0.000150497
79736: 0.000150495
79737: 0.000150493
79738: 0.000150491
79739: 0.000150489
79740: 0.000150487
79741: 0.000150485
79742: 0.000150483
79743: 0.000150482
79744: 0.00015048
79745: 0.000150478
79746: 0.000150476
79747: 0.000150474
79748: 0.000150472
79749: 0.00015047
79750: 0.000150468
79751: 0.000150466
79752: 0.000150465
79753: 0.000150463
79754: 0.000150461
79755: 0.000150459
79756: 0.000150457
79757: 0.000150455
79758: 0.000150453
79759: 0.000150451
79760: 0.000150449
79761: 0.000150448
79762: 0.000150446
79763: 0.000150444
79764: 0.000150442
79765: 0.00015044
79766: 0.000150438
79767: 0.000150436
79768: 0.000150434
79769: 0.000150432
79770: 0.000150431
79771: 0.000150429
79772: 0.000150427
79773: 0.000150425
79774: 0.000150423
79775: 0.000150421
79776: 0.000150419
79777: 0.000150417
79778: 0.000150416
79779: 0.000150414
79780: 0.000150412
79781: 0.00015041
79782: 0.000150408
79783: 0.000150406
79784: 0.000150404
79785: 0.000150402
79786: 0.0001504
79787: 0.000150399
79788: 0.000150397
79789: 0.000150395
79790: 0.000150393
79791: 0.000150391
79792: 0.000150389
79793: 0.000150387
79794: 0.000150385
79795: 0.000150383
79796: 0.000150382
79797: 0.00015038
79798: 0.000150378
79799: 0.000150376
79800: 0.000150374
79801: 0.000150372
79802: 0.00015037
79803: 0.000150368
79804: 0.000150367
79805: 0.000150365
79806: 0.000150363
79807: 0.000150361
79808: 0.000150359
79809: 0.000150357
79810: 0.000150355
79811: 0.000150353
79812: 0.000150351
79813: 0.00015035
79814: 0.000150348
79815: 0.000150346
79816: 0.000150344
79817: 0.000150342
79818: 0.00015034
79819: 0.000150338
79820: 0.000150336
79821: 0.000150334
79822: 0.000150333
79823: 0.000150331
79824: 0.000150329
79825: 0.000150327
79826: 0.000150325
79827: 0.000150323
79828: 0.000150321
79829: 0.000150319
79830: 0.000150318
79831: 0.000150316
79832: 0.000150314
79833: 0.000150312
79834: 0.00015031
79835: 0.000150308
79836: 0.000150306
79837: 0.000150304
79838: 0.000150302
79839: 0.000150301
79840: 0.000150299
79841: 0.000150297
79842: 0.000150295
79843: 0.000150293
79844: 0.000150291
79845: 0.000150289
79846: 0.000150287
79847: 0.000150286
79848: 0.000150284
79849: 0.000150282
79850: 0.00015028
79851: 0.000150278
79852: 0.000150276
79853: 0.000150274
79854: 0.000150272
79855: 0.00015027
79856: 0.000150269
79857: 0.000150267
79858: 0.000150265
79859: 0.000150263
79860: 0.000150261
79861: 0.000150259
79862: 0.000150257
79863: 0.000150255
79864: 0.000150254
79865: 0.000150252
79866: 0.00015025
79867: 0.000150248
79868: 0.000150246
79869: 0.000150244
79870: 0.000150242
79871: 0.00015024
79872: 0.000150239
79873: 0.000150237
79874: 0.000150235
79875: 0.000150233
79876: 0.000150231
79877: 0.000150229
79878: 0.000150227
79879: 0.000150225
79880: 0.000150223
79881: 0.000150222
79882: 0.00015022
79883: 0.000150218
79884: 0.000150216
79885: 0.000150214
79886: 0.000150212
79887: 0.00015021
79888: 0.000150208
79889: 0.000150207
79890: 0.000150205
79891: 0.000150203
79892: 0.000150201
79893: 0.000150199
79894: 0.000150197
79895: 0.000150195
79896: 0.000150193
79897: 0.000150191
79898: 0.00015019
79899: 0.000150188
79900: 0.000150186
79901: 0.000150184
79902: 0.000150182
79903: 0.00015018
79904: 0.000150178
79905: 0.000150176
79906: 0.000150175
79907: 0.000150173
79908: 0.000150171
79909: 0.000150169
79910: 0.000150167
79911: 0.000150165
79912: 0.000150163
79913: 0.000150161
79914: 0.00015016
79915: 0.000150158
79916: 0.000150156
79917: 0.000150154
79918: 0.000150152
79919: 0.00015015
79920: 0.000150148
79921: 0.000150146
79922: 0.000150145
79923: 0.000150143
79924: 0.000150141
79925: 0.000150139
79926: 0.000150137
79927: 0.000150135
79928: 0.000150133
79929: 0.000150131
79930: 0.000150129
79931: 0.000150128
79932: 0.000150126
79933: 0.000150124
79934: 0.000150122
79935: 0.00015012
79936: 0.000150118
79937: 0.000150116
79938: 0.000150114
79939: 0.000150113
79940: 0.000150111
79941: 0.000150109
79942: 0.000150107
79943: 0.000150105
79944: 0.000150103
79945: 0.000150101
79946: 0.000150099
79947: 0.000150098
79948: 0.000150096
79949: 0.000150094
79950: 0.000150092
79951: 0.00015009
79952: 0.000150088
79953: 0.000150086
79954: 0.000150084
79955: 0.000150083
79956: 0.000150081
79957: 0.000150079
79958: 0.000150077
79959: 0.000150075
79960: 0.000150073
79961: 0.000150071
79962: 0.000150069
79963: 0.000150068
79964: 0.000150066
79965: 0.000150064
79966: 0.000150062
79967: 0.00015006
79968: 0.000150058
79969: 0.000150056
79970: 0.000150054
79971: 0.000150053
79972: 0.000150051
79973: 0.000150049
79974: 0.000150047
79975: 0.000150045
79976: 0.000150043
79977: 0.000150041
79978: 0.000150039
79979: 0.000150038
79980: 0.000150036
79981: 0.000150034
79982: 0.000150032
79983: 0.00015003
79984: 0.000150028
79985: 0.000150026
79986: 0.000150024
79987: 0.000150023
79988: 0.000150021
79989: 0.000150019
79990: 0.000150017
79991: 0.000150015
79992: 0.000150013
79993: 0.000150011
79994: 0.000150009
79995: 0.000150008
79996: 0.000150006
79997: 0.000150004
79998: 0.000150002
79999: 0.00015
80000: 0.000149998
80001: 0.000149996
80002: 0.000149994
80003: 0.000149993
80004: 0.000149991
80005: 0.000149989
80006: 0.000149987
80007: 0.000149985
80008: 0.000149983
80009: 0.000149981
80010: 0.000149979
80011: 0.000149978
80012: 0.000149976
80013: 0.000149974
80014: 0.000149972
80015: 0.00014997
80016: 0.000149968
80017: 0.000149966
80018: 0.000149964
80019: 0.000149963
80020: 0.000149961
80021: 0.000149959
80022: 0.000149957
80023: 0.000149955
80024: 0.000149953
80025: 0.000149951
80026: 0.000149949
80027: 0.000149948
80028: 0.000149946
80029: 0.000149944
80030: 0.000149942
80031: 0.00014994
80032: 0.000149938
80033: 0.000149936
80034: 0.000149934
80035: 0.000149933
80036: 0.000149931
80037: 0.000149929
80038: 0.000149927
80039: 0.000149925
80040: 0.000149923
80041: 0.000149921
80042: 0.000149919
80043: 0.000149918
80044: 0.000149916
80045: 0.000149914
80046: 0.000149912
80047: 0.00014991
80048: 0.000149908
80049: 0.000149906
80050: 0.000149904
80051: 0.000149903
80052: 0.000149901
80053: 0.000149899
80054: 0.000149897
80055: 0.000149895
80056: 0.000149893
80057: 0.000149891
80058: 0.000149889
80059: 0.000149888
80060: 0.000149886
80061: 0.000149884
80062: 0.000149882
80063: 0.00014988
80064: 0.000149878
80065: 0.000149876
80066: 0.000149874
80067: 0.000149873
80068: 0.000149871
80069: 0.000149869
80070: 0.000149867
80071: 0.000149865
80072: 0.000149863
80073: 0.000149861
80074: 0.00014986
80075: 0.000149858
80076: 0.000149856
80077: 0.000149854
80078: 0.000149852
80079: 0.00014985
80080: 0.000149848
80081: 0.000149846
80082: 0.000149845
80083: 0.000149843
80084: 0.000149841
80085: 0.000149839
80086: 0.000149837
80087: 0.000149835
80088: 0.000149833
80089: 0.000149831
80090: 0.00014983
80091: 0.000149828
80092: 0.000149826
80093: 0.000149824
80094: 0.000149822
80095: 0.00014982
80096: 0.000149818
80097: 0.000149816
80098: 0.000149815
80099: 0.000149813
80100: 0.000149811
80101: 0.000149809
80102: 0.000149807
80103: 0.000149805
80104: 0.000149803
80105: 0.000149802
80106: 0.0001498
80107: 0.000149798
80108: 0.000149796
80109: 0.000149794
80110: 0.000149792
80111: 0.00014979
80112: 0.000149788
80113: 0.000149787
80114: 0.000149785
80115: 0.000149783
80116: 0.000149781
80117: 0.000149779
80118: 0.000149777
80119: 0.000149775
80120: 0.000149773
80121: 0.000149772
80122: 0.00014977
80123: 0.000149768
80124: 0.000149766
80125: 0.000149764
80126: 0.000149762
80127: 0.00014976
80128: 0.000149759
80129: 0.000149757
80130: 0.000149755
80131: 0.000149753
80132: 0.000149751
80133: 0.000149749
80134: 0.000149747
80135: 0.000149745
80136: 0.000149744
80137: 0.000149742
80138: 0.00014974
80139: 0.000149738
80140: 0.000149736
80141: 0.000149734
80142: 0.000149732
80143: 0.00014973
80144: 0.000149729
80145: 0.000149727
80146: 0.000149725
80147: 0.000149723
80148: 0.000149721
80149: 0.000149719
80150: 0.000149717
80151: 0.000149716
80152: 0.000149714
80153: 0.000149712
80154: 0.00014971
80155: 0.000149708
80156: 0.000149706
80157: 0.000149704
80158: 0.000149702
80159: 0.000149701
80160: 0.000149699
80161: 0.000149697
80162: 0.000149695
80163: 0.000149693
80164: 0.000149691
80165: 0.000149689
80166: 0.000149688
80167: 0.000149686
80168: 0.000149684
80169: 0.000149682
80170: 0.00014968
80171: 0.000149678
80172: 0.000149676
80173: 0.000149674
80174: 0.000149673
80175: 0.000149671
80176: 0.000149669
80177: 0.000149667
80178: 0.000149665
80179: 0.000149663
80180: 0.000149661
80181: 0.00014966
80182: 0.000149658
80183: 0.000149656
80184: 0.000149654
80185: 0.000149652
80186: 0.00014965
80187: 0.000149648
80188: 0.000149646
80189: 0.000149645
80190: 0.000149643
80191: 0.000149641
80192: 0.000149639
80193: 0.000149637
80194: 0.000149635
80195: 0.000149633
80196: 0.000149632
80197: 0.00014963
80198: 0.000149628
80199: 0.000149626
80200: 0.000149624
80201: 0.000149622
80202: 0.00014962
80203: 0.000149618
80204: 0.000149617
80205: 0.000149615
80206: 0.000149613
80207: 0.000149611
80208: 0.000149609
80209: 0.000149607
80210: 0.000149605
80211: 0.000149604
80212: 0.000149602
80213: 0.0001496
80214: 0.000149598
80215: 0.000149596
80216: 0.000149594
80217: 0.000149592
80218: 0.00014959
80219: 0.000149589
80220: 0.000149587
80221: 0.000149585
80222: 0.000149583
80223: 0.000149581
80224: 0.000149579
80225: 0.000149577
80226: 0.000149576
80227: 0.000149574
80228: 0.000149572
80229: 0.00014957
80230: 0.000149568
80231: 0.000149566
80232: 0.000149564
80233: 0.000149563
80234: 0.000149561
80235: 0.000149559
80236: 0.000149557
80237: 0.000149555
80238: 0.000149553
80239: 0.000149551
80240: 0.000149549
80241: 0.000149548
80242: 0.000149546
80243: 0.000149544
80244: 0.000149542
80245: 0.00014954
80246: 0.000149538
80247: 0.000149536
80248: 0.000149535
80249: 0.000149533
80250: 0.000149531
80251: 0.000149529
80252: 0.000149527
80253: 0.000149525
80254: 0.000149523
80255: 0.000149522
80256: 0.00014952
80257: 0.000149518
80258: 0.000149516
80259: 0.000149514
80260: 0.000149512
80261: 0.00014951
80262: 0.000149508
80263: 0.000149507
80264: 0.000149505
80265: 0.000149503
80266: 0.000149501
80267: 0.000149499
80268: 0.000149497
80269: 0.000149495
80270: 0.000149494
80271: 0.000149492
80272: 0.00014949
80273: 0.000149488
80274: 0.000149486
80275: 0.000149484
80276: 0.000149482
80277: 0.000149481
80278: 0.000149479
80279: 0.000149477
80280: 0.000149475
80281: 0.000149473
80282: 0.000149471
80283: 0.000149469
80284: 0.000149468
80285: 0.000149466
80286: 0.000149464
80287: 0.000149462
80288: 0.00014946
80289: 0.000149458
80290: 0.000149456
80291: 0.000149454
80292: 0.000149453
80293: 0.000149451
80294: 0.000149449
80295: 0.000149447
80296: 0.000149445
80297: 0.000149443
80298: 0.000149441
80299: 0.00014944
80300: 0.000149438
80301: 0.000149436
80302: 0.000149434
80303: 0.000149432
80304: 0.00014943
80305: 0.000149428
80306: 0.000149427
80307: 0.000149425
80308: 0.000149423
80309: 0.000149421
80310: 0.000149419
80311: 0.000149417
80312: 0.000149415
80313: 0.000149414
80314: 0.000149412
80315: 0.00014941
80316: 0.000149408
80317: 0.000149406
80318: 0.000149404
80319: 0.000149402
80320: 0.000149401
80321: 0.000149399
80322: 0.000149397
80323: 0.000149395
80324: 0.000149393
80325: 0.000149391
80326: 0.000149389
80327: 0.000149388
80328: 0.000149386
80329: 0.000149384
80330: 0.000149382
80331: 0.00014938
80332: 0.000149378
80333: 0.000149376
80334: 0.000149374
80335: 0.000149373
80336: 0.000149371
80337: 0.000149369
80338: 0.000149367
80339: 0.000149365
80340: 0.000149363
80341: 0.000149361
80342: 0.00014936
80343: 0.000149358
80344: 0.000149356
80345: 0.000149354
80346: 0.000149352
80347: 0.00014935
80348: 0.000149348
80349: 0.000149347
80350: 0.000149345
80351: 0.000149343
80352: 0.000149341
80353: 0.000149339
80354: 0.000149337
80355: 0.000149335
80356: 0.000149334
80357: 0.000149332
80358: 0.00014933
80359: 0.000149328
80360: 0.000149326
80361: 0.000149324
80362: 0.000149322
80363: 0.000149321
80364: 0.000149319
80365: 0.000149317
80366: 0.000149315
80367: 0.000149313
80368: 0.000149311
80369: 0.000149309
80370: 0.000149308
80371: 0.000149306
80372: 0.000149304
80373: 0.000149302
80374: 0.0001493
80375: 0.000149298
80376: 0.000149296
80377: 0.000149295
80378: 0.000149293
80379: 0.000149291
80380: 0.000149289
80381: 0.000149287
80382: 0.000149285
80383: 0.000149283
80384: 0.000149282
80385: 0.00014928
80386: 0.000149278
80387: 0.000149276
80388: 0.000149274
80389: 0.000149272
80390: 0.00014927
80391: 0.000149269
80392: 0.000149267
80393: 0.000149265
80394: 0.000149263
80395: 0.000149261
80396: 0.000149259
80397: 0.000149257
80398: 0.000149256
80399: 0.000149254
80400: 0.000149252
80401: 0.00014925
80402: 0.000149248
80403: 0.000149246
80404: 0.000149244
80405: 0.000149243
80406: 0.000149241
80407: 0.000149239
80408: 0.000149237
80409: 0.000149235
80410: 0.000149233
80411: 0.000149231
80412: 0.00014923
80413: 0.000149228
80414: 0.000149226
80415: 0.000149224
80416: 0.000149222
80417: 0.00014922
80418: 0.000149218
80419: 0.000149217
80420: 0.000149215
80421: 0.000149213
80422: 0.000149211
80423: 0.000149209
80424: 0.000149207
80425: 0.000149205
80426: 0.000149204
80427: 0.000149202
80428: 0.0001492
80429: 0.000149198
80430: 0.000149196
80431: 0.000149194
80432: 0.000149192
80433: 0.000149191
80434: 0.000149189
80435: 0.000149187
80436: 0.000149185
80437: 0.000149183
80438: 0.000149181
80439: 0.00014918
80440: 0.000149178
80441: 0.000149176
80442: 0.000149174
80443: 0.000149172
80444: 0.00014917
80445: 0.000149168
80446: 0.000149167
80447: 0.000149165
80448: 0.000149163
80449: 0.000149161
80450: 0.000149159
80451: 0.000149157
80452: 0.000149155
80453: 0.000149154
80454: 0.000149152
80455: 0.00014915
80456: 0.000149148
80457: 0.000149146
80458: 0.000149144
80459: 0.000149142
80460: 0.000149141
80461: 0.000149139
80462: 0.000149137
80463: 0.000149135
80464: 0.000149133
80465: 0.000149131
80466: 0.000149129
80467: 0.000149128
80468: 0.000149126
80469: 0.000149124
80470: 0.000149122
80471: 0.00014912
80472: 0.000149118
80473: 0.000149116
80474: 0.000149115
80475: 0.000149113
80476: 0.000149111
80477: 0.000149109
80478: 0.000149107
80479: 0.000149105
80480: 0.000149104
80481: 0.000149102
80482: 0.0001491
80483: 0.000149098
80484: 0.000149096
80485: 0.000149094
80486: 0.000149092
80487: 0.000149091
80488: 0.000149089
80489: 0.000149087
80490: 0.000149085
80491: 0.000149083
80492: 0.000149081
80493: 0.000149079
80494: 0.000149078
80495: 0.000149076
80496: 0.000149074
80497: 0.000149072
80498: 0.00014907
80499: 0.000149068
80500: 0.000149066
80501: 0.000149065
80502: 0.000149063
80503: 0.000149061
80504: 0.000149059
80505: 0.000149057
80506: 0.000149055
80507: 0.000149054
80508: 0.000149052
80509: 0.00014905
80510: 0.000149048
80511: 0.000149046
80512: 0.000149044
80513: 0.000149042
80514: 0.000149041
80515: 0.000149039
80516: 0.000149037
80517: 0.000149035
80518: 0.000149033
80519: 0.000149031
80520: 0.000149029
80521: 0.000149028
80522: 0.000149026
80523: 0.000149024
80524: 0.000149022
80525: 0.00014902
80526: 0.000149018
80527: 0.000149016
80528: 0.000149015
80529: 0.000149013
80530: 0.000149011
80531: 0.000149009
80532: 0.000149007
80533: 0.000149005
80534: 0.000149004
80535: 0.000149002
80536: 0.000149
80537: 0.000148998
80538: 0.000148996
80539: 0.000148994
80540: 0.000148992
80541: 0.000148991
80542: 0.000148989
80543: 0.000148987
80544: 0.000148985
80545: 0.000148983
80546: 0.000148981
80547: 0.000148979
80548: 0.000148978
80549: 0.000148976
80550: 0.000148974
80551: 0.000148972
80552: 0.00014897
80553: 0.000148968
80554: 0.000148967
80555: 0.000148965
80556: 0.000148963
80557: 0.000148961
80558: 0.000148959
80559: 0.000148957
80560: 0.000148955
80561: 0.000148954
80562: 0.000148952
80563: 0.00014895
80564: 0.000148948
80565: 0.000148946
80566: 0.000148944
80567: 0.000148943
80568: 0.000148941
80569: 0.000148939
80570: 0.000148937
80571: 0.000148935
80572: 0.000148933
80573: 0.000148931
80574: 0.00014893
80575: 0.000148928
80576: 0.000148926
80577: 0.000148924
80578: 0.000148922
80579: 0.00014892
80580: 0.000148918
80581: 0.000148917
80582: 0.000148915
80583: 0.000148913
80584: 0.000148911
80585: 0.000148909
80586: 0.000148907
80587: 0.000148906
80588: 0.000148904
80589: 0.000148902
80590: 0.0001489
80591: 0.000148898
80592: 0.000148896
80593: 0.000148894
80594: 0.000148893
80595: 0.000148891
80596: 0.000148889
80597: 0.000148887
80598: 0.000148885
80599: 0.000148883
80600: 0.000148882
80601: 0.00014888
80602: 0.000148878
80603: 0.000148876
80604: 0.000148874
80605: 0.000148872
80606: 0.00014887
80607: 0.000148869
80608: 0.000148867
80609: 0.000148865
80610: 0.000148863
80611: 0.000148861
80612: 0.000148859
80613: 0.000148858
80614: 0.000148856
80615: 0.000148854
80616: 0.000148852
80617: 0.00014885
80618: 0.000148848
80619: 0.000148846
80620: 0.000148845
80621: 0.000148843
80622: 0.000148841
80623: 0.000148839
80624: 0.000148837
80625: 0.000148835
80626: 0.000148834
80627: 0.000148832
80628: 0.00014883
80629: 0.000148828
80630: 0.000148826
80631: 0.000148824
80632: 0.000148822
80633: 0.000148821
80634: 0.000148819
80635: 0.000148817
80636: 0.000148815
80637: 0.000148813
80638: 0.000148811
80639: 0.00014881
80640: 0.000148808
80641: 0.000148806
80642: 0.000148804
80643: 0.000148802
80644: 0.0001488
80645: 0.000148798
80646: 0.000148797
80647: 0.000148795
80648: 0.000148793
80649: 0.000148791
80650: 0.000148789
80651: 0.000148787
80652: 0.000148786
80653: 0.000148784
80654: 0.000148782
80655: 0.00014878
80656: 0.000148778
80657: 0.000148776
80658: 0.000148774
80659: 0.000148773
80660: 0.000148771
80661: 0.000148769
80662: 0.000148767
80663: 0.000148765
80664: 0.000148763
80665: 0.000148762
80666: 0.00014876
80667: 0.000148758
80668: 0.000148756
80669: 0.000148754
80670: 0.000148752
80671: 0.00014875
80672: 0.000148749
80673: 0.000148747
80674: 0.000148745
80675: 0.000148743
80676: 0.000148741
80677: 0.000148739
80678: 0.000148738
80679: 0.000148736
80680: 0.000148734
80681: 0.000148732
80682: 0.00014873
80683: 0.000148728
80684: 0.000148727
80685: 0.000148725
80686: 0.000148723
80687: 0.000148721
80688: 0.000148719
80689: 0.000148717
80690: 0.000148715
80691: 0.000148714
80692: 0.000148712
80693: 0.00014871
80694: 0.000148708
80695: 0.000148706
80696: 0.000148704
80697: 0.000148703
80698: 0.000148701
80699: 0.000148699
80700: 0.000148697
80701: 0.000148695
80702: 0.000148693
80703: 0.000148692
80704: 0.00014869
80705: 0.000148688
80706: 0.000148686
80707: 0.000148684
80708: 0.000148682
80709: 0.00014868
80710: 0.000148679
80711: 0.000148677
80712: 0.000148675
80713: 0.000148673
80714: 0.000148671
80715: 0.000148669
80716: 0.000148668
80717: 0.000148666
80718: 0.000148664
80719: 0.000148662
80720: 0.00014866
80721: 0.000148658
80722: 0.000148657
80723: 0.000148655
80724: 0.000148653
80725: 0.000148651
80726: 0.000148649
80727: 0.000148647
80728: 0.000148645
80729: 0.000148644
80730: 0.000148642
80731: 0.00014864
80732: 0.000148638
80733: 0.000148636
80734: 0.000148634
80735: 0.000148633
80736: 0.000148631
80737: 0.000148629
80738: 0.000148627
80739: 0.000148625
80740: 0.000148623
80741: 0.000148622
80742: 0.00014862
80743: 0.000148618
80744: 0.000148616
80745: 0.000148614
80746: 0.000148612
80747: 0.00014861
80748: 0.000148609
80749: 0.000148607
80750: 0.000148605
80751: 0.000148603
80752: 0.000148601
80753: 0.000148599
80754: 0.000148598
80755: 0.000148596
80756: 0.000148594
80757: 0.000148592
80758: 0.00014859
80759: 0.000148588
80760: 0.000148587
80761: 0.000148585
80762: 0.000148583
80763: 0.000148581
80764: 0.000148579
80765: 0.000148577
80766: 0.000148576
80767: 0.000148574
80768: 0.000148572
80769: 0.00014857
80770: 0.000148568
80771: 0.000148566
80772: 0.000148564
80773: 0.000148563
80774: 0.000148561
80775: 0.000148559
80776: 0.000148557
80777: 0.000148555
80778: 0.000148553
80779: 0.000148552
80780: 0.00014855
80781: 0.000148548
80782: 0.000148546
80783: 0.000148544
80784: 0.000148542
80785: 0.000148541
80786: 0.000148539
80787: 0.000148537
80788: 0.000148535
80789: 0.000148533
80790: 0.000148531
80791: 0.00014853
80792: 0.000148528
80793: 0.000148526
80794: 0.000148524
80795: 0.000148522
80796: 0.00014852
80797: 0.000148519
80798: 0.000148517
80799: 0.000148515
80800: 0.000148513
80801: 0.000148511
80802: 0.000148509
80803: 0.000148507
80804: 0.000148506
80805: 0.000148504
80806: 0.000148502
80807: 0.0001485
80808: 0.000148498
80809: 0.000148496
80810: 0.000148495
80811: 0.000148493
80812: 0.000148491
80813: 0.000148489
80814: 0.000148487
80815: 0.000148485
80816: 0.000148484
80817: 0.000148482
80818: 0.00014848
80819: 0.000148478
80820: 0.000148476
80821: 0.000148474
80822: 0.000148473
80823: 0.000148471
80824: 0.000148469
80825: 0.000148467
80826: 0.000148465
80827: 0.000148463
80828: 0.000148462
80829: 0.00014846
80830: 0.000148458
80831: 0.000148456
80832: 0.000148454
80833: 0.000148452
80834: 0.000148451
80835: 0.000148449
80836: 0.000148447
80837: 0.000148445
80838: 0.000148443
80839: 0.000148441
80840: 0.00014844
80841: 0.000148438
80842: 0.000148436
80843: 0.000148434
80844: 0.000148432
80845: 0.00014843
80846: 0.000148429
80847: 0.000148427
80848: 0.000148425
80849: 0.000148423
80850: 0.000148421
80851: 0.000148419
80852: 0.000148417
80853: 0.000148416
80854: 0.000148414
80855: 0.000148412
80856: 0.00014841
80857: 0.000148408
80858: 0.000148406
80859: 0.000148405
80860: 0.000148403
80861: 0.000148401
80862: 0.000148399
80863: 0.000148397
80864: 0.000148395
80865: 0.000148394
80866: 0.000148392
80867: 0.00014839
80868: 0.000148388
80869: 0.000148386
80870: 0.000148384
80871: 0.000148383
80872: 0.000148381
80873: 0.000148379
80874: 0.000148377
80875: 0.000148375
80876: 0.000148373
80877: 0.000148372
80878: 0.00014837
80879: 0.000148368
80880: 0.000148366
80881: 0.000148364
80882: 0.000148362
80883: 0.000148361
80884: 0.000148359
80885: 0.000148357
80886: 0.000148355
80887: 0.000148353
80888: 0.000148351
80889: 0.00014835
80890: 0.000148348
80891: 0.000148346
80892: 0.000148344
80893: 0.000148342
80894: 0.00014834
80895: 0.000148339
80896: 0.000148337
80897: 0.000148335
80898: 0.000148333
80899: 0.000148331
80900: 0.000148329
80901: 0.000148328
80902: 0.000148326
80903: 0.000148324
80904: 0.000148322
80905: 0.00014832
80906: 0.000148318
80907: 0.000148317
80908: 0.000148315
80909: 0.000148313
80910: 0.000148311
80911: 0.000148309
80912: 0.000148307
80913: 0.000148306
80914: 0.000148304
80915: 0.000148302
80916: 0.0001483
80917: 0.000148298
80918: 0.000148296
80919: 0.000148295
80920: 0.000148293
80921: 0.000148291
80922: 0.000148289
80923: 0.000148287
80924: 0.000148285
80925: 0.000148284
80926: 0.000148282
80927: 0.00014828
80928: 0.000148278
80929: 0.000148276
80930: 0.000148274
80931: 0.000148273
80932: 0.000148271
80933: 0.000148269
80934: 0.000148267
80935: 0.000148265
80936: 0.000148263
80937: 0.000148262
80938: 0.00014826
80939: 0.000148258
80940: 0.000148256
80941: 0.000148254
80942: 0.000148252
80943: 0.000148251
80944: 0.000148249
80945: 0.000148247
80946: 0.000148245
80947: 0.000148243
80948: 0.000148241
80949: 0.00014824
80950: 0.000148238
80951: 0.000148236
80952: 0.000148234
80953: 0.000148232
80954: 0.00014823
80955: 0.000148229
80956: 0.000148227
80957: 0.000148225
80958: 0.000148223
80959: 0.000148221
80960: 0.00014822
80961: 0.000148218
80962: 0.000148216
80963: 0.000148214
80964: 0.000148212
80965: 0.00014821
80966: 0.000148209
80967: 0.000148207
80968: 0.000148205
80969: 0.000148203
80970: 0.000148201
80971: 0.000148199
80972: 0.000148198
80973: 0.000148196
80974: 0.000148194
80975: 0.000148192
80976: 0.00014819
80977: 0.000148188
80978: 0.000148187
80979: 0.000148185
80980: 0.000148183
80981: 0.000148181
80982: 0.000148179
80983: 0.000148177
80984: 0.000148176
80985: 0.000148174
80986: 0.000148172
80987: 0.00014817
80988: 0.000148168
80989: 0.000148166
80990: 0.000148165
80991: 0.000148163
80992: 0.000148161
80993: 0.000148159
80994: 0.000148157
80995: 0.000148155
80996: 0.000148154
80997: 0.000148152
80998: 0.00014815
80999: 0.000148148
81000: 0.000148146
81001: 0.000148144
81002: 0.000148143
81003: 0.000148141
81004: 0.000148139
81005: 0.000148137
81006: 0.000148135
81007: 0.000148134
81008: 0.000148132
81009: 0.00014813
81010: 0.000148128
81011: 0.000148126
81012: 0.000148124
81013: 0.000148123
81014: 0.000148121
81015: 0.000148119
81016: 0.000148117
81017: 0.000148115
81018: 0.000148113
81019: 0.000148112
81020: 0.00014811
81021: 0.000148108
81022: 0.000148106
81023: 0.000148104
81024: 0.000148102
81025: 0.000148101
81026: 0.000148099
81027: 0.000148097
81028: 0.000148095
81029: 0.000148093
81030: 0.000148091
81031: 0.00014809
81032: 0.000148088
81033: 0.000148086
81034: 0.000148084
81035: 0.000148082
81036: 0.000148081
81037: 0.000148079
81038: 0.000148077
81039: 0.000148075
81040: 0.000148073
81041: 0.000148071
81042: 0.00014807
81043: 0.000148068
81044: 0.000148066
81045: 0.000148064
81046: 0.000148062
81047: 0.00014806
81048: 0.000148059
81049: 0.000148057
81050: 0.000148055
81051: 0.000148053
81052: 0.000148051
81053: 0.000148049
81054: 0.000148048
81055: 0.000148046
81056: 0.000148044
81057: 0.000148042
81058: 0.00014804
81059: 0.000148038
81060: 0.000148037
81061: 0.000148035
81062: 0.000148033
81063: 0.000148031
81064: 0.000148029
81065: 0.000148028
81066: 0.000148026
81067: 0.000148024
81068: 0.000148022
81069: 0.00014802
81070: 0.000148018
81071: 0.000148017
81072: 0.000148015
81073: 0.000148013
81074: 0.000148011
81075: 0.000148009
81076: 0.000148007
81077: 0.000148006
81078: 0.000148004
81079: 0.000148002
81080: 0.000148
81081: 0.000147998
81082: 0.000147996
81083: 0.000147995
81084: 0.000147993
81085: 0.000147991
81086: 0.000147989
81087: 0.000147987
81088: 0.000147986
81089: 0.000147984
81090: 0.000147982
81091: 0.00014798
81092: 0.000147978
81093: 0.000147976
81094: 0.000147975
81095: 0.000147973
81096: 0.000147971
81097: 0.000147969
81098: 0.000147967
81099: 0.000147965
81100: 0.000147964
81101: 0.000147962
81102: 0.00014796
81103: 0.000147958
81104: 0.000147956
81105: 0.000147955
81106: 0.000147953
81107: 0.000147951
81108: 0.000147949
81109: 0.000147947
81110: 0.000147945
81111: 0.000147944
81112: 0.000147942
81113: 0.00014794
81114: 0.000147938
81115: 0.000147936
81116: 0.000147934
81117: 0.000147933
81118: 0.000147931
81119: 0.000147929
81120: 0.000147927
81121: 0.000147925
81122: 0.000147924
81123: 0.000147922
81124: 0.00014792
81125: 0.000147918
81126: 0.000147916
81127: 0.000147914
81128: 0.000147913
81129: 0.000147911
81130: 0.000147909
81131: 0.000147907
81132: 0.000147905
81133: 0.000147903
81134: 0.000147902
81135: 0.0001479
81136: 0.000147898
81137: 0.000147896
81138: 0.000147894
81139: 0.000147893
81140: 0.000147891
81141: 0.000147889
81142: 0.000147887
81143: 0.000147885
81144: 0.000147883
81145: 0.000147882
81146: 0.00014788
81147: 0.000147878
81148: 0.000147876
81149: 0.000147874
81150: 0.000147872
81151: 0.000147871
81152: 0.000147869
81153: 0.000147867
81154: 0.000147865
81155: 0.000147863
81156: 0.000147862
81157: 0.00014786
81158: 0.000147858
81159: 0.000147856
81160: 0.000147854
81161: 0.000147852
81162: 0.000147851
81163: 0.000147849
81164: 0.000147847
81165: 0.000147845
81166: 0.000147843
81167: 0.000147842
81168: 0.00014784
81169: 0.000147838
81170: 0.000147836
81171: 0.000147834
81172: 0.000147832
81173: 0.000147831
81174: 0.000147829
81175: 0.000147827
81176: 0.000147825
81177: 0.000147823
81178: 0.000147821
81179: 0.00014782
81180: 0.000147818
81181: 0.000147816
81182: 0.000147814
81183: 0.000147812
81184: 0.000147811
81185: 0.000147809
81186: 0.000147807
81187: 0.000147805
81188: 0.000147803
81189: 0.000147801
81190: 0.0001478
81191: 0.000147798
81192: 0.000147796
81193: 0.000147794
81194: 0.000147792
81195: 0.000147791
81196: 0.000147789
81197: 0.000147787
81198: 0.000147785
81199: 0.000147783
81200: 0.000147781
81201: 0.00014778
81202: 0.000147778
81203: 0.000147776
81204: 0.000147774
81205: 0.000147772
81206: 0.000147771
81207: 0.000147769
81208: 0.000147767
81209: 0.000147765
81210: 0.000147763
81211: 0.000147761
81212: 0.00014776
81213: 0.000147758
81214: 0.000147756
81215: 0.000147754
81216: 0.000147752
81217: 0.00014775
81218: 0.000147749
81219: 0.000147747
81220: 0.000147745
81221: 0.000147743
81222: 0.000147741
81223: 0.00014774
81224: 0.000147738
81225: 0.000147736
81226: 0.000147734
81227: 0.000147732
81228: 0.00014773
81229: 0.000147729
81230: 0.000147727
81231: 0.000147725
81232: 0.000147723
81233: 0.000147721
81234: 0.00014772
81235: 0.000147718
81236: 0.000147716
81237: 0.000147714
81238: 0.000147712
81239: 0.00014771
81240: 0.000147709
81241: 0.000147707
81242: 0.000147705
81243: 0.000147703
81244: 0.000147701
81245: 0.0001477
81246: 0.000147698
81247: 0.000147696
81248: 0.000147694
81249: 0.000147692
81250: 0.00014769
81251: 0.000147689
81252: 0.000147687
81253: 0.000147685
81254: 0.000147683
81255: 0.000147681
81256: 0.00014768
81257: 0.000147678
81258: 0.000147676
81259: 0.000147674
81260: 0.000147672
81261: 0.00014767
81262: 0.000147669
81263: 0.000147667
81264: 0.000147665
81265: 0.000147663
81266: 0.000147661
81267: 0.00014766
81268: 0.000147658
81269: 0.000147656
81270: 0.000147654
81271: 0.000147652
81272: 0.000147651
81273: 0.000147649
81274: 0.000147647
81275: 0.000147645
81276: 0.000147643
81277: 0.000147641
81278: 0.00014764
81279: 0.000147638
81280: 0.000147636
81281: 0.000147634
81282: 0.000147632
81283: 0.000147631
81284: 0.000147629
81285: 0.000147627
81286: 0.000147625
81287: 0.000147623
81288: 0.000147621
81289: 0.00014762
81290: 0.000147618
81291: 0.000147616
81292: 0.000147614
81293: 0.000147612
81294: 0.000147611
81295: 0.000147609
81296: 0.000147607
81297: 0.000147605
81298: 0.000147603
81299: 0.000147601
81300: 0.0001476
81301: 0.000147598
81302: 0.000147596
81303: 0.000147594
81304: 0.000147592
81305: 0.000147591
81306: 0.000147589
81307: 0.000147587
81308: 0.000147585
81309: 0.000147583
81310: 0.000147582
81311: 0.00014758
81312: 0.000147578
81313: 0.000147576
81314: 0.000147574
81315: 0.000147572
81316: 0.000147571
81317: 0.000147569
81318: 0.000147567
81319: 0.000147565
81320: 0.000147563
81321: 0.000147562
81322: 0.00014756
81323: 0.000147558
81324: 0.000147556
81325: 0.000147554
81326: 0.000147552
81327: 0.000147551
81328: 0.000147549
81329: 0.000147547
81330: 0.000147545
81331: 0.000147543
81332: 0.000147542
81333: 0.00014754
81334: 0.000147538
81335: 0.000147536
81336: 0.000147534
81337: 0.000147533
81338: 0.000147531
81339: 0.000147529
81340: 0.000147527
81341: 0.000147525
81342: 0.000147523
81343: 0.000147522
81344: 0.00014752
81345: 0.000147518
81346: 0.000147516
81347: 0.000147514
81348: 0.000147513
81349: 0.000147511
81350: 0.000147509
81351: 0.000147507
81352: 0.000147505
81353: 0.000147504
81354: 0.000147502
81355: 0.0001475
81356: 0.000147498
81357: 0.000147496
81358: 0.000147494
81359: 0.000147493
81360: 0.000147491
81361: 0.000147489
81362: 0.000147487
81363: 0.000147485
81364: 0.000147484
81365: 0.000147482
81366: 0.00014748
81367: 0.000147478
81368: 0.000147476
81369: 0.000147474
81370: 0.000147473
81371: 0.000147471
81372: 0.000147469
81373: 0.000147467
81374: 0.000147465
81375: 0.000147464
81376: 0.000147462
81377: 0.00014746
81378: 0.000147458
81379: 0.000147456
81380: 0.000147455
81381: 0.000147453
81382: 0.000147451
81383: 0.000147449
81384: 0.000147447
81385: 0.000147446
81386: 0.000147444
81387: 0.000147442
81388: 0.00014744
81389: 0.000147438
81390: 0.000147436
81391: 0.000147435
81392: 0.000147433
81393: 0.000147431
81394: 0.000147429
81395: 0.000147427
81396: 0.000147426
81397: 0.000147424
81398: 0.000147422
81399: 0.00014742
81400: 0.000147418
81401: 0.000147417
81402: 0.000147415
81403: 0.000147413
81404: 0.000147411
81405: 0.000147409
81406: 0.000147407
81407: 0.000147406
81408: 0.000147404
81409: 0.000147402
81410: 0.0001474
81411: 0.000147398
81412: 0.000147397
81413: 0.000147395
81414: 0.000147393
81415: 0.000147391
81416: 0.000147389
81417: 0.000147388
81418: 0.000147386
81419: 0.000147384
81420: 0.000147382
81421: 0.00014738
81422: 0.000147379
81423: 0.000147377
81424: 0.000147375
81425: 0.000147373
81426: 0.000147371
81427: 0.000147369
81428: 0.000147368
81429: 0.000147366
81430: 0.000147364
81431: 0.000147362
81432: 0.00014736
81433: 0.000147359
81434: 0.000147357
81435: 0.000147355
81436: 0.000147353
81437: 0.000147351
81438: 0.00014735
81439: 0.000147348
81440: 0.000147346
81441: 0.000147344
81442: 0.000147342
81443: 0.000147341
81444: 0.000147339
81445: 0.000147337
81446: 0.000147335
81447: 0.000147333
81448: 0.000147331
81449: 0.00014733
81450: 0.000147328
81451: 0.000147326
81452: 0.000147324
81453: 0.000147322
81454: 0.000147321
81455: 0.000147319
81456: 0.000147317
81457: 0.000147315
81458: 0.000147313
81459: 0.000147312
81460: 0.00014731
81461: 0.000147308
81462: 0.000147306
81463: 0.000147304
81464: 0.000147303
81465: 0.000147301
81466: 0.000147299
81467: 0.000147297
81468: 0.000147295
81469: 0.000147293
81470: 0.000147292
81471: 0.00014729
81472: 0.000147288
81473: 0.000147286
81474: 0.000147284
81475: 0.000147283
81476: 0.000147281
81477: 0.000147279
81478: 0.000147277
81479: 0.000147275
81480: 0.000147274
81481: 0.000147272
81482: 0.00014727
81483: 0.000147268
81484: 0.000147266
81485: 0.000147265
81486: 0.000147263
81487: 0.000147261
81488: 0.000147259
81489: 0.000147257
81490: 0.000147256
81491: 0.000147254
81492: 0.000147252
81493: 0.00014725
81494: 0.000147248
81495: 0.000147246
81496: 0.000147245
81497: 0.000147243
81498: 0.000147241
81499: 0.000147239
81500: 0.000147237
81501: 0.000147236
81502: 0.000147234
81503: 0.000147232
81504: 0.00014723
81505: 0.000147228
81506: 0.000147227
81507: 0.000147225
81508: 0.000147223
81509: 0.000147221
81510: 0.000147219
81511: 0.000147218
81512: 0.000147216
81513: 0.000147214
81514: 0.000147212
81515: 0.00014721
81516: 0.000147209
81517: 0.000147207
81518: 0.000147205
81519: 0.000147203
81520: 0.000147201
81521: 0.0001472
81522: 0.000147198
81523: 0.000147196
81524: 0.000147194
81525: 0.000147192
81526: 0.000147191
81527: 0.000147189
81528: 0.000147187
81529: 0.000147185
81530: 0.000147183
81531: 0.000147181
81532: 0.00014718
81533: 0.000147178
81534: 0.000147176
81535: 0.000147174
81536: 0.000147172
81537: 0.000147171
81538: 0.000147169
81539: 0.000147167
81540: 0.000147165
81541: 0.000147163
81542: 0.000147162
81543: 0.00014716
81544: 0.000147158
81545: 0.000147156
81546: 0.000147154
81547: 0.000147153
81548: 0.000147151
81549: 0.000147149
81550: 0.000147147
81551: 0.000147145
81552: 0.000147144
81553: 0.000147142
81554: 0.00014714
81555: 0.000147138
81556: 0.000147136
81557: 0.000147135
81558: 0.000147133
81559: 0.000147131
81560: 0.000147129
81561: 0.000147127
81562: 0.000147126
81563: 0.000147124
81564: 0.000147122
81565: 0.00014712
81566: 0.000147118
81567: 0.000147117
81568: 0.000147115
81569: 0.000147113
81570: 0.000147111
81571: 0.000147109
81572: 0.000147107
81573: 0.000147106
81574: 0.000147104
81575: 0.000147102
81576: 0.0001471
81577: 0.000147098
81578: 0.000147097
81579: 0.000147095
81580: 0.000147093
81581: 0.000147091
81582: 0.000147089
81583: 0.000147088
81584: 0.000147086
81585: 0.000147084
81586: 0.000147082
81587: 0.00014708
81588: 0.000147079
81589: 0.000147077
81590: 0.000147075
81591: 0.000147073
81592: 0.000147071
81593: 0.00014707
81594: 0.000147068
81595: 0.000147066
81596: 0.000147064
81597: 0.000147062
81598: 0.000147061
81599: 0.000147059
81600: 0.000147057
81601: 0.000147055
81602: 0.000147053
81603: 0.000147052
81604: 0.00014705
81605: 0.000147048
81606: 0.000147046
81607: 0.000147044
81608: 0.000147043
81609: 0.000147041
81610: 0.000147039
81611: 0.000147037
81612: 0.000147035
81613: 0.000147034
81614: 0.000147032
81615: 0.00014703
81616: 0.000147028
81617: 0.000147026
81618: 0.000147025
81619: 0.000147023
81620: 0.000147021
81621: 0.000147019
81622: 0.000147017
81623: 0.000147016
81624: 0.000147014
81625: 0.000147012
81626: 0.00014701
81627: 0.000147008
81628: 0.000147007
81629: 0.000147005
81630: 0.000147003
81631: 0.000147001
81632: 0.000146999
81633: 0.000146998
81634: 0.000146996
81635: 0.000146994
81636: 0.000146992
81637: 0.00014699
81638: 0.000146989
81639: 0.000146987
81640: 0.000146985
81641: 0.000146983
81642: 0.000146981
81643: 0.00014698
81644: 0.000146978
81645: 0.000146976
81646: 0.000146974
81647: 0.000146972
81648: 0.000146971
81649: 0.000146969
81650: 0.000146967
81651: 0.000146965
81652: 0.000146963
81653: 0.000146962
81654: 0.00014696
81655: 0.000146958
81656: 0.000146956
81657: 0.000146954
81658: 0.000146953
81659: 0.000146951
81660: 0.000146949
81661: 0.000146947
81662: 0.000146945
81663: 0.000146944
81664: 0.000146942
81665: 0.00014694
81666: 0.000146938
81667: 0.000146936
81668: 0.000146935
81669: 0.000146933
81670: 0.000146931
81671: 0.000146929
81672: 0.000146927
81673: 0.000146926
81674: 0.000146924
81675: 0.000146922
81676: 0.00014692
81677: 0.000146918
81678: 0.000146917
81679: 0.000146915
81680: 0.000146913
81681: 0.000146911
81682: 0.000146909
81683: 0.000146908
81684: 0.000146906
81685: 0.000146904
81686: 0.000146902
81687: 0.0001469
81688: 0.000146899
81689: 0.000146897
81690: 0.000146895
81691: 0.000146893
81692: 0.000146891
81693: 0.00014689
81694: 0.000146888
81695: 0.000146886
81696: 0.000146884
81697: 0.000146882
81698: 0.000146881
81699: 0.000146879
81700: 0.000146877
81701: 0.000146875
81702: 0.000146873
81703: 0.000146872
81704: 0.00014687
81705: 0.000146868
81706: 0.000146866
81707: 0.000146864
81708: 0.000146863
81709: 0.000146861
81710: 0.000146859
81711: 0.000146857
81712: 0.000146855
81713: 0.000146854
81714: 0.000146852
81715: 0.00014685
81716: 0.000146848
81717: 0.000146846
81718: 0.000146845
81719: 0.000146843
81720: 0.000146841
81721: 0.000146839
81722: 0.000146837
81723: 0.000146836
81724: 0.000146834
81725: 0.000146832
81726: 0.00014683
81727: 0.000146829
81728: 0.000146827
81729: 0.000146825
81730: 0.000146823
81731: 0.000146821
81732: 0.00014682
81733: 0.000146818
81734: 0.000146816
81735: 0.000146814
81736: 0.000146812
81737: 0.000146811
81738: 0.000146809
81739: 0.000146807
81740: 0.000146805
81741: 0.000146803
81742: 0.000146802
81743: 0.0001468
81744: 0.000146798
81745: 0.000146796
81746: 0.000146794
81747: 0.000146793
81748: 0.000146791
81749: 0.000146789
81750: 0.000146787
81751: 0.000146785
81752: 0.000146784
81753: 0.000146782
81754: 0.00014678
81755: 0.000146778
81756: 0.000146776
81757: 0.000146775
81758: 0.000146773
81759: 0.000146771
81760: 0.000146769
81761: 0.000146767
81762: 0.000146766
81763: 0.000146764
81764: 0.000146762
81765: 0.00014676
81766: 0.000146758
81767: 0.000146757
81768: 0.000146755
81769: 0.000146753
81770: 0.000146751
81771: 0.000146749
81772: 0.000146748
81773: 0.000146746
81774: 0.000146744
81775: 0.000146742
81776: 0.000146741
81777: 0.000146739
81778: 0.000146737
81779: 0.000146735
81780: 0.000146733
81781: 0.000146732
81782: 0.00014673
81783: 0.000146728
81784: 0.000146726
81785: 0.000146724
81786: 0.000146723
81787: 0.000146721
81788: 0.000158946
81789: 0.000158944
81790: 0.000158942
81791: 0.00015894
81792: 0.000158938
81793: 0.000158936
81794: 0.000158934
81795: 0.000158932
81796: 0.00015893
81797: 0.000158928
81798: 0.000158926
81799: 0.000158924
81800: 0.000158922
81801: 0.00015892
81802: 0.000158918
81803: 0.000158916
81804: 0.000158914
81805: 0.000158913
81806: 0.000158911
81807: 0.000158909
81808: 0.000158907
81809: 0.000158905
81810: 0.000158903
81811: 0.000158901
81812: 0.000158899
81813: 0.000158897
81814: 0.000158895
81815: 0.000158893
81816: 0.000158891
81817: 0.000158889
81818: 0.000158887
81819: 0.000158885
81820: 0.000158883
81821: 0.000158881
81822: 0.00015888
81823: 0.000158878
81824: 0.000158876
81825: 0.000158874
81826: 0.000158872
81827: 0.00015887
81828: 0.000158868
81829: 0.000158866
81830: 0.000158864
81831: 0.000158862
81832: 0.00015886
81833: 0.000158858
81834: 0.000158856
81835: 0.000158854
81836: 0.000158852
81837: 0.00015885
81838: 0.000158848
81839: 0.000158847
81840: 0.000158845
81841: 0.000158843
81842: 0.000158841
81843: 0.000158839
81844: 0.000158837
81845: 0.000158835
81846: 0.000158833
81847: 0.000158831
81848: 0.000158829
81849: 0.000158827
81850: 0.000158825
81851: 0.000158823
81852: 0.000158821
81853: 0.000158819
81854: 0.000158817
81855: 0.000158815
81856: 0.000158814
81857: 0.000158812
81858: 0.00015881
81859: 0.000158808
81860: 0.000158806
81861: 0.000158804
81862: 0.000158802
81863: 0.0001588
81864: 0.000158798
81865: 0.000158796
81866: 0.000158794
81867: 0.000158792
81868: 0.00015879
81869: 0.000158788
81870: 0.000158786
81871: 0.000158784
81872: 0.000158783
81873: 0.000158781
81874: 0.000158779
81875: 0.000158777
81876: 0.000158775
81877: 0.000158773
81878: 0.000158771
81879: 0.000158769
81880: 0.000158767
81881: 0.000158765
81882: 0.000158763
81883: 0.000158761
81884: 0.000158759
81885: 0.000158757
81886: 0.000158755
81887: 0.000158753
81888: 0.000158751
81889: 0.00015875
81890: 0.000158748
81891: 0.000158746
81892: 0.000158744
81893: 0.000158742
81894: 0.00015874
81895: 0.000158738
81896: 0.000158736
81897: 0.000158734
81898: 0.000158732
81899: 0.00015873
81900: 0.000158728
81901: 0.000158726
81902: 0.000158724
81903: 0.000158722
81904: 0.00015872
81905: 0.000158719
81906: 0.000158717
81907: 0.000158715
81908: 0.000158713
81909: 0.000158711
81910: 0.000158709
81911: 0.000158707
81912: 0.000158705
81913: 0.000158703
81914: 0.000158701
81915: 0.000158699
81916: 0.000158697
81917: 0.000158695
81918: 0.000158693
81919: 0.000158691
81920: 0.000158689
81921: 0.000158688
81922: 0.000158686
81923: 0.000158684
81924: 0.000158682
81925: 0.00015868
81926: 0.000158678
81927: 0.000158676
81928: 0.000158674
81929: 0.000158672
81930: 0.00015867
81931: 0.000158668
81932: 0.000158666
81933: 0.000158664
81934: 0.000158662
81935: 0.00015866
81936: 0.000158658
81937: 0.000158657
81938: 0.000158655
81939: 0.000158653
81940: 0.000158651
81941: 0.000158649
81942: 0.000158647
81943: 0.000158645
81944: 0.000158643
81945: 0.000158641
81946: 0.000158639
81947: 0.000158637
81948: 0.000158635
81949: 0.000158633
81950: 0.000158631
81951: 0.000158629
81952: 0.000158628
81953: 0.000158626
81954: 0.000158624
81955: 0.000158622
81956: 0.00015862
81957: 0.000158618
81958: 0.000158616
81959: 0.000158614
81960: 0.000158612
81961: 0.00015861
81962: 0.000158608
81963: 0.000158606
81964: 0.000158604
81965: 0.000158602
81966: 0.0001586
81967: 0.000158598
81968: 0.000158597
81969: 0.000158595
81970: 0.000158593
81971: 0.000158591
81972: 0.000158589
81973: 0.000158587
81974: 0.000158585
81975: 0.000158583
81976: 0.000158581
81977: 0.000158579
81978: 0.000158577
81979: 0.000158575
81980: 0.000158573
81981: 0.000158571
81982: 0.000158569
81983: 0.000158568
81984: 0.000158566
81985: 0.000158564
81986: 0.000158562
81987: 0.00015856
81988: 0.000158558
81989: 0.000158556
81990: 0.000158554
81991: 0.000158552
81992: 0.00015855
81993: 0.000158548
81994: 0.000158546
81995: 0.000158544
81996: 0.000158542
81997: 0.00015854
81998: 0.000158539
81999: 0.000158537
82000: 0.000158535
82001: 0.000158533
82002: 0.000158531
82003: 0.000158529
82004: 0.000158527
82005: 0.000158525
82006: 0.000158523
82007: 0.000158521
82008: 0.000158519
82009: 0.000158517
82010: 0.000158515
82011: 0.000158513
82012: 0.000158511
82013: 0.00015851
82014: 0.000158508
82015: 0.000158506
82016: 0.000158504
82017: 0.000158502
82018: 0.0001585
82019: 0.000158498
82020: 0.000158496
82021: 0.000158494
82022: 0.000158492
82023: 0.00015849
82024: 0.000158488
82025: 0.000158486
82026: 0.000158484
82027: 0.000158482
82028: 0.000158481
82029: 0.000158479
82030: 0.000158477
82031: 0.000158475
82032: 0.000158473
82033: 0.000158471
82034: 0.000158469
82035: 0.000158467
82036: 0.000158465
82037: 0.000158463
82038: 0.000158461
82039: 0.000158459
82040: 0.000158457
82041: 0.000158455
82042: 0.000158453
82043: 0.000158452
82044: 0.00015845
82045: 0.000158448
82046: 0.000158446
82047: 0.000158444
82048: 0.000158442
82049: 0.00015844
82050: 0.000158438
82051: 0.000158436
82052: 0.000158434
82053: 0.000158432
82054: 0.00015843
82055: 0.000158428
82056: 0.000158426
82057: 0.000158425
82058: 0.000158423
82059: 0.000158421
82060: 0.000158419
82061: 0.000158417
82062: 0.000158415
82063: 0.000158413
82064: 0.000158411
82065: 0.000158409
82066: 0.000158407
82067: 0.000158405
82068: 0.000158403
82069: 0.000158401
82070: 0.000158399
82071: 0.000158398
82072: 0.000158396
82073: 0.000158394
82074: 0.000158392
82075: 0.00015839
82076: 0.000158388
82077: 0.000158386
82078: 0.000158384
82079: 0.000158382
82080: 0.00015838
82081: 0.000158378
82082: 0.000158376
82083: 0.000158374
82084: 0.000158372
82085: 0.00015837
82086: 0.000158369
82087: 0.000158367
82088: 0.000158365
82089: 0.000158363
82090: 0.000158361
82091: 0.000158359
82092: 0.000158357
82093: 0.000158355
82094: 0.000158353
82095: 0.000158351
82096: 0.000158349
82097: 0.000158347
82098: 0.000158345
82099: 0.000158343
82100: 0.000158342
82101: 0.00015834
82102: 0.000158338
82103: 0.000158336
82104: 0.000158334
82105: 0.000158332
82106: 0.00015833
82107: 0.000158328
82108: 0.000158326
82109: 0.000158324
82110: 0.000158322
82111: 0.00015832
82112: 0.000158318
82113: 0.000158316
82114: 0.000158315
82115: 0.000158313
82116: 0.000158311
82117: 0.000158309
82118: 0.000158307
82119: 0.000158305
82120: 0.000158303
82121: 0.000158301
82122: 0.000158299
82123: 0.000158297
82124: 0.000158295
82125: 0.000158293
82126: 0.000158291
82127: 0.000158289
82128: 0.000158288
82129: 0.000158286
82130: 0.000158284
82131: 0.000158282
82132: 0.00015828
82133: 0.000158278
82134: 0.000158276
82135: 0.000158274
82136: 0.000158272
82137: 0.00015827
82138: 0.000158268
82139: 0.000158266
82140: 0.000158264
82141: 0.000158263
82142: 0.000158261
82143: 0.000158259
82144: 0.000158257
82145: 0.000158255
82146: 0.000158253
82147: 0.000158251
82148: 0.000158249
82149: 0.000158247
82150: 0.000158245
82151: 0.000158243
82152: 0.000158241
82153: 0.000158239
82154: 0.000158237
82155: 0.000158236
82156: 0.000158234
82157: 0.000158232
82158: 0.00015823
82159: 0.000158228
82160: 0.000158226
82161: 0.000158224
82162: 0.000158222
82163: 0.00015822
82164: 0.000158218
82165: 0.000158216
82166: 0.000158214
82167: 0.000158212
82168: 0.000158211
82169: 0.000158209
82170: 0.000158207
82171: 0.000158205
82172: 0.000158203
82173: 0.000158201
82174: 0.000158199
82175: 0.000158197
82176: 0.000158195
82177: 0.000158193
82178: 0.000158191
82179: 0.000158189
82180: 0.000158187
82181: 0.000158185
82182: 0.000158184
82183: 0.000158182
82184: 0.00015818
82185: 0.000158178
82186: 0.000158176
82187: 0.000158174
82188: 0.000158172
82189: 0.00015817
82190: 0.000158168
82191: 0.000158166
82192: 0.000158164
82193: 0.000158162
82194: 0.00015816
82195: 0.000158159
82196: 0.000158157
82197: 0.000158155
82198: 0.000158153
82199: 0.000158151
82200: 0.000158149
82201: 0.000158147
82202: 0.000158145
82203: 0.000158143
82204: 0.000158141
82205: 0.000158139
82206: 0.000158137
82207: 0.000158135
82208: 0.000158134
82209: 0.000158132
82210: 0.00015813
82211: 0.000158128
82212: 0.000158126
82213: 0.000158124
82214: 0.000158122
82215: 0.00015812
82216: 0.000158118
82217: 0.000158116
82218: 0.000158114
82219: 0.000158112
82220: 0.00015811
82221: 0.000158109
82222: 0.000158107
82223: 0.000158105
82224: 0.000158103
82225: 0.000158101
82226: 0.000158099
82227: 0.000158097
82228: 0.000158095
82229: 0.000158093
82230: 0.000158091
82231: 0.000158089
82232: 0.000158087
82233: 0.000158085
82234: 0.000158084
82235: 0.000158082
82236: 0.00015808
82237: 0.000158078
82238: 0.000158076
82239: 0.000158074
82240: 0.000158072
82241: 0.00015807
82242: 0.000158068
82243: 0.000158066
82244: 0.000158064
82245: 0.000158062
82246: 0.00015806
82247: 0.000158059
82248: 0.000158057
82249: 0.000158055
82250: 0.000158053
82251: 0.000158051
82252: 0.000158049
82253: 0.000158047
82254: 0.000158045
82255: 0.000158043
82256: 0.000158041
82257: 0.000158039
82258: 0.000158037
82259: 0.000158035
82260: 0.000158034
82261: 0.000158032
82262: 0.00015803
82263: 0.000158028
82264: 0.000158026
82265: 0.000158024
82266: 0.000158022
82267: 0.00015802
82268: 0.000158018
82269: 0.000158016
82270: 0.000158014
82271: 0.000158012
82272: 0.000158011
82273: 0.000158009
82274: 0.000158007
82275: 0.000158005
82276: 0.000158003
82277: 0.000158001
82278: 0.000157999
82279: 0.000157997
82280: 0.000157995
82281: 0.000157993
82282: 0.000157991
82283: 0.000157989
82284: 0.000157987
82285: 0.000157986
82286: 0.000157984
82287: 0.000157982
82288: 0.00015798
82289: 0.000157978
82290: 0.000157976
82291: 0.000157974
82292: 0.000157972
82293: 0.00015797
82294: 0.000157968
82295: 0.000157966
82296: 0.000157964
82297: 0.000157963
82298: 0.000157961
82299: 0.000157959
82300: 0.000157957
82301: 0.000157955
82302: 0.000157953
82303: 0.000157951
82304: 0.000157949
82305: 0.000157947
82306: 0.000157945
82307: 0.000157943
82308: 0.000157941
82309: 0.000157939
82310: 0.000157938
82311: 0.000157936
82312: 0.000157934
82313: 0.000157932
82314: 0.00015793
82315: 0.000157928
82316: 0.000157926
82317: 0.000157924
82318: 0.000157922
82319: 0.00015792
82320: 0.000157918
82321: 0.000157916
82322: 0.000157915
82323: 0.000157913
82324: 0.000157911
82325: 0.000157909
82326: 0.000157907
82327: 0.000157905
82328: 0.000157903
82329: 0.000157901
82330: 0.000157899
82331: 0.000157897
82332: 0.000157895
82333: 0.000157893
82334: 0.000157892
82335: 0.00015789
82336: 0.000157888
82337: 0.000157886
82338: 0.000157884
82339: 0.000157882
82340: 0.00015788
82341: 0.000157878
82342: 0.000157876
82343: 0.000157874
82344: 0.000157872
82345: 0.00015787
82346: 0.000157869
82347: 0.000157867
82348: 0.000157865
82349: 0.000157863
82350: 0.000157861
82351: 0.000157859
82352: 0.000157857
82353: 0.000157855
82354: 0.000157853
82355: 0.000157851
82356: 0.000157849
82357: 0.000157847
82358: 0.000157846
82359: 0.000157844
82360: 0.000157842
82361: 0.00015784
82362: 0.000157838
82363: 0.000157836
82364: 0.000157834
82365: 0.000157832
82366: 0.00015783
82367: 0.000157828
82368: 0.000157826
82369: 0.000157824
82370: 0.000157823
82371: 0.000157821
82372: 0.000157819
82373: 0.000157817
82374: 0.000157815
82375: 0.000157813
82376: 0.000157811
82377: 0.000157809
82378: 0.000157807
82379: 0.000157805
82380: 0.000157803
82381: 0.000157801
82382: 0.0001578
82383: 0.000157798
82384: 0.000157796
82385: 0.000157794
82386: 0.000157792
82387: 0.00015779
82388: 0.000157788
82389: 0.000157786
82390: 0.000157784
82391: 0.000157782
82392: 0.00015778
82393: 0.000157778
82394: 0.000157777
82395: 0.000157775
82396: 0.000157773
82397: 0.000157771
82398: 0.000157769
82399: 0.000157767
82400: 0.000157765
82401: 0.000157763
82402: 0.000157761
82403: 0.000157759
82404: 0.000157757
82405: 0.000157756
82406: 0.000157754
82407: 0.000157752
82408: 0.00015775
82409: 0.000157748
82410: 0.000157746
82411: 0.000157744
82412: 0.000157742
82413: 0.00015774
82414: 0.000157738
82415: 0.000157736
82416: 0.000157734
82417: 0.000157733
82418: 0.000157731
82419: 0.000157729
82420: 0.000157727
82421: 0.000157725
82422: 0.000157723
82423: 0.000157721
82424: 0.000157719
82425: 0.000157717
82426: 0.000157715
82427: 0.000157713
82428: 0.000157711
82429: 0.00015771
82430: 0.000157708
82431: 0.000157706
82432: 0.000157704
82433: 0.000157702
82434: 0.0001577
82435: 0.000157698
82436: 0.000157696
82437: 0.000157694
82438: 0.000157692
82439: 0.00015769
82440: 0.000157689
82441: 0.000157687
82442: 0.000157685
82443: 0.000157683
82444: 0.000157681
82445: 0.000157679
82446: 0.000157677
82447: 0.000157675
82448: 0.000157673
82449: 0.000157671
82450: 0.000157669
82451: 0.000157667
82452: 0.000157666
82453: 0.000157664
82454: 0.000157662
82455: 0.00015766
82456: 0.000157658
82457: 0.000157656
82458: 0.000157654
82459: 0.000157652
82460: 0.00015765
82461: 0.000157648
82462: 0.000157646
82463: 0.000157645
82464: 0.000157643
82465: 0.000157641
82466: 0.000157639
82467: 0.000157637
82468: 0.000157635
82469: 0.000157633
82470: 0.000157631
82471: 0.000157629
82472: 0.000157627
82473: 0.000157625
82474: 0.000157624
82475: 0.000157622
82476: 0.00015762
82477: 0.000157618
82478: 0.000157616
82479: 0.000157614
82480: 0.000157612
82481: 0.00015761
82482: 0.000157608
82483: 0.000157606
82484: 0.000157604
82485: 0.000157603
82486: 0.000157601
82487: 0.000157599
82488: 0.000157597
82489: 0.000157595
82490: 0.000157593
82491: 0.000157591
82492: 0.000157589
82493: 0.000157587
82494: 0.000157585
82495: 0.000157583
82496: 0.000157581
82497: 0.00015758
82498: 0.000157578
82499: 0.000157576
82500: 0.000157574
82501: 0.000157572
82502: 0.00015757
82503: 0.000157568
82504: 0.000157566
82505: 0.000157564
82506: 0.000157562
82507: 0.00015756
82508: 0.000157559
82509: 0.000157557
82510: 0.000157555
82511: 0.000157553
82512: 0.000157551
82513: 0.000157549
82514: 0.000157547
82515: 0.000157545
82516: 0.000157543
82517: 0.000157541
82518: 0.000157539
82519: 0.000157538
82520: 0.000157536
82521: 0.000157534
82522: 0.000157532
82523: 0.00015753
82524: 0.000157528
82525: 0.000157526
82526: 0.000157524
82527: 0.000157522
82528: 0.00015752
82529: 0.000157518
82530: 0.000157517
82531: 0.000157515
82532: 0.000157513
82533: 0.000157511
82534: 0.000157509
82535: 0.000157507
82536: 0.000157505
82537: 0.000157503
82538: 0.000157501
82539: 0.000157499
82540: 0.000157497
82541: 0.000157496
82542: 0.000157494
82543: 0.000157492
82544: 0.00015749
82545: 0.000157488
82546: 0.000157486
82547: 0.000157484
82548: 0.000157482
82549: 0.00015748
82550: 0.000157478
82551: 0.000157476
82552: 0.000157475
82553: 0.000157473
82554: 0.000157471
82555: 0.000157469
82556: 0.000157467
82557: 0.000157465
82558: 0.000157463
82559: 0.000157461
82560: 0.000157459
82561: 0.000157457
82562: 0.000157456
82563: 0.000157454
82564: 0.000157452
82565: 0.00015745
82566: 0.000157448
82567: 0.000157446
82568: 0.000157444
82569: 0.000157442
82570: 0.00015744
82571: 0.000157438
82572: 0.000157436
82573: 0.000157435
82574: 0.000157433
82575: 0.000157431
82576: 0.000157429
82577: 0.000157427
82578: 0.000157425
82579: 0.000157423
82580: 0.000157421
82581: 0.000157419
82582: 0.000157417
82583: 0.000157415
82584: 0.000157414
82585: 0.000157412
82586: 0.00015741
82587: 0.000157408
82588: 0.000157406
82589: 0.000157404
82590: 0.000157402
82591: 0.0001574
82592: 0.000157398
82593: 0.000157396
82594: 0.000157395
82595: 0.000157393
82596: 0.000157391
82597: 0.000157389
82598: 0.000157387
82599: 0.000157385
82600: 0.000157383
82601: 0.000157381
82602: 0.000157379
82603: 0.000157377
82604: 0.000157375
82605: 0.000157374
82606: 0.000157372
82607: 0.00015737
82608: 0.000157368
82609: 0.000157366
82610: 0.000157364
82611: 0.000157362
82612: 0.00015736
82613: 0.000157358
82614: 0.000157356
82615: 0.000157355
82616: 0.000157353
82617: 0.000157351
82618: 0.000157349
82619: 0.000157347
82620: 0.000157345
82621: 0.000157343
82622: 0.000157341
82623: 0.000157339
82624: 0.000157337
82625: 0.000157335
82626: 0.000157334
82627: 0.000157332
82628: 0.00015733
82629: 0.000157328
82630: 0.000157326
82631: 0.000157324
82632: 0.000157322
82633: 0.00015732
82634: 0.000157318
82635: 0.000157316
82636: 0.000157315
82637: 0.000157313
82638: 0.000157311
82639: 0.000157309
82640: 0.000157307
82641: 0.000157305
82642: 0.000157303
82643: 0.000157301
82644: 0.000157299
82645: 0.000157297
82646: 0.000157295
82647: 0.000157294
82648: 0.000157292
82649: 0.00015729
82650: 0.000157288
82651: 0.000157286
82652: 0.000157284
82653: 0.000157282
82654: 0.00015728
82655: 0.000157278
82656: 0.000157276
82657: 0.000157275
82658: 0.000157273
82659: 0.000157271
82660: 0.000157269
82661: 0.000157267
82662: 0.000157265
82663: 0.000157263
82664: 0.000157261
82665: 0.000157259
82666: 0.000157257
82667: 0.000157256
82668: 0.000157254
82669: 0.000157252
82670: 0.00015725
82671: 0.000157248
82672: 0.000157246
82673: 0.000157244
82674: 0.000157242
82675: 0.00015724
82676: 0.000157238
82677: 0.000157237
82678: 0.000157235
82679: 0.000157233
82680: 0.000157231
82681: 0.000157229
82682: 0.000157227
82683: 0.000157225
82684: 0.000157223
82685: 0.000157221
82686: 0.000157219
82687: 0.000157217
82688: 0.000157216
82689: 0.000157214
82690: 0.000157212
82691: 0.00015721
82692: 0.000157208
82693: 0.000157206
82694: 0.000157204
82695: 0.000157202
82696: 0.0001572
82697: 0.000157198
82698: 0.000157197
82699: 0.000157195
82700: 0.000157193
82701: 0.000157191
82702: 0.000157189
82703: 0.000157187
82704: 0.000157185
82705: 0.000157183
82706: 0.000157181
82707: 0.000157179
82708: 0.000157178
82709: 0.000157176
82710: 0.000157174
82711: 0.000157172
82712: 0.00015717
82713: 0.000157168
82714: 0.000157166
82715: 0.000157164
82716: 0.000157162
82717: 0.00015716
82718: 0.000157159
82719: 0.000157157
82720: 0.000157155
82721: 0.000157153
82722: 0.000157151
82723: 0.000157149
82724: 0.000157147
82725: 0.000157145
82726: 0.000157143
82727: 0.000157141
82728: 0.00015714
82729: 0.000157138
82730: 0.000157136
82731: 0.000157134
82732: 0.000157132
82733: 0.00015713
82734: 0.000157128
82735: 0.000157126
82736: 0.000157124
82737: 0.000157122
82738: 0.000157121
82739: 0.000157119
82740: 0.000157117
82741: 0.000157115
82742: 0.000157113
82743: 0.000157111
82744: 0.000157109
82745: 0.000157107
82746: 0.000157105
82747: 0.000157103
82748: 0.000157102
82749: 0.0001571
82750: 0.000157098
82751: 0.000157096
82752: 0.000157094
82753: 0.000157092
82754: 0.00015709
82755: 0.000157088
82756: 0.000157086
82757: 0.000157085
82758: 0.000157083
82759: 0.000157081
82760: 0.000157079
82761: 0.000157077
82762: 0.000157075
82763: 0.000157073
82764: 0.000157071
82765: 0.000157069
82766: 0.000157067
82767: 0.000157066
82768: 0.000157064
82769: 0.000157062
82770: 0.00015706
82771: 0.000157058
82772: 0.000157056
82773: 0.000157054
82774: 0.000157052
82775: 0.00015705
82776: 0.000157048
82777: 0.000157047
82778: 0.000157045
82779: 0.000157043
82780: 0.000157041
82781: 0.000157039
82782: 0.000157037
82783: 0.000157035
82784: 0.000157033
82785: 0.000157031
82786: 0.000157029
82787: 0.000157028
82788: 0.000157026
82789: 0.000157024
82790: 0.000157022
82791: 0.00015702
82792: 0.000157018
82793: 0.000157016
82794: 0.000157014
82795: 0.000157012
82796: 0.000157011
82797: 0.000157009
82798: 0.000157007
82799: 0.000157005
82800: 0.000157003
82801: 0.000157001
82802: 0.000156999
82803: 0.000156997
82804: 0.000156995
82805: 0.000156993
82806: 0.000156992
82807: 0.00015699
82808: 0.000156988
82809: 0.000156986
82810: 0.000156984
82811: 0.000156982
82812: 0.00015698
82813: 0.000156978
82814: 0.000156976
82815: 0.000156974
82816: 0.000156973
82817: 0.000156971
82818: 0.000156969
82819: 0.000156967
82820: 0.000156965
82821: 0.000156963
82822: 0.000156961
82823: 0.000156959
82824: 0.000156957
82825: 0.000156956
82826: 0.000156954
82827: 0.000156952
82828: 0.00015695
82829: 0.000156948
82830: 0.000156946
82831: 0.000156944
82832: 0.000156942
82833: 0.00015694
82834: 0.000156938
82835: 0.000156937
82836: 0.000156935
82837: 0.000156933
82838: 0.000156931
82839: 0.000156929
82840: 0.000156927
82841: 0.000156925
82842: 0.000156923
82843: 0.000156921
82844: 0.00015692
82845: 0.000156918
82846: 0.000156916
82847: 0.000156914
82848: 0.000156912
82849: 0.00015691
82850: 0.000156908
82851: 0.000156906
82852: 0.000156904
82853: 0.000156903
82854: 0.000156901
82855: 0.000156899
82856: 0.000156897
82857: 0.000156895
82858: 0.000156893
82859: 0.000156891
82860: 0.000156889
82861: 0.000156887
82862: 0.000156885
82863: 0.000156884
82864: 0.000156882
82865: 0.00015688
82866: 0.000156878
82867: 0.000156876
82868: 0.000156874
82869: 0.000156872
82870: 0.00015687
82871: 0.000156868
82872: 0.000156867
82873: 0.000156865
82874: 0.000156863
82875: 0.000156861
82876: 0.000156859
82877: 0.000156857
82878: 0.000156855
82879: 0.000156853
82880: 0.000156851
82881: 0.000156849
82882: 0.000156848
82883: 0.000156846
82884: 0.000156844
82885: 0.000156842
82886: 0.00015684
82887: 0.000156838
82888: 0.000156836
82889: 0.000156834
82890: 0.000156832
82891: 0.000156831
82892: 0.000156829
82893: 0.000156827
82894: 0.000156825
82895: 0.000156823
82896: 0.000156821
82897: 0.000156819
82898: 0.000156817
82899: 0.000156815
82900: 0.000156814
82901: 0.000156812
82902: 0.00015681
82903: 0.000156808
82904: 0.000156806
82905: 0.000156804
82906: 0.000156802
82907: 0.0001568
82908: 0.000156798
82909: 0.000156797
82910: 0.000156795
82911: 0.000156793
82912: 0.000156791
82913: 0.000156789
82914: 0.000156787
82915: 0.000156785
82916: 0.000156783
82917: 0.000156781
82918: 0.00015678
82919: 0.000156778
82920: 0.000156776
82921: 0.000156774
82922: 0.000156772
82923: 0.00015677
82924: 0.000156768
82925: 0.000156766
82926: 0.000156764
82927: 0.000156762
82928: 0.000156761
82929: 0.000156759
82930: 0.000156757
82931: 0.000156755
82932: 0.000156753
82933: 0.000156751
82934: 0.000156749
82935: 0.000156747
82936: 0.000156745
82937: 0.000156744
82938: 0.000156742
82939: 0.00015674
82940: 0.000156738
82941: 0.000156736
82942: 0.000156734
82943: 0.000156732
82944: 0.00015673
82945: 0.000156728
82946: 0.000156727
82947: 0.000156725
82948: 0.000156723
82949: 0.000156721
82950: 0.000156719
82951: 0.000156717
82952: 0.000156715
82953: 0.000156713
82954: 0.000156711
82955: 0.00015671
82956: 0.000156708
82957: 0.000156706
82958: 0.000156704
82959: 0.000156702
82960: 0.0001567
82961: 0.000156698
82962: 0.000156696
82963: 0.000156694
82964: 0.000156693
82965: 0.000156691
82966: 0.000156689
82967: 0.000156687
82968: 0.000156685
82969: 0.000156683
82970: 0.000156681
82971: 0.000156679
82972: 0.000156677
82973: 0.000156676
82974: 0.000156674
82975: 0.000156672
82976: 0.00015667
82977: 0.000156668
82978: 0.000156666
82979: 0.000156664
82980: 0.000156662
82981: 0.00015666
82982: 0.000156659
82983: 0.000156657
82984: 0.000156655
82985: 0.000156653
82986: 0.000156651
82987: 0.000156649
82988: 0.000156647
82989: 0.000156645
82990: 0.000156643
82991: 0.000156642
82992: 0.00015664
82993: 0.000156638
82994: 0.000156636
82995: 0.000156634
82996: 0.000156632
82997: 0.00015663
82998: 0.000156628
82999: 0.000156627
83000: 0.000156625
83001: 0.000156623
83002: 0.000156621
83003: 0.000156619
83004: 0.000156617
83005: 0.000156615
83006: 0.000156613
83007: 0.000156611
83008: 0.00015661
83009: 0.000156608
83010: 0.000156606
83011: 0.000156604
83012: 0.000156602
83013: 0.0001566
83014: 0.000156598
83015: 0.000156596
83016: 0.000156594
83017: 0.000156593
83018: 0.000156591
83019: 0.000156589
83020: 0.000156587
83021: 0.000156585
83022: 0.000156583
83023: 0.000156581
83024: 0.000156579
83025: 0.000156577
83026: 0.000156576
83027: 0.000156574
83028: 0.000156572
83029: 0.00015657
83030: 0.000156568
83031: 0.000156566
83032: 0.000156564
83033: 0.000156562
83034: 0.00015656
83035: 0.000156559
83036: 0.000156557
83037: 0.000156555
83038: 0.000156553
83039: 0.000156551
83040: 0.000156549
83041: 0.000156547
83042: 0.000156545
83043: 0.000156544
83044: 0.000156542
83045: 0.00015654
83046: 0.000156538
83047: 0.000156536
83048: 0.000156534
83049: 0.000156532
83050: 0.00015653
83051: 0.000156528
83052: 0.000156527
83053: 0.000156525
83054: 0.000156523
83055: 0.000156521
83056: 0.000156519
83057: 0.000156517
83058: 0.000156515
83059: 0.000156513
83060: 0.000156511
83061: 0.00015651
83062: 0.000156508
83063: 0.000156506
83064: 0.000156504
83065: 0.000156502
83066: 0.0001565
83067: 0.000156498
83068: 0.000156496
83069: 0.000156495
83070: 0.000156493
83071: 0.000156491
83072: 0.000156489
83073: 0.000156487
83074: 0.000156485
83075: 0.000156483
83076: 0.000156481
83077: 0.000156479
83078: 0.000156478
83079: 0.000156476
83080: 0.000156474
83081: 0.000156472
83082: 0.00015647
83083: 0.000156468
83084: 0.000156466
83085: 0.000156464
83086: 0.000156463
83087: 0.000156461
83088: 0.000156459
83089: 0.000156457
83090: 0.000156455
83091: 0.000156453
83092: 0.000156451
83093: 0.000156449
83094: 0.000156447
83095: 0.000156446
83096: 0.000156444
83097: 0.000156442
83098: 0.00015644
83099: 0.000156438
83100: 0.000156436
83101: 0.000156434
83102: 0.000156432
83103: 0.00015643
83104: 0.000156429
83105: 0.000156427
83106: 0.000156425
83107: 0.000156423
83108: 0.000156421
83109: 0.000156419
83110: 0.000156417
83111: 0.000156415
83112: 0.000156414
83113: 0.000156412
83114: 0.00015641
83115: 0.000156408
83116: 0.000156406
83117: 0.000156404
83118: 0.000156402
83119: 0.0001564
83120: 0.000156399
83121: 0.000156397
83122: 0.000156395
83123: 0.000156393
83124: 0.000156391
83125: 0.000156389
83126: 0.000156387
83127: 0.000156385
83128: 0.000156383
83129: 0.000156382
83130: 0.00015638
83131: 0.000156378
83132: 0.000156376
83133: 0.000156374
83134: 0.000156372
83135: 0.00015637
83136: 0.000156368
83137: 0.000156367
83138: 0.000156365
83139: 0.000156363
83140: 0.000156361
83141: 0.000156359
83142: 0.000156357
83143: 0.000156355
83144: 0.000156353
83145: 0.000156351
83146: 0.00015635
83147: 0.000156348
83148: 0.000156346
83149: 0.000156344
83150: 0.000156342
83151: 0.00015634
83152: 0.000156338
83153: 0.000156336
83154: 0.000156335
83155: 0.000156333
83156: 0.000156331
83157: 0.000156329
83158: 0.000156327
83159: 0.000156325
83160: 0.000156323
83161: 0.000156321
83162: 0.00015632
83163: 0.000156318
83164: 0.000156316
83165: 0.000156314
83166: 0.000156312
83167: 0.00015631
83168: 0.000156308
83169: 0.000156306
83170: 0.000156304
83171: 0.000156303
83172: 0.000156301
83173: 0.000156299
83174: 0.000156297
83175: 0.000156295
83176: 0.000156293
83177: 0.000156291
83178: 0.000156289
83179: 0.000156288
83180: 0.000156286
83181: 0.000156284
83182: 0.000156282
83183: 0.00015628
83184: 0.000156278
83185: 0.000156276
83186: 0.000156274
83187: 0.000156273
83188: 0.000156271
83189: 0.000156269
83190: 0.000156267
83191: 0.000156265
83192: 0.000156263
83193: 0.000156261
83194: 0.000156259
83195: 0.000156258
83196: 0.000156256
83197: 0.000156254
83198: 0.000156252
83199: 0.00015625
83200: 0.000156248
83201: 0.000156246
83202: 0.000156244
83203: 0.000156242
83204: 0.000156241
83205: 0.000156239
83206: 0.000156237
83207: 0.000156235
83208: 0.000156233
83209: 0.000156231
83210: 0.000156229
83211: 0.000156227
83212: 0.000156226
83213: 0.000156224
83214: 0.000156222
83215: 0.00015622
83216: 0.000156218
83217: 0.000156216
83218: 0.000156214
83219: 0.000156212
83220: 0.000156211
83221: 0.000156209
83222: 0.000156207
83223: 0.000156205
83224: 0.000156203
83225: 0.000156201
83226: 0.000156199
83227: 0.000156197
83228: 0.000156196
83229: 0.000156194
83230: 0.000156192
83231: 0.00015619
83232: 0.000156188
83233: 0.000156186
83234: 0.000156184
83235: 0.000156182
83236: 0.000156181
83237: 0.000156179
83238: 0.000156177
83239: 0.000156175
83240: 0.000156173
83241: 0.000156171
83242: 0.000156169
83243: 0.000156167
83244: 0.000156166
83245: 0.000156164
83246: 0.000156162
83247: 0.00015616
83248: 0.000156158
83249: 0.000156156
83250: 0.000156154
83251: 0.000156152
83252: 0.000156151
83253: 0.000156149
83254: 0.000156147
83255: 0.000156145
83256: 0.000156143
83257: 0.000156141
83258: 0.000156139
83259: 0.000156137
83260: 0.000156136
83261: 0.000156134
83262: 0.000156132
83263: 0.00015613
83264: 0.000156128
83265: 0.000156126
83266: 0.000156124
83267: 0.000156122
83268: 0.000156121
83269: 0.000156119
83270: 0.000156117
83271: 0.000156115
83272: 0.000156113
83273: 0.000156111
83274: 0.000156109
83275: 0.000156107
83276: 0.000156106
83277: 0.000156104
83278: 0.000156102
83279: 0.0001561
83280: 0.000156098
83281: 0.000156096
83282: 0.000156094
83283: 0.000156092
83284: 0.000156091
83285: 0.000156089
83286: 0.000156087
83287: 0.000156085
83288: 0.000156083
83289: 0.000156081
83290: 0.000156079
83291: 0.000156077
83292: 0.000156076
83293: 0.000156074
83294: 0.000156072
83295: 0.00015607
83296: 0.000156068
83297: 0.000156066
83298: 0.000156064
83299: 0.000156062
83300: 0.000156061
83301: 0.000156059
83302: 0.000156057
83303: 0.000156055
83304: 0.000156053
83305: 0.000156051
83306: 0.000156049
83307: 0.000156047
83308: 0.000156046
83309: 0.000156044
83310: 0.000156042
83311: 0.00015604
83312: 0.000156038
83313: 0.000156036
83314: 0.000156034
83315: 0.000156032
83316: 0.000156031
83317: 0.000156029
83318: 0.000156027
83319: 0.000156025
83320: 0.000156023
83321: 0.000156021
83322: 0.000156019
83323: 0.000156017
83324: 0.000156016
83325: 0.000156014
83326: 0.000156012
83327: 0.00015601
83328: 0.000156008
83329: 0.000156006
83330: 0.000156004
83331: 0.000156002
83332: 0.000156001
83333: 0.000155999
83334: 0.000155997
83335: 0.000155995
83336: 0.000155993
83337: 0.000155991
83338: 0.000155989
83339: 0.000155988
83340: 0.000155986
83341: 0.000155984
83342: 0.000155982
83343: 0.00015598
83344: 0.000155978
83345: 0.000155976
83346: 0.000155974
83347: 0.000155973
83348: 0.000155971
83349: 0.000155969
83350: 0.000155967
83351: 0.000155965
83352: 0.000155963
83353: 0.000155961
83354: 0.000155959
83355: 0.000155958
83356: 0.000155956
83357: 0.000155954
83358: 0.000155952
83359: 0.00015595
83360: 0.000155948
83361: 0.000155946
83362: 0.000155944
83363: 0.000155943
83364: 0.000155941
83365: 0.000155939
83366: 0.000155937
83367: 0.000155935
83368: 0.000155933
83369: 0.000155931
83370: 0.00015593
83371: 0.000155928
83372: 0.000155926
83373: 0.000155924
83374: 0.000155922
83375: 0.00015592
83376: 0.000155918
83377: 0.000155916
83378: 0.000155915
83379: 0.000155913
83380: 0.000155911
83381: 0.000155909
83382: 0.000155907
83383: 0.000155905
83384: 0.000155903
83385: 0.000155901
83386: 0.0001559
83387: 0.000155898
83388: 0.000155896
83389: 0.000155894
83390: 0.000155892
83391: 0.00015589
83392: 0.000155888
83393: 0.000155887
83394: 0.000155885
83395: 0.000155883
83396: 0.000155881
83397: 0.000155879
83398: 0.000155877
83399: 0.000155875
83400: 0.000155873
83401: 0.000155872
83402: 0.00015587
83403: 0.000155868
83404: 0.000155866
83405: 0.000155864
83406: 0.000155862
83407: 0.00015586
83408: 0.000155858
83409: 0.000155857
83410: 0.000155855
83411: 0.000155853
83412: 0.000155851
83413: 0.000155849
83414: 0.000155847
83415: 0.000155845
83416: 0.000155844
83417: 0.000155842
83418: 0.00015584
83419: 0.000155838
83420: 0.000155836
83421: 0.000155834
83422: 0.000155832
83423: 0.00015583
83424: 0.000155829
83425: 0.000155827
83426: 0.000155825
83427: 0.000155823
83428: 0.000155821
83429: 0.000155819
83430: 0.000155817
83431: 0.000155816
83432: 0.000155814
83433: 0.000155812
83434: 0.00015581
83435: 0.000155808
83436: 0.000155806
83437: 0.000155804
83438: 0.000155802
83439: 0.000155801
83440: 0.000155799
83441: 0.000155797
83442: 0.000155795
83443: 0.000155793
83444: 0.000155791
83445: 0.000155789
83446: 0.000155788
83447: 0.000155786
83448: 0.000155784
83449: 0.000155782
83450: 0.00015578
83451: 0.000155778
83452: 0.000155776
83453: 0.000155774
83454: 0.000155773
83455: 0.000155771
83456: 0.000155769
83457: 0.000155767
83458: 0.000155765
83459: 0.000155763
83460: 0.000155761
83461: 0.00015576
83462: 0.000155758
83463: 0.000155756
83464: 0.000155754
83465: 0.000155752
83466: 0.00015575
83467: 0.000155748
83468: 0.000155746
83469: 0.000155745
83470: 0.000155743
83471: 0.000155741
83472: 0.000155739
83473: 0.000155737
83474: 0.000155735
83475: 0.000155733
83476: 0.000155732
83477: 0.00015573
83478: 0.000155728
83479: 0.000155726
83480: 0.000155724
83481: 0.000155722
83482: 0.00015572
83483: 0.000155718
83484: 0.000155717
83485: 0.000155715
83486: 0.000155713
83487: 0.000155711
83488: 0.000155709
83489: 0.000155707
83490: 0.000155705
83491: 0.000155704
83492: 0.000155702
83493: 0.0001557
83494: 0.000155698
83495: 0.000155696
83496: 0.000155694
83497: 0.000155692
83498: 0.00015569
83499: 0.000155689
83500: 0.000155687
83501: 0.000155685
83502: 0.000155683
83503: 0.000155681
83504: 0.000155679
83505: 0.000155677
83506: 0.000155676
83507: 0.000155674
83508: 0.000155672
83509: 0.00015567
83510: 0.000155668
83511: 0.000155666
83512: 0.000155664
83513: 0.000155663
83514: 0.000155661
83515: 0.000155659
83516: 0.000155657
83517: 0.000155655
83518: 0.000155653
83519: 0.000155651
83520: 0.000155649
83521: 0.000155648
83522: 0.000155646
83523: 0.000155644
83524: 0.000155642
83525: 0.00015564
83526: 0.000155638
83527: 0.000155636
83528: 0.000155635
83529: 0.000155633
83530: 0.000155631
83531: 0.000155629
83532: 0.000155627
83533: 0.000155625
83534: 0.000155623
83535: 0.000155622
83536: 0.00015562
83537: 0.000155618
83538: 0.000155616
83539: 0.000155614
83540: 0.000155612
83541: 0.00015561
83542: 0.000155608
83543: 0.000155607
83544: 0.000155605
83545: 0.000155603
83546: 0.000155601
83547: 0.000155599
83548: 0.000155597
83549: 0.000155595
83550: 0.000155594
83551: 0.000155592
83552: 0.00015559
83553: 0.000155588
83554: 0.000155586
83555: 0.000155584
83556: 0.000155582
83557: 0.000155581
83558: 0.000155579
83559: 0.000155577
83560: 0.000155575
83561: 0.000155573
83562: 0.000155571
83563: 0.000155569
83564: 0.000155568
83565: 0.000155566
83566: 0.000155564
83567: 0.000155562
83568: 0.00015556
83569: 0.000155558
83570: 0.000155556
83571: 0.000155554
83572: 0.000155553
83573: 0.000155551
83574: 0.000155549
83575: 0.000155547
83576: 0.000155545
83577: 0.000155543
83578: 0.000155541
83579: 0.00015554
83580: 0.000155538
83581: 0.000155536
83582: 0.000155534
83583: 0.000155532
83584: 0.00015553
83585: 0.000155528
83586: 0.000155527
83587: 0.000155525
83588: 0.000155523
83589: 0.000155521
83590: 0.000155519
83591: 0.000155517
83592: 0.000155515
83593: 0.000155514
83594: 0.000155512
83595: 0.00015551
83596: 0.000155508
83597: 0.000155506
83598: 0.000155504
83599: 0.000155502
83600: 0.000155501
83601: 0.000155499
83602: 0.000155497
83603: 0.000155495
83604: 0.000155493
83605: 0.000155491
83606: 0.000155489
83607: 0.000155488
83608: 0.000155486
83609: 0.000155484
83610: 0.000155482
83611: 0.00015548
83612: 0.000155478
83613: 0.000155476
83614: 0.000155474
83615: 0.000155473
83616: 0.000155471
83617: 0.000155469
83618: 0.000155467
83619: 0.000155465
83620: 0.000155463
83621: 0.000155461
83622: 0.00015546
83623: 0.000155458
83624: 0.000155456
83625: 0.000155454
83626: 0.000155452
83627: 0.00015545
83628: 0.000155448
83629: 0.000155447
83630: 0.000155445
83631: 0.000155443
83632: 0.000155441
83633: 0.000155439
83634: 0.000155437
83635: 0.000155435
83636: 0.000155434
83637: 0.000155432
83638: 0.00015543
83639: 0.000155428
83640: 0.000155426
83641: 0.000155424
83642: 0.000155422
83643: 0.000155421
83644: 0.000155419
83645: 0.000155417
83646: 0.000155415
83647: 0.000155413
83648: 0.000155411
83649: 0.000155409
83650: 0.000155408
83651: 0.000155406
83652: 0.000155404
83653: 0.000155402
83654: 0.0001554
83655: 0.000155398
83656: 0.000155396
83657: 0.000155395
83658: 0.000155393
83659: 0.000155391
83660: 0.000155389
83661: 0.000155387
83662: 0.000155385
83663: 0.000155383
83664: 0.000155382
83665: 0.00015538
83666: 0.000155378
83667: 0.000155376
83668: 0.000155374
83669: 0.000155372
83670: 0.00015537
83671: 0.000155369
83672: 0.000155367
83673: 0.000155365
83674: 0.000155363
83675: 0.000155361
83676: 0.000155359
83677: 0.000155357
83678: 0.000155356
83679: 0.000155354
83680: 0.000155352
83681: 0.00015535
83682: 0.000155348
83683: 0.000155346
83684: 0.000155344
83685: 0.000155343
83686: 0.000155341
83687: 0.000155339
83688: 0.000155337
83689: 0.000155335
83690: 0.000155333
83691: 0.000155331
83692: 0.00015533
83693: 0.000155328
83694: 0.000155326
83695: 0.000155324
83696: 0.000155322
83697: 0.00015532
83698: 0.000155318
83699: 0.000155317
83700: 0.000155315
83701: 0.000155313
83702: 0.000155311
83703: 0.000155309
83704: 0.000155307
83705: 0.000155305
83706: 0.000155304
83707: 0.000155302
83708: 0.0001553
83709: 0.000155298
83710: 0.000155296
83711: 0.000155294
83712: 0.000155292
83713: 0.000155291
83714: 0.000155289
83715: 0.000155287
83716: 0.000155285
83717: 0.000155283
83718: 0.000155281
83719: 0.00015528
83720: 0.000155278
83721: 0.000155276
83722: 0.000155274
83723: 0.000155272
83724: 0.00015527
83725: 0.000155268
83726: 0.000155267
83727: 0.000155265
83728: 0.000155263
83729: 0.000155261
83730: 0.000155259
83731: 0.000155257
83732: 0.000155255
83733: 0.000155254
83734: 0.000155252
83735: 0.00015525
83736: 0.000155248
83737: 0.000155246
83738: 0.000155244
83739: 0.000155242
83740: 0.000155241
83741: 0.000155239
83742: 0.000155237
83743: 0.000155235
83744: 0.000155233
83745: 0.000155231
83746: 0.000155229
83747: 0.000155228
83748: 0.000155226
83749: 0.000155224
83750: 0.000155222
83751: 0.00015522
83752: 0.000155218
83753: 0.000155216
83754: 0.000155215
83755: 0.000155213
83756: 0.000155211
83757: 0.000155209
83758: 0.000155207
83759: 0.000155205
83760: 0.000155203
83761: 0.000155202
83762: 0.0001552
83763: 0.000155198
83764: 0.000155196
83765: 0.000155194
83766: 0.000155192
83767: 0.000155191
83768: 0.000155189
83769: 0.000155187
83770: 0.000155185
83771: 0.000155183
83772: 0.000155181
83773: 0.000155179
83774: 0.000155178
83775: 0.000155176
83776: 0.000155174
83777: 0.000155172
83778: 0.00015517
83779: 0.000155168
83780: 0.000155166
83781: 0.000155165
83782: 0.000155163
83783: 0.000155161
83784: 0.000155159
83785: 0.000155157
83786: 0.000155155
83787: 0.000155153
83788: 0.000155152
83789: 0.00015515
83790: 0.000155148
83791: 0.000155146
83792: 0.000155144
83793: 0.000155142
83794: 0.000155141
83795: 0.000155139
83796: 0.000155137
83797: 0.000155135
83798: 0.000155133
83799: 0.000155131
83800: 0.000155129
83801: 0.000155128
83802: 0.000155126
83803: 0.000155124
83804: 0.000155122
83805: 0.00015512
83806: 0.000155118
83807: 0.000155116
83808: 0.000155115
83809: 0.000155113
83810: 0.000155111
83811: 0.000155109
83812: 0.000155107
83813: 0.000155105
83814: 0.000155104
83815: 0.000155102
83816: 0.0001551
83817: 0.000155098
83818: 0.000155096
83819: 0.000155094
83820: 0.000155092
83821: 0.000155091
83822: 0.000155089
83823: 0.000155087
83824: 0.000155085
83825: 0.000155083
83826: 0.000155081
83827: 0.000155079
83828: 0.000155078
83829: 0.000155076
83830: 0.000155074
83831: 0.000155072
83832: 0.00015507
83833: 0.000155068
83834: 0.000155066
83835: 0.000155065
83836: 0.000155063
83837: 0.000155061
83838: 0.000155059
83839: 0.000155057
83840: 0.000155055
83841: 0.000155054
83842: 0.000155052
83843: 0.00015505
83844: 0.000155048
83845: 0.000155046
83846: 0.000155044
83847: 0.000155042
83848: 0.000155041
83849: 0.000155039
83850: 0.000155037
83851: 0.000155035
83852: 0.000155033
83853: 0.000155031
83854: 0.00015503
83855: 0.000155028
83856: 0.000155026
83857: 0.000155024
83858: 0.000155022
83859: 0.00015502
83860: 0.000155018
83861: 0.000155017
83862: 0.000155015
83863: 0.000155013
83864: 0.000155011
83865: 0.000155009
83866: 0.000155007
83867: 0.000155005
83868: 0.000155004
83869: 0.000155002
83870: 0.000155
83871: 0.000154998
83872: 0.000154996
83873: 0.000154994
83874: 0.000154993
83875: 0.000154991
83876: 0.000154989
83877: 0.000154987
83878: 0.000154985
83879: 0.000154983
83880: 0.000154981
83881: 0.00015498
83882: 0.000154978
83883: 0.000154976
83884: 0.000154974
83885: 0.000154972
83886: 0.00015497
83887: 0.000154969
83888: 0.000154967
83889: 0.000154965
83890: 0.000154963
83891: 0.000154961
83892: 0.000154959
83893: 0.000154957
83894: 0.000154956
83895: 0.000154954
83896: 0.000154952
83897: 0.00015495
83898: 0.000154948
83899: 0.000154946
83900: 0.000154945
83901: 0.000154943
83902: 0.000154941
83903: 0.000154939
83904: 0.000154937
83905: 0.000154935
83906: 0.000154933
83907: 0.000154932
83908: 0.00015493
83909: 0.000154928
83910: 0.000154926
83911: 0.000154924
83912: 0.000154922
83913: 0.000154921
83914: 0.000154919
83915: 0.000154917
83916: 0.000154915
83917: 0.000154913
83918: 0.000154911
83919: 0.000154909
83920: 0.000154908
83921: 0.000154906
83922: 0.000154904
83923: 0.000154902
83924: 0.0001549
83925: 0.000154898
83926: 0.000154897
83927: 0.000154895
83928: 0.000154893
83929: 0.000154891
83930: 0.000154889
83931: 0.000154887
83932: 0.000154885
83933: 0.000154884
83934: 0.000154882
83935: 0.00015488
83936: 0.000154878
83937: 0.000154876
83938: 0.000154874
83939: 0.000154873
83940: 0.000154871
83941: 0.000154869
83942: 0.000154867
83943: 0.000154865
83944: 0.000154863
83945: 0.000154861
83946: 0.00015486
83947: 0.000154858
83948: 0.000154856
83949: 0.000154854
83950: 0.000154852
83951: 0.00015485
83952: 0.000154849
83953: 0.000154847
83954: 0.000154845
83955: 0.000154843
83956: 0.000154841
83957: 0.000154839
83958: 0.000154837
83959: 0.000154836
83960: 0.000154834
83961: 0.000154832
83962: 0.00015483
83963: 0.000154828
83964: 0.000154826
83965: 0.000154825
83966: 0.000154823
83967: 0.000154821
83968: 0.000154819
83969: 0.000154817
83970: 0.000154815
83971: 0.000154814
83972: 0.000154812
83973: 0.00015481
83974: 0.000154808
83975: 0.000154806
83976: 0.000154804
83977: 0.000154802
83978: 0.000154801
83979: 0.000154799
83980: 0.000154797
83981: 0.000154795
83982: 0.000154793
83983: 0.000154791
83984: 0.00015479
83985: 0.000154788
83986: 0.000154786
83987: 0.000154784
83988: 0.000154782
83989: 0.00015478
83990: 0.000154778
83991: 0.000154777
83992: 0.000154775
83993: 0.000154773
83994: 0.000154771
83995: 0.000154769
83996: 0.000154767
83997: 0.000154766
83998: 0.000154764
83999: 0.000154762
84000: 0.00015476
84001: 0.000154758
84002: 0.000154756
84003: 0.000154755
84004: 0.000154753
84005: 0.000154751
84006: 0.000154749
84007: 0.000154747
84008: 0.000154745
84009: 0.000154743
84010: 0.000154742
84011: 0.00015474
84012: 0.000154738
84013: 0.000154736
84014: 0.000154734
84015: 0.000154732
84016: 0.000154731
84017: 0.000154729
84018: 0.000154727
84019: 0.000154725
84020: 0.000154723
84021: 0.000154721
84022: 0.00015472
84023: 0.000154718
84024: 0.000154716
84025: 0.000154714
84026: 0.000154712
84027: 0.00015471
84028: 0.000154708
84029: 0.000154707
84030: 0.000154705
84031: 0.000154703
84032: 0.000154701
84033: 0.000154699
84034: 0.000154697
84035: 0.000154696
84036: 0.000154694
84037: 0.000154692
84038: 0.00015469
84039: 0.000154688
84040: 0.000154686
84041: 0.000154685
84042: 0.000154683
84043: 0.000154681
84044: 0.000154679
84045: 0.000154677
84046: 0.000154675
84047: 0.000154674
84048: 0.000154672
84049: 0.00015467
84050: 0.000154668
84051: 0.000154666
84052: 0.000154664
84053: 0.000154662
84054: 0.000154661
84055: 0.000154659
84056: 0.000154657
84057: 0.000154655
84058: 0.000154653
84059: 0.000154651
84060: 0.00015465
84061: 0.000154648
84062: 0.000154646
84063: 0.000154644
84064: 0.000154642
84065: 0.00015464
84066: 0.000154639
84067: 0.000154637
84068: 0.000154635
84069: 0.000154633
84070: 0.000154631
84071: 0.000154629
84072: 0.000154628
84073: 0.000154626
84074: 0.000154624
84075: 0.000154622
84076: 0.00015462
84077: 0.000154618
84078: 0.000154616
84079: 0.000154615
84080: 0.000154613
84081: 0.000154611
84082: 0.000154609
84083: 0.000154607
84084: 0.000154605
84085: 0.000154604
84086: 0.000154602
84087: 0.0001546
84088: 0.000154598
84089: 0.000154596
84090: 0.000154594
84091: 0.000154593
84092: 0.000154591
84093: 0.000154589
84094: 0.000154587
84095: 0.000154585
84096: 0.000154583
84097: 0.000154582
84098: 0.00015458
84099: 0.000154578
84100: 0.000154576
84101: 0.000154574
84102: 0.000154572
84103: 0.000154571
84104: 0.000154569
84105: 0.000154567
84106: 0.000154565
84107: 0.000154563
84108: 0.000154561
84109: 0.00015456
84110: 0.000154558
84111: 0.000154556
84112: 0.000154554
84113: 0.000154552
84114: 0.00015455
84115: 0.000154548
84116: 0.000154547
84117: 0.000154545
84118: 0.000154543
84119: 0.000154541
84120: 0.000154539
84121: 0.000154537
84122: 0.000154536
84123: 0.000154534
84124: 0.000154532
84125: 0.00015453
84126: 0.000154528
84127: 0.000154526
84128: 0.000154525
84129: 0.000154523
84130: 0.000154521
84131: 0.000154519
84132: 0.000154517
84133: 0.000154515
84134: 0.000154514
84135: 0.000154512
84136: 0.00015451
84137: 0.000154508
84138: 0.000154506
84139: 0.000154504
84140: 0.000154503
84141: 0.000154501
84142: 0.000154499
84143: 0.000154497
84144: 0.000154495
84145: 0.000154493
84146: 0.000154492
84147: 0.00015449
84148: 0.000154488
84149: 0.000154486
84150: 0.000154484
84151: 0.000154482
84152: 0.000154481
84153: 0.000154479
84154: 0.000154477
84155: 0.000154475
84156: 0.000154473
84157: 0.000154471
84158: 0.00015447
84159: 0.000154468
84160: 0.000154466
84161: 0.000154464
84162: 0.000154462
84163: 0.00015446
84164: 0.000154459
84165: 0.000154457
84166: 0.000154455
84167: 0.000154453
84168: 0.000154451
84169: 0.000154449
84170: 0.000154447
84171: 0.000154446
84172: 0.000154444
84173: 0.000154442
84174: 0.00015444
84175: 0.000154438
84176: 0.000154436
84177: 0.000154435
84178: 0.000154433
84179: 0.000154431
84180: 0.000154429
84181: 0.000154427
84182: 0.000154425
84183: 0.000154424
84184: 0.000154422
84185: 0.00015442
84186: 0.000154418
84187: 0.000154416
84188: 0.000154414
84189: 0.000154413
84190: 0.000154411
84191: 0.000154409
84192: 0.000154407
84193: 0.000154405
84194: 0.000154403
84195: 0.000154402
84196: 0.0001544
84197: 0.000154398
84198: 0.000154396
84199: 0.000154394
84200: 0.000154392
84201: 0.000154391
84202: 0.000154389
84203: 0.000154387
84204: 0.000154385
84205: 0.000154383
84206: 0.000154381
84207: 0.00015438
84208: 0.000154378
84209: 0.000154376
84210: 0.000154374
84211: 0.000154372
84212: 0.00015437
84213: 0.000154369
84214: 0.000154367
84215: 0.000154365
84216: 0.000154363
84217: 0.000154361
84218: 0.000154359
84219: 0.000154358
84220: 0.000154356
84221: 0.000154354
84222: 0.000154352
84223: 0.00015435
84224: 0.000154348
84225: 0.000154347
84226: 0.000154345
84227: 0.000154343
84228: 0.000154341
84229: 0.000154339
84230: 0.000154337
84231: 0.000154336
84232: 0.000154334
84233: 0.000154332
84234: 0.00015433
84235: 0.000154328
84236: 0.000154326
84237: 0.000154325
84238: 0.000154323
84239: 0.000154321
84240: 0.000154319
84241: 0.000154317
84242: 0.000154315
84243: 0.000154314
84244: 0.000154312
84245: 0.00015431
84246: 0.000154308
84247: 0.000154306
84248: 0.000154305
84249: 0.000154303
84250: 0.000154301
84251: 0.000154299
84252: 0.000154297
84253: 0.000154295
84254: 0.000154294
84255: 0.000154292
84256: 0.00015429
84257: 0.000154288
84258: 0.000154286
84259: 0.000154284
84260: 0.000154283
84261: 0.000154281
84262: 0.000154279
84263: 0.000154277
84264: 0.000154275
84265: 0.000154273
84266: 0.000154272
84267: 0.00015427
84268: 0.000154268
84269: 0.000154266
84270: 0.000154264
84271: 0.000154262
84272: 0.000154261
84273: 0.000154259
84274: 0.000154257
84275: 0.000154255
84276: 0.000154253
84277: 0.000154251
84278: 0.00015425
84279: 0.000154248
84280: 0.000154246
84281: 0.000154244
84282: 0.000154242
84283: 0.00015424
84284: 0.000154239
84285: 0.000154237
84286: 0.000154235
84287: 0.000154233
84288: 0.000154231
84289: 0.000154229
84290: 0.000154228
84291: 0.000154226
84292: 0.000154224
84293: 0.000154222
84294: 0.00015422
84295: 0.000154218
84296: 0.000154217
84297: 0.000154215
84298: 0.000154213
84299: 0.000154211
84300: 0.000154209
84301: 0.000154207
84302: 0.000154206
84303: 0.000154204
84304: 0.000154202
84305: 0.0001542
84306: 0.000154198
84307: 0.000154197
84308: 0.000154195
84309: 0.000154193
84310: 0.000154191
84311: 0.000154189
84312: 0.000154187
84313: 0.000154186
84314: 0.000154184
84315: 0.000154182
84316: 0.00015418
84317: 0.000154178
84318: 0.000154176
84319: 0.000154175
84320: 0.000154173
84321: 0.000154171
84322: 0.000154169
84323: 0.000154167
84324: 0.000154165
84325: 0.000154164
84326: 0.000154162
84327: 0.00015416
84328: 0.000154158
84329: 0.000154156
84330: 0.000154154
84331: 0.000154153
84332: 0.000154151
84333: 0.000154149
84334: 0.000154147
84335: 0.000154145
84336: 0.000154143
84337: 0.000154142
84338: 0.00015414
84339: 0.000154138
84340: 0.000154136
84341: 0.000154134
84342: 0.000154133
84343: 0.000154131
84344: 0.000154129
84345: 0.000154127
84346: 0.000154125
84347: 0.000154123
84348: 0.000154122
84349: 0.00015412
84350: 0.000154118
84351: 0.000154116
84352: 0.000154114
84353: 0.000154112
84354: 0.000154111
84355: 0.000154109
84356: 0.000154107
84357: 0.000154105
84358: 0.000154103
84359: 0.000154101
84360: 0.0001541
84361: 0.000154098
84362: 0.000154096
84363: 0.000154094
84364: 0.000154092
84365: 0.000154091
84366: 0.000154089
84367: 0.000154087
84368: 0.000154085
84369: 0.000154083
84370: 0.000154081
84371: 0.00015408
84372: 0.000154078
84373: 0.000154076
84374: 0.000154074
84375: 0.000154072
84376: 0.00015407
84377: 0.000154069
84378: 0.000154067
84379: 0.000154065
84380: 0.000154063
84381: 0.000154061
84382: 0.000154059
84383: 0.000154058
84384: 0.000154056
84385: 0.000154054
84386: 0.000154052
84387: 0.00015405
84388: 0.000154049
84389: 0.000154047
84390: 0.000154045
84391: 0.000154043
84392: 0.000154041
84393: 0.000154039
84394: 0.000154038
84395: 0.000154036
84396: 0.000154034
84397: 0.000154032
84398: 0.00015403
84399: 0.000154028
84400: 0.000154027
84401: 0.000154025
84402: 0.000154023
84403: 0.000154021
84404: 0.000154019
84405: 0.000154017
84406: 0.000154016
84407: 0.000154014
84408: 0.000154012
84409: 0.00015401
84410: 0.000154008
84411: 0.000154007
84412: 0.000154005
84413: 0.000154003
84414: 0.000154001
84415: 0.000153999
84416: 0.000153997
84417: 0.000153996
84418: 0.000153994
84419: 0.000153992
84420: 0.00015399
84421: 0.000153988
84422: 0.000153986
84423: 0.000153985
84424: 0.000153983
84425: 0.000153981
84426: 0.000153979
84427: 0.000153977
84428: 0.000153976
84429: 0.000153974
84430: 0.000153972
84431: 0.00015397
84432: 0.000153968
84433: 0.000153966
84434: 0.000153965
84435: 0.000153963
84436: 0.000153961
84437: 0.000153959
84438: 0.000153957
84439: 0.000153955
84440: 0.000153954
84441: 0.000153952
84442: 0.00015395
84443: 0.000153948
84444: 0.000153946
84445: 0.000153945
84446: 0.000153943
84447: 0.000153941
84448: 0.000153939
84449: 0.000153937
84450: 0.000153935
84451: 0.000153934
84452: 0.000153932
84453: 0.00015393
84454: 0.000153928
84455: 0.000153926
84456: 0.000153924
84457: 0.000153923
84458: 0.000153921
84459: 0.000153919
84460: 0.000153917
84461: 0.000153915
84462: 0.000153914
84463: 0.000153912
84464: 0.00015391
84465: 0.000153908
84466: 0.000153906
84467: 0.000153904
84468: 0.000153903
84469: 0.000153901
84470: 0.000153899
84471: 0.000153897
84472: 0.000153895
84473: 0.000153894
84474: 0.000153892
84475: 0.00015389
84476: 0.000153888
84477: 0.000153886
84478: 0.000153884
84479: 0.000153883
84480: 0.000153881
84481: 0.000153879
84482: 0.000153877
84483: 0.000153875
84484: 0.000153873
84485: 0.000153872
84486: 0.00015387
84487: 0.000153868
84488: 0.000153866
84489: 0.000153864
84490: 0.000153863
84491: 0.000153861
84492: 0.000153859
84493: 0.000153857
84494: 0.000153855
84495: 0.000153853
84496: 0.000153852
84497: 0.00015385
84498: 0.000153848
84499: 0.000153846
84500: 0.000153844
84501: 0.000153843
84502: 0.000153841
84503: 0.000153839
84504: 0.000153837
84505: 0.000153835
84506: 0.000153833
84507: 0.000153832
84508: 0.00015383
84509: 0.000153828
84510: 0.000153826
84511: 0.000153824
84512: 0.000153822
84513: 0.000153821
84514: 0.000153819
84515: 0.000153817
84516: 0.000153815
84517: 0.000153813
84518: 0.000153812
84519: 0.00015381
84520: 0.000153808
84521: 0.000153806
84522: 0.000153804
84523: 0.000153802
84524: 0.000153801
84525: 0.000153799
84526: 0.000153797
84527: 0.000153795
84528: 0.000153793
84529: 0.000153792
84530: 0.00015379
84531: 0.000153788
84532: 0.000153786
84533: 0.000153784
84534: 0.000153782
84535: 0.000153781
84536: 0.000153779
84537: 0.000153777
84538: 0.000153775
84539: 0.000153773
84540: 0.000153772
84541: 0.00015377
84542: 0.000153768
84543: 0.000153766
84544: 0.000153764
84545: 0.000153762
84546: 0.000153761
84547: 0.000153759
84548: 0.000153757
84549: 0.000153755
84550: 0.000153753
84551: 0.000153752
84552: 0.00015375
84553: 0.000153748
84554: 0.000153746
84555: 0.000153744
84556: 0.000153742
84557: 0.000153741
84558: 0.000153739
84559: 0.000153737
84560: 0.000153735
84561: 0.000153733
84562: 0.000153732
84563: 0.00015373
84564: 0.000153728
84565: 0.000153726
84566: 0.000153724
84567: 0.000153722
84568: 0.000153721
84569: 0.000153719
84570: 0.000153717
84571: 0.000153715
84572: 0.000153713
84573: 0.000153712
84574: 0.00015371
84575: 0.000153708
84576: 0.000153706
84577: 0.000153704
84578: 0.000153702
84579: 0.000153701
84580: 0.000153699
84581: 0.000153697
84582: 0.000153695
84583: 0.000153693
84584: 0.000153692
84585: 0.00015369
84586: 0.000153688
84587: 0.000153686
84588: 0.000153684
84589: 0.000153682
84590: 0.000153681
84591: 0.000153679
84592: 0.000153677
84593: 0.000153675
84594: 0.000153673
84595: 0.000153672
84596: 0.00015367
84597: 0.000153668
84598: 0.000153666
84599: 0.000153664
84600: 0.000153662
84601: 0.000153661
84602: 0.000153659
84603: 0.000153657
84604: 0.000153655
84605: 0.000153653
84606: 0.000153652
84607: 0.00015365
84608: 0.000153648
84609: 0.000153646
84610: 0.000153644
84611: 0.000153643
84612: 0.000153641
84613: 0.000153639
84614: 0.000153637
84615: 0.000153635
84616: 0.000153633
84617: 0.000153632
84618: 0.00015363
84619: 0.000153628
84620: 0.000153626
84621: 0.000153624
84622: 0.000153623
84623: 0.000153621
84624: 0.000153619
84625: 0.000153617
84626: 0.000153615
84627: 0.000153613
84628: 0.000153612
84629: 0.00015361
84630: 0.000153608
84631: 0.000153606
84632: 0.000153604
84633: 0.000153603
84634: 0.000153601
84635: 0.000153599
84636: 0.000153597
84637: 0.000153595
84638: 0.000153593
84639: 0.000153592
84640: 0.00015359
84641: 0.000153588
84642: 0.000153586
84643: 0.000153584
84644: 0.000153583
84645: 0.000153581
84646: 0.000153579
84647: 0.000153577
84648: 0.000153575
84649: 0.000153574
84650: 0.000153572
84651: 0.00015357
84652: 0.000153568
84653: 0.000153566
84654: 0.000153564
84655: 0.000153563
84656: 0.000153561
84657: 0.000153559
84658: 0.000153557
84659: 0.000153555
84660: 0.000153554
84661: 0.000153552
84662: 0.00015355
84663: 0.000153548
84664: 0.000153546
84665: 0.000153545
84666: 0.000153543
84667: 0.000153541
84668: 0.000153539
84669: 0.000153537
84670: 0.000153535
84671: 0.000153534
84672: 0.000153532
84673: 0.00015353
84674: 0.000153528
84675: 0.000153526
84676: 0.000153525
84677: 0.000153523
84678: 0.000153521
84679: 0.000153519
84680: 0.000153517
84681: 0.000153516
84682: 0.000153514
84683: 0.000153512
84684: 0.00015351
84685: 0.000153508
84686: 0.000153506
84687: 0.000153505
84688: 0.000153503
84689: 0.000153501
84690: 0.000153499
84691: 0.000153497
84692: 0.000153496
84693: 0.000153494
84694: 0.000153492
84695: 0.00015349
84696: 0.000153488
84697: 0.000153487
84698: 0.000153485
84699: 0.000153483
84700: 0.000153481
84701: 0.000153479
84702: 0.000153477
84703: 0.000153476
84704: 0.000153474
84705: 0.000153472
84706: 0.00015347
84707: 0.000153468
84708: 0.000153467
84709: 0.000153465
84710: 0.000153463
84711: 0.000153461
84712: 0.000153459
84713: 0.000153458
84714: 0.000153456
84715: 0.000153454
84716: 0.000153452
84717: 0.00015345
84718: 0.000153448
84719: 0.000153447
84720: 0.000153445
84721: 0.000153443
84722: 0.000153441
84723: 0.000153439
84724: 0.000153438
84725: 0.000153436
84726: 0.000153434
84727: 0.000153432
84728: 0.00015343
84729: 0.000153429
84730: 0.000153427
84731: 0.000153425
84732: 0.000153423
84733: 0.000153421
84734: 0.000153419
84735: 0.000153418
84736: 0.000153416
84737: 0.000153414
84738: 0.000153412
84739: 0.00015341
84740: 0.000153409
84741: 0.000153407
84742: 0.000153405
84743: 0.000153403
84744: 0.000153401
84745: 0.0001534
84746: 0.000153398
84747: 0.000153396
84748: 0.000153394
84749: 0.000153392
84750: 0.000153391
84751: 0.000153389
84752: 0.000153387
84753: 0.000153385
84754: 0.000153383
84755: 0.000153381
84756: 0.00015338
84757: 0.000153378
84758: 0.000153376
84759: 0.000153374
84760: 0.000153372
84761: 0.000153371
84762: 0.000153369
84763: 0.000153367
84764: 0.000153365
84765: 0.000153363
84766: 0.000153362
84767: 0.00015336
84768: 0.000153358
84769: 0.000153356
84770: 0.000153354
84771: 0.000153353
84772: 0.000153351
84773: 0.000153349
84774: 0.000153347
84775: 0.000153345
84776: 0.000153343
84777: 0.000153342
84778: 0.00015334
84779: 0.000153338
84780: 0.000153336
84781: 0.000153334
84782: 0.000153333
84783: 0.000153331
84784: 0.000153329
84785: 0.000153327
84786: 0.000153325
84787: 0.000153324
84788: 0.000153322
84789: 0.00015332
84790: 0.000153318
84791: 0.000153316
84792: 0.000153315
84793: 0.000153313
84794: 0.000153311
84795: 0.000153309
84796: 0.000153307
84797: 0.000153306
84798: 0.000153304
84799: 0.000153302
84800: 0.0001533
84801: 0.000153298
84802: 0.000153296
84803: 0.000153295
84804: 0.000153293
84805: 0.000153291
84806: 0.000153289
84807: 0.000153287
84808: 0.000153286
84809: 0.000153284
84810: 0.000153282
84811: 0.00015328
84812: 0.000153278
84813: 0.000153277
84814: 0.000153275
84815: 0.000153273
84816: 0.000153271
84817: 0.000153269
84818: 0.000153268
84819: 0.000153266
84820: 0.000153264
84821: 0.000153262
84822: 0.00015326
84823: 0.000153259
84824: 0.000153257
84825: 0.000153255
84826: 0.000153253
84827: 0.000153251
84828: 0.000153249
84829: 0.000153248
84830: 0.000153246
84831: 0.000153244
84832: 0.000153242
84833: 0.00015324
84834: 0.000153239
84835: 0.000153237
84836: 0.000153235
84837: 0.000153233
84838: 0.000153231
84839: 0.00015323
84840: 0.000153228
84841: 0.000153226
84842: 0.000153224
84843: 0.000153222
84844: 0.000153221
84845: 0.000153219
84846: 0.000153217
84847: 0.000153215
84848: 0.000153213
84849: 0.000153212
84850: 0.00015321
84851: 0.000153208
84852: 0.000153206
84853: 0.000153204
84854: 0.000153203
84855: 0.000153201
84856: 0.000153199
84857: 0.000153197
84858: 0.000153195
84859: 0.000153193
84860: 0.000153192
84861: 0.00015319
84862: 0.000153188
84863: 0.000153186
84864: 0.000153184
84865: 0.000153183
84866: 0.000153181
84867: 0.000153179
84868: 0.000153177
84869: 0.000153175
84870: 0.000153174
84871: 0.000153172
84872: 0.00015317
84873: 0.000153168
84874: 0.000153166
84875: 0.000153165
84876: 0.000153163
84877: 0.000153161
84878: 0.000153159
84879: 0.000153157
84880: 0.000153156
84881: 0.000153154
84882: 0.000153152
84883: 0.00015315
84884: 0.000153148
84885: 0.000153147
84886: 0.000153145
84887: 0.000153143
84888: 0.000153141
84889: 0.000153139
84890: 0.000153138
84891: 0.000153136
84892: 0.000153134
84893: 0.000153132
84894: 0.00015313
84895: 0.000153129
84896: 0.000153127
84897: 0.000153125
84898: 0.000153123
84899: 0.000153121
84900: 0.00015312
84901: 0.000153118
84902: 0.000153116
84903: 0.000153114
84904: 0.000153112
84905: 0.00015311
84906: 0.000153109
84907: 0.000153107
84908: 0.000153105
84909: 0.000153103
84910: 0.000153101
84911: 0.0001531
84912: 0.000153098
84913: 0.000153096
84914: 0.000153094
84915: 0.000153092
84916: 0.000153091
84917: 0.000153089
84918: 0.000153087
84919: 0.000153085
84920: 0.000153083
84921: 0.000153082
84922: 0.00015308
84923: 0.000153078
84924: 0.000153076
84925: 0.000153074
84926: 0.000153073
84927: 0.000153071
84928: 0.000153069
84929: 0.000153067
84930: 0.000153065
84931: 0.000153064
84932: 0.000153062
84933: 0.00015306
84934: 0.000153058
84935: 0.000153056
84936: 0.000153055
84937: 0.000153053
84938: 0.000153051
84939: 0.000153049
84940: 0.000153047
84941: 0.000153046
84942: 0.000153044
84943: 0.000153042
84944: 0.00015304
84945: 0.000153038
84946: 0.000153037
84947: 0.000153035
84948: 0.000153033
84949: 0.000153031
84950: 0.000153029
84951: 0.000153028
84952: 0.000153026
84953: 0.000153024
84954: 0.000153022
84955: 0.00015302
84956: 0.000153019
84957: 0.000153017
84958: 0.000153015
84959: 0.000153013
84960: 0.000153011
84961: 0.00015301
84962: 0.000153008
84963: 0.000153006
84964: 0.000153004
84965: 0.000153002
84966: 0.000153001
84967: 0.000152999
84968: 0.000152997
84969: 0.000152995
84970: 0.000152993
84971: 0.000152992
84972: 0.00015299
84973: 0.000152988
84974: 0.000152986
84975: 0.000152984
84976: 0.000152983
84977: 0.000152981
84978: 0.000152979
84979: 0.000152977
84980: 0.000152975
84981: 0.000152974
84982: 0.000152972
84983: 0.00015297
84984: 0.000152968
84985: 0.000152966
84986: 0.000152965
84987: 0.000152963
84988: 0.000152961
84989: 0.000152959
84990: 0.000152957
84991: 0.000152956
84992: 0.000152954
84993: 0.000152952
84994: 0.00015295
84995: 0.000152948
84996: 0.000152947
84997: 0.000152945
84998: 0.000152943
84999: 0.000152941
85000: 0.000152939
85001: 0.000152938
85002: 0.000152936
85003: 0.000152934
85004: 0.000152932
85005: 0.00015293
85006: 0.000152929
85007: 0.000152927
85008: 0.000152925
85009: 0.000152923
85010: 0.000152921
85011: 0.00015292
85012: 0.000152918
85013: 0.000152916
85014: 0.000152914
85015: 0.000152912
85016: 0.000152911
85017: 0.000152909
85018: 0.000152907
85019: 0.000152905
85020: 0.000152903
85021: 0.000152902
85022: 0.0001529
85023: 0.000152898
85024: 0.000152896
85025: 0.000152894
85026: 0.000152893
85027: 0.000152891
85028: 0.000152889
85029: 0.000152887
85030: 0.000152885
85031: 0.000152884
85032: 0.000152882
85033: 0.00015288
85034: 0.000152878
85035: 0.000152876
85036: 0.000152875
85037: 0.000152873
85038: 0.000152871
85039: 0.000152869
85040: 0.000152867
85041: 0.000152866
85042: 0.000152864
85043: 0.000152862
85044: 0.00015286
85045: 0.000152858
85046: 0.000152857
85047: 0.000152855
85048: 0.000152853
85049: 0.000152851
85050: 0.000152849
85051: 0.000152848
85052: 0.000152846
85053: 0.000152844
85054: 0.000152842
85055: 0.00015284
85056: 0.000152839
85057: 0.000152837
85058: 0.000152835
85059: 0.000152833
85060: 0.000152831
85061: 0.00015283
85062: 0.000152828
85063: 0.000152826
85064: 0.000152824
85065: 0.000152823
85066: 0.000152821
85067: 0.000152819
85068: 0.000152817
85069: 0.000152815
85070: 0.000152814
85071: 0.000152812
85072: 0.00015281
85073: 0.000152808
85074: 0.000152806
85075: 0.000152805
85076: 0.000152803
85077: 0.000152801
85078: 0.000152799
85079: 0.000152797
85080: 0.000152796
85081: 0.000152794
85082: 0.000152792
85083: 0.00015279
85084: 0.000152788
85085: 0.000152787
85086: 0.000152785
85087: 0.000152783
85088: 0.000152781
85089: 0.000152779
85090: 0.000152778
85091: 0.000152776
85092: 0.000152774
85093: 0.000152772
85094: 0.00015277
85095: 0.000152769
85096: 0.000152767
85097: 0.000152765
85098: 0.000152763
85099: 0.000152761
85100: 0.00015276
85101: 0.000152758
85102: 0.000152756
85103: 0.000152754
85104: 0.000152752
85105: 0.000152751
85106: 0.000152749
85107: 0.000152747
85108: 0.000152745
85109: 0.000152744
85110: 0.000152742
85111: 0.00015274
85112: 0.000152738
85113: 0.000152736
85114: 0.000152735
85115: 0.000152733
85116: 0.000152731
85117: 0.000152729
85118: 0.000152727
85119: 0.000152726
85120: 0.000152724
85121: 0.000152722
85122: 0.00015272
85123: 0.000152718
85124: 0.000152717
85125: 0.000152715
85126: 0.000152713
85127: 0.000152711
85128: 0.000152709
85129: 0.000152708
85130: 0.000152706
85131: 0.000152704
85132: 0.000152702
85133: 0.0001527
85134: 0.000152699
85135: 0.000152697
85136: 0.000152695
85137: 0.000152693
85138: 0.000152691
85139: 0.00015269
85140: 0.000152688
85141: 0.000152686
85142: 0.000152684
85143: 0.000152683
85144: 0.000152681
85145: 0.000152679
85146: 0.000152677
85147: 0.000152675
85148: 0.000152674
85149: 0.000152672
85150: 0.00015267
85151: 0.000152668
85152: 0.000152666
85153: 0.000152665
85154: 0.000152663
85155: 0.000152661
85156: 0.000152659
85157: 0.000152657
85158: 0.000152656
85159: 0.000152654
85160: 0.000152652
85161: 0.00015265
85162: 0.000152648
85163: 0.000152647
85164: 0.000152645
85165: 0.000152643
85166: 0.000152641
85167: 0.000152639
85168: 0.000152638
85169: 0.000152636
85170: 0.000152634
85171: 0.000152632
85172: 0.000152631
85173: 0.000152629
85174: 0.000152627
85175: 0.000152625
85176: 0.000152623
85177: 0.000152622
85178: 0.00015262
85179: 0.000152618
85180: 0.000152616
85181: 0.000152614
85182: 0.000152613
85183: 0.000152611
85184: 0.000152609
85185: 0.000152607
85186: 0.000152605
85187: 0.000152604
85188: 0.000152602
85189: 0.0001526
85190: 0.000152598
85191: 0.000152596
85192: 0.000152595
85193: 0.000152593
85194: 0.000152591
85195: 0.000152589
85196: 0.000152588
85197: 0.000152586
85198: 0.000152584
85199: 0.000152582
85200: 0.00015258
85201: 0.000152579
85202: 0.000152577
85203: 0.000152575
85204: 0.000152573
85205: 0.000152571
85206: 0.00015257
85207: 0.000152568
85208: 0.000152566
85209: 0.000152564
85210: 0.000152562
85211: 0.000152561
85212: 0.000152559
85213: 0.000152557
85214: 0.000152555
85215: 0.000152554
85216: 0.000152552
85217: 0.00015255
85218: 0.000152548
85219: 0.000152546
85220: 0.000152545
85221: 0.000152543
85222: 0.000152541
85223: 0.000152539
85224: 0.000152537
85225: 0.000152536
85226: 0.000152534
85227: 0.000152532
85228: 0.00015253
85229: 0.000152528
85230: 0.000152527
85231: 0.000152525
85232: 0.000152523
85233: 0.000152521
85234: 0.00015252
85235: 0.000152518
85236: 0.000152516
85237: 0.000152514
85238: 0.000152512
85239: 0.000152511
85240: 0.000152509
85241: 0.000152507
85242: 0.000152505
85243: 0.000152503
85244: 0.000152502
85245: 0.0001525
85246: 0.000152498
85247: 0.000152496
85248: 0.000152494
85249: 0.000152493
85250: 0.000152491
85251: 0.000152489
85252: 0.000152487
85253: 0.000152486
85254: 0.000152484
85255: 0.000152482
85256: 0.00015248
85257: 0.000152478
85258: 0.000152477
85259: 0.000152475
85260: 0.000152473
85261: 0.000152471
85262: 0.000152469
85263: 0.000152468
85264: 0.000152466
85265: 0.000152464
85266: 0.000152462
85267: 0.00015246
85268: 0.000152459
85269: 0.000152457
85270: 0.000152455
85271: 0.000152453
85272: 0.000152452
85273: 0.00015245
85274: 0.000152448
85275: 0.000152446
85276: 0.000152444
85277: 0.000152443
85278: 0.000152441
85279: 0.000152439
85280: 0.000152437
85281: 0.000152435
85282: 0.000152434
85283: 0.000152432
85284: 0.00015243
85285: 0.000152428
85286: 0.000152427
85287: 0.000152425
85288: 0.000152423
85289: 0.000152421
85290: 0.000152419
85291: 0.000152418
85292: 0.000152416
85293: 0.000152414
85294: 0.000152412
85295: 0.00015241
85296: 0.000152409
85297: 0.000152407
85298: 0.000152405
85299: 0.000152403
85300: 0.000152401
85301: 0.0001524
85302: 0.000152398
85303: 0.000152396
85304: 0.000152394
85305: 0.000152393
85306: 0.000152391
85307: 0.000152389
85308: 0.000152387
85309: 0.000152385
85310: 0.000152384
85311: 0.000152382
85312: 0.00015238
85313: 0.000152378
85314: 0.000152376
85315: 0.000152375
85316: 0.000152373
85317: 0.000152371
85318: 0.000152369
85319: 0.000152368
85320: 0.000152366
85321: 0.000152364
85322: 0.000152362
85323: 0.00015236
85324: 0.000152359
85325: 0.000152357
85326: 0.000152355
85327: 0.000152353
85328: 0.000152351
85329: 0.00015235
85330: 0.000152348
85331: 0.000152346
85332: 0.000152344
85333: 0.000152343
85334: 0.000152341
85335: 0.000152339
85336: 0.000152337
85337: 0.000152335
85338: 0.000152334
85339: 0.000152332
85340: 0.00015233
85341: 0.000152328
85342: 0.000152326
85343: 0.000152325
85344: 0.000152323
85345: 0.000152321
85346: 0.000152319
85347: 0.000152318
85348: 0.000152316
85349: 0.000152314
85350: 0.000152312
85351: 0.00015231
85352: 0.000152309
85353: 0.000152307
85354: 0.000152305
85355: 0.000152303
85356: 0.000152302
85357: 0.0001523
85358: 0.000152298
85359: 0.000152296
85360: 0.000152294
85361: 0.000152293
85362: 0.000152291
85363: 0.000152289
85364: 0.000152287
85365: 0.000152285
85366: 0.000152284
85367: 0.000152282
85368: 0.00015228
85369: 0.000152278
85370: 0.000152277
85371: 0.000152275
85372: 0.000152273
85373: 0.000152271
85374: 0.000152269
85375: 0.000152268
85376: 0.000152266
85377: 0.000152264
85378: 0.000152262
85379: 0.00015226
85380: 0.000152259
85381: 0.000152257
85382: 0.000152255
85383: 0.000152253
85384: 0.000152252
85385: 0.00015225
85386: 0.000152248
85387: 0.000152246
85388: 0.000152244
85389: 0.000152243
85390: 0.000152241
85391: 0.000152239
85392: 0.000152237
85393: 0.000152236
85394: 0.000152234
85395: 0.000152232
85396: 0.00015223
85397: 0.000152228
85398: 0.000152227
85399: 0.000152225
85400: 0.000152223
85401: 0.000152221
85402: 0.000152219
85403: 0.000152218
85404: 0.000152216
85405: 0.000152214
85406: 0.000152212
85407: 0.000152211
85408: 0.000152209
85409: 0.000152207
85410: 0.000152205
85411: 0.000152203
85412: 0.000152202
85413: 0.0001522
85414: 0.000152198
85415: 0.000152196
85416: 0.000152195
85417: 0.000152193
85418: 0.000152191
85419: 0.000152189
85420: 0.000152187
85421: 0.000152186
85422: 0.000152184
85423: 0.000152182
85424: 0.00015218
85425: 0.000152178
85426: 0.000152177
85427: 0.000152175
85428: 0.000152173
85429: 0.000152171
85430: 0.00015217
85431: 0.000152168
85432: 0.000152166
85433: 0.000152164
85434: 0.000152162
85435: 0.000152161
85436: 0.000152159
85437: 0.000152157
85438: 0.000152155
85439: 0.000152154
85440: 0.000152152
85441: 0.00015215
85442: 0.000152148
85443: 0.000152146
85444: 0.000152145
85445: 0.000152143
85446: 0.000152141
85447: 0.000152139
85448: 0.000152138
85449: 0.000152136
85450: 0.000152134
85451: 0.000152132
85452: 0.00015213
85453: 0.000152129
85454: 0.000152127
85455: 0.000152125
85456: 0.000152123
85457: 0.000152122
85458: 0.00015212
85459: 0.000152118
85460: 0.000152116
85461: 0.000152114
85462: 0.000152113
85463: 0.000152111
85464: 0.000152109
85465: 0.000152107
85466: 0.000152105
85467: 0.000152104
85468: 0.000152102
85469: 0.0001521
85470: 0.000152098
85471: 0.000152097
85472: 0.000152095
85473: 0.000152093
85474: 0.000152091
85475: 0.000152089
85476: 0.000152088
85477: 0.000152086
85478: 0.000152084
85479: 0.000152082
85480: 0.000152081
85481: 0.000152079
85482: 0.000152077
85483: 0.000152075
85484: 0.000152073
85485: 0.000152072
85486: 0.00015207
85487: 0.000152068
85488: 0.000152066
85489: 0.000152065
85490: 0.000152063
85491: 0.000152061
85492: 0.000152059
85493: 0.000152057
85494: 0.000152056
85495: 0.000152054
85496: 0.000152052
85497: 0.00015205
85498: 0.000152049
85499: 0.000152047
85500: 0.000152045
85501: 0.000152043
85502: 0.000152041
85503: 0.00015204
85504: 0.000152038
85505: 0.000152036
85506: 0.000152034
85507: 0.000152033
85508: 0.000152031
85509: 0.000152029
85510: 0.000152027
85511: 0.000152025
85512: 0.000152024
85513: 0.000152022
85514: 0.00015202
85515: 0.000152018
85516: 0.000152017
85517: 0.000152015
85518: 0.000152013
85519: 0.000152011
85520: 0.000152009
85521: 0.000152008
85522: 0.000152006
85523: 0.000152004
85524: 0.000152002
85525: 0.000152001
85526: 0.000151999
85527: 0.000151997
85528: 0.000151995
85529: 0.000151993
85530: 0.000151992
85531: 0.00015199
85532: 0.000151988
85533: 0.000151986
85534: 0.000151985
85535: 0.000151983
85536: 0.000151981
85537: 0.000151979
85538: 0.000151977
85539: 0.000151976
85540: 0.000151974
85541: 0.000151972
85542: 0.00015197
85543: 0.000151969
85544: 0.000151967
85545: 0.000151965
85546: 0.000151963
85547: 0.000151961
85548: 0.00015196
85549: 0.000151958
85550: 0.000151956
85551: 0.000151954
85552: 0.000151953
85553: 0.000151951
85554: 0.000151949
85555: 0.000151947
85556: 0.000151945
85557: 0.000151944
85558: 0.000151942
85559: 0.00015194
85560: 0.000151938
85561: 0.000151937
85562: 0.000151935
85563: 0.000151933
85564: 0.000151931
85565: 0.00015193
85566: 0.000151928
85567: 0.000151926
85568: 0.000151924
85569: 0.000151922
85570: 0.000151921
85571: 0.000151919
85572: 0.000151917
85573: 0.000151915
85574: 0.000151914
85575: 0.000151912
85576: 0.00015191
85577: 0.000151908
85578: 0.000151906
85579: 0.000151905
85580: 0.000151903
85581: 0.000151901
85582: 0.000151899
85583: 0.000151898
85584: 0.000151896
85585: 0.000151894
85586: 0.000151892
85587: 0.00015189
85588: 0.000151889
85589: 0.000151887
85590: 0.000151885
85591: 0.000151883
85592: 0.000151882
85593: 0.00015188
85594: 0.000151878
85595: 0.000151876
85596: 0.000151874
85597: 0.000151873
85598: 0.000151871
85599: 0.000151869
85600: 0.000151867
85601: 0.000151866
85602: 0.000151864
85603: 0.000151862
85604: 0.00015186
85605: 0.000151859
85606: 0.000151857
85607: 0.000151855
85608: 0.000151853
85609: 0.000151851
85610: 0.00015185
85611: 0.000151848
85612: 0.000151846
85613: 0.000151844
85614: 0.000151843
85615: 0.000151841
85616: 0.000151839
85617: 0.000151837
85618: 0.000151835
85619: 0.000151834
85620: 0.000151832
85621: 0.00015183
85622: 0.000151828
85623: 0.000151827
85624: 0.000151825
85625: 0.000151823
85626: 0.000151821
85627: 0.000151819
85628: 0.000151818
85629: 0.000151816
85630: 0.000151814
85631: 0.000151812
85632: 0.000151811
85633: 0.000151809
85634: 0.000151807
85635: 0.000151805
85636: 0.000151804
85637: 0.000151802
85638: 0.0001518
85639: 0.000151798
85640: 0.000151796
85641: 0.000151795
85642: 0.000151793
85643: 0.000151791
85644: 0.000151789
85645: 0.000151788
85646: 0.000151786
85647: 0.000151784
85648: 0.000151782
85649: 0.000151781
85650: 0.000151779
85651: 0.000151777
85652: 0.000151775
85653: 0.000151773
85654: 0.000151772
85655: 0.00015177
85656: 0.000151768
85657: 0.000151766
85658: 0.000151765
85659: 0.000151763
85660: 0.000151761
85661: 0.000151759
85662: 0.000151757
85663: 0.000151756
85664: 0.000151754
85665: 0.000151752
85666: 0.00015175
85667: 0.000151749
85668: 0.000151747
85669: 0.000151745
85670: 0.000151743
85671: 0.000151742
85672: 0.00015174
85673: 0.000151738
85674: 0.000151736
85675: 0.000151734
85676: 0.000151733
85677: 0.000151731
85678: 0.000151729
85679: 0.000151727
85680: 0.000151726
85681: 0.000151724
85682: 0.000151722
85683: 0.00015172
85684: 0.000151719
85685: 0.000151717
85686: 0.000151715
85687: 0.000151713
85688: 0.000151711
85689: 0.00015171
85690: 0.000151708
85691: 0.000151706
85692: 0.000151704
85693: 0.000151703
85694: 0.000151701
85695: 0.000151699
85696: 0.000151697
85697: 0.000151695
85698: 0.000151694
85699: 0.000151692
85700: 0.00015169
85701: 0.000151688
85702: 0.000151687
85703: 0.000151685
85704: 0.000151683
85705: 0.000151681
85706: 0.00015168
85707: 0.000151678
85708: 0.000151676
85709: 0.000151674
85710: 0.000151672
85711: 0.000151671
85712: 0.000151669
85713: 0.000151667
85714: 0.000151665
85715: 0.000151664
85716: 0.000151662
85717: 0.00015166
85718: 0.000151658
85719: 0.000151657
85720: 0.000151655
85721: 0.000151653
85722: 0.000151651
85723: 0.000151649
85724: 0.000151648
85725: 0.000151646
85726: 0.000151644
85727: 0.000151642
85728: 0.000151641
85729: 0.000151639
85730: 0.000151637
85731: 0.000151635
85732: 0.000151634
85733: 0.000151632
85734: 0.00015163
85735: 0.000151628
85736: 0.000151626
85737: 0.000151625
85738: 0.000151623
85739: 0.000151621
85740: 0.000151619
85741: 0.000151618
85742: 0.000151616
85743: 0.000151614
85744: 0.000151612
85745: 0.000151611
85746: 0.000151609
85747: 0.000151607
85748: 0.000151605
85749: 0.000151603
85750: 0.000151602
85751: 0.0001516
85752: 0.000151598
85753: 0.000151596
85754: 0.000151595
85755: 0.000151593
85756: 0.000151591
85757: 0.000151589
85758: 0.000151588
85759: 0.000151586
85760: 0.000151584
85761: 0.000151582
85762: 0.000151581
85763: 0.000151579
85764: 0.000151577
85765: 0.000151575
85766: 0.000151573
85767: 0.000151572
85768: 0.00015157
85769: 0.000151568
85770: 0.000151566
85771: 0.000151565
85772: 0.000151563
85773: 0.000151561
85774: 0.000151559
85775: 0.000151558
85776: 0.000151556
85777: 0.000151554
85778: 0.000151552
85779: 0.00015155
85780: 0.000151549
85781: 0.000151547
85782: 0.000151545
85783: 0.000151543
85784: 0.000151542
85785: 0.00015154
85786: 0.000151538
85787: 0.000151536
85788: 0.000151535
85789: 0.000151533
85790: 0.000151531
85791: 0.000151529
85792: 0.000151528
85793: 0.000151526
85794: 0.000151524
85795: 0.000151522
85796: 0.00015152
85797: 0.000151519
85798: 0.000151517
85799: 0.000151515
85800: 0.000151513
85801: 0.000151512
85802: 0.00015151
85803: 0.000151508
85804: 0.000151506
85805: 0.000151505
85806: 0.000151503
85807: 0.000151501
85808: 0.000151499
85809: 0.000151497
85810: 0.000151496
85811: 0.000151494
85812: 0.000151492
85813: 0.00015149
85814: 0.000151489
85815: 0.000151487
85816: 0.000151485
85817: 0.000151483
85818: 0.000151482
85819: 0.00015148
85820: 0.000151478
85821: 0.000151476
85822: 0.000151475
85823: 0.000151473
85824: 0.000151471
85825: 0.000151469
85826: 0.000151467
85827: 0.000151466
85828: 0.000151464
85829: 0.000151462
85830: 0.00015146
85831: 0.000151459
85832: 0.000151457
85833: 0.000151455
85834: 0.000151453
85835: 0.000151452
85836: 0.00015145
85837: 0.000151448
85838: 0.000151446
85839: 0.000151445
85840: 0.000151443
85841: 0.000151441
85842: 0.000151439
85843: 0.000151437
85844: 0.000151436
85845: 0.000151434
85846: 0.000151432
85847: 0.00015143
85848: 0.000151429
85849: 0.000151427
85850: 0.000151425
85851: 0.000151423
85852: 0.000151422
85853: 0.00015142
85854: 0.000151418
85855: 0.000151416
85856: 0.000151415
85857: 0.000151413
85858: 0.000151411
85859: 0.000151409
85860: 0.000151408
85861: 0.000151406
85862: 0.000151404
85863: 0.000151402
85864: 0.0001514
85865: 0.000151399
85866: 0.000151397
85867: 0.000151395
85868: 0.000151393
85869: 0.000151392
85870: 0.00015139
85871: 0.000151388
85872: 0.000151386
85873: 0.000151385
85874: 0.000151383
85875: 0.000151381
85876: 0.000151379
85877: 0.000151378
85878: 0.000151376
85879: 0.000151374
85880: 0.000151372
85881: 0.00015137
85882: 0.000151369
85883: 0.000151367
85884: 0.000151365
85885: 0.000151363
85886: 0.000151362
85887: 0.00015136
85888: 0.000151358
85889: 0.000151356
85890: 0.000151355
85891: 0.000151353
85892: 0.000151351
85893: 0.000151349
85894: 0.000151348
85895: 0.000151346
85896: 0.000151344
85897: 0.000151342
85898: 0.000151341
85899: 0.000151339
85900: 0.000151337
85901: 0.000151335
85902: 0.000151333
85903: 0.000151332
85904: 0.00015133
85905: 0.000151328
85906: 0.000151326
85907: 0.000151325
85908: 0.000151323
85909: 0.000151321
85910: 0.000151319
85911: 0.000151318
85912: 0.000151316
85913: 0.000151314
85914: 0.000151312
85915: 0.000151311
85916: 0.000151309
85917: 0.000151307
85918: 0.000151305
85919: 0.000151304
85920: 0.000151302
85921: 0.0001513
85922: 0.000151298
85923: 0.000151296
85924: 0.000151295
85925: 0.000151293
85926: 0.000151291
85927: 0.000151289
85928: 0.000151288
85929: 0.000151286
85930: 0.000151284
85931: 0.000151282
85932: 0.000151281
85933: 0.000151279
85934: 0.000151277
85935: 0.000151275
85936: 0.000151274
85937: 0.000151272
85938: 0.00015127
85939: 0.000151268
85940: 0.000151267
85941: 0.000151265
85942: 0.000151263
85943: 0.000151261
85944: 0.00015126
85945: 0.000151258
85946: 0.000151256
85947: 0.000151254
85948: 0.000151252
85949: 0.000151251
85950: 0.000151249
85951: 0.000151247
85952: 0.000151245
85953: 0.000151244
85954: 0.000151242
85955: 0.00015124
85956: 0.000151238
85957: 0.000151237
85958: 0.000151235
85959: 0.000151233
85960: 0.000151231
85961: 0.00015123
85962: 0.000151228
85963: 0.000151226
85964: 0.000151224
85965: 0.000151223
85966: 0.000151221
85967: 0.000151219
85968: 0.000151217
85969: 0.000151216
85970: 0.000151214
85971: 0.000151212
85972: 0.00015121
85973: 0.000151209
85974: 0.000151207
85975: 0.000151205
85976: 0.000151203
85977: 0.000151201
85978: 0.0001512
85979: 0.000151198
85980: 0.000151196
85981: 0.000151194
85982: 0.000151193
85983: 0.000151191
85984: 0.000151189
85985: 0.000151187
85986: 0.000151186
85987: 0.000151184
85988: 0.000151182
85989: 0.00015118
85990: 0.000151179
85991: 0.000151177
85992: 0.000151175
85993: 0.000151173
85994: 0.000151172
85995: 0.00015117
85996: 0.000151168
85997: 0.000151166
85998: 0.000151165
85999: 0.000151163
86000: 0.000151161
86001: 0.000151159
86002: 0.000151158
86003: 0.000151156
86004: 0.000151154
86005: 0.000151152
86006: 0.00015115
86007: 0.000151149
86008: 0.000151147
86009: 0.000151145
86010: 0.000151143
86011: 0.000151142
86012: 0.00015114
86013: 0.000151138
86014: 0.000151136
86015: 0.000151135
86016: 0.000151133
86017: 0.000151131
86018: 0.000151129
86019: 0.000151128
86020: 0.000151126
86021: 0.000151124
86022: 0.000151122
86023: 0.000151121
86024: 0.000151119
86025: 0.000151117
86026: 0.000151115
86027: 0.000151114
86028: 0.000151112
86029: 0.00015111
86030: 0.000151108
86031: 0.000151107
86032: 0.000151105
86033: 0.000151103
86034: 0.000151101
86035: 0.0001511
86036: 0.000151098
86037: 0.000151096
86038: 0.000151094
86039: 0.000151093
86040: 0.000151091
86041: 0.000151089
86042: 0.000151087
86043: 0.000151085
86044: 0.000151084
86045: 0.000151082
86046: 0.00015108
86047: 0.000151078
86048: 0.000151077
86049: 0.000151075
86050: 0.000151073
86051: 0.000151071
86052: 0.00015107
86053: 0.000151068
86054: 0.000151066
86055: 0.000151064
86056: 0.000151063
86057: 0.000151061
86058: 0.000151059
86059: 0.000151057
86060: 0.000151056
86061: 0.000151054
86062: 0.000151052
86063: 0.00015105
86064: 0.000151049
86065: 0.000151047
86066: 0.000151045
86067: 0.000151043
86068: 0.000151042
86069: 0.00015104
86070: 0.000151038
86071: 0.000151036
86072: 0.000151035
86073: 0.000151033
86074: 0.000151031
86075: 0.000151029
86076: 0.000151028
86077: 0.000151026
86078: 0.000151024
86079: 0.000151022
86080: 0.000151021
86081: 0.000151019
86082: 0.000151017
86083: 0.000151015
86084: 0.000151014
86085: 0.000151012
86086: 0.00015101
86087: 0.000151008
86088: 0.000151007
86089: 0.000151005
86090: 0.000151003
86091: 0.000151001
86092: 0.000151
86093: 0.000150998
86094: 0.000150996
86095: 0.000150994
86096: 0.000150992
86097: 0.000150991
86098: 0.000150989
86099: 0.000150987
86100: 0.000150985
86101: 0.000150984
86102: 0.000150982
86103: 0.00015098
86104: 0.000150978
86105: 0.000150977
86106: 0.000150975
86107: 0.000150973
86108: 0.000150971
86109: 0.00015097
86110: 0.000150968
86111: 0.000150966
86112: 0.000150964
86113: 0.000150963
86114: 0.000150961
86115: 0.000150959
86116: 0.000150957
86117: 0.000150956
86118: 0.000150954
86119: 0.000150952
86120: 0.00015095
86121: 0.000150949
86122: 0.000150947
86123: 0.000150945
86124: 0.000150943
86125: 0.000150942
86126: 0.00015094
86127: 0.000150938
86128: 0.000150936
86129: 0.000150935
86130: 0.000150933
86131: 0.000150931
86132: 0.000150929
86133: 0.000150928
86134: 0.000150926
86135: 0.000150924
86136: 0.000150922
86137: 0.000150921
86138: 0.000150919
86139: 0.000150917
86140: 0.000150915
86141: 0.000150914
86142: 0.000150912
86143: 0.00015091
86144: 0.000150908
86145: 0.000150907
86146: 0.000150905
86147: 0.000150903
86148: 0.000150901
86149: 0.0001509
86150: 0.000150898
86151: 0.000150896
86152: 0.000150894
86153: 0.000150893
86154: 0.000150891
86155: 0.000150889
86156: 0.000150887
86157: 0.000150886
86158: 0.000150884
86159: 0.000150882
86160: 0.00015088
86161: 0.000150879
86162: 0.000150877
86163: 0.000150875
86164: 0.000150873
86165: 0.000150872
86166: 0.00015087
86167: 0.000150868
86168: 0.000150866
86169: 0.000150865
86170: 0.000150863
86171: 0.000150861
86172: 0.000150859
86173: 0.000150858
86174: 0.000150856
86175: 0.000150854
86176: 0.000150852
86177: 0.000150851
86178: 0.000150849
86179: 0.000150847
86180: 0.000150845
86181: 0.000150844
86182: 0.000150842
86183: 0.00015084
86184: 0.000150838
86185: 0.000150837
86186: 0.000150835
86187: 0.000150833
86188: 0.000150831
86189: 0.00015083
86190: 0.000150828
86191: 0.000150826
86192: 0.000150824
86193: 0.000150823
86194: 0.000150821
86195: 0.000150819
86196: 0.000150817
86197: 0.000150816
86198: 0.000150814
86199: 0.000150812
86200: 0.00015081
86201: 0.000150809
86202: 0.000150807
86203: 0.000150805
86204: 0.000150803
86205: 0.000150802
86206: 0.0001508
86207: 0.000150798
86208: 0.000150796
86209: 0.000150795
86210: 0.000150793
86211: 0.000150791
86212: 0.000150789
86213: 0.000150788
86214: 0.000150786
86215: 0.000150784
86216: 0.000150782
86217: 0.000150781
86218: 0.000150779
86219: 0.000150777
86220: 0.000150775
86221: 0.000150774
86222: 0.000150772
86223: 0.00015077
86224: 0.000150768
86225: 0.000150767
86226: 0.000150765
86227: 0.000150763
86228: 0.000150761
86229: 0.00015076
86230: 0.000150758
86231: 0.000150756
86232: 0.000150754
86233: 0.000150753
86234: 0.000150751
86235: 0.000150749
86236: 0.000150747
86237: 0.000150746
86238: 0.000150744
86239: 0.000150742
86240: 0.00015074
86241: 0.000150739
86242: 0.000150737
86243: 0.000150735
86244: 0.000150733
86245: 0.000150732
86246: 0.00015073
86247: 0.000150728
86248: 0.000150726
86249: 0.000150725
86250: 0.000150723
86251: 0.000150721
86252: 0.000150719
86253: 0.000150718
86254: 0.000150716
86255: 0.000150714
86256: 0.000150712
86257: 0.000150711
86258: 0.000150709
86259: 0.000150707
86260: 0.000150705
86261: 0.000150704
86262: 0.000150702
86263: 0.0001507
86264: 0.000150698
86265: 0.000150697
86266: 0.000150695
86267: 0.000150693
86268: 0.000150691
86269: 0.00015069
86270: 0.000150688
86271: 0.000150686
86272: 0.000150684
86273: 0.000150683
86274: 0.000150681
86275: 0.000150679
86276: 0.000150677
86277: 0.000150676
86278: 0.000150674
86279: 0.000150672
86280: 0.00015067
86281: 0.000150669
86282: 0.000150667
86283: 0.000150665
86284: 0.000150663
86285: 0.000150662
86286: 0.00015066
86287: 0.000150658
86288: 0.000150657
86289: 0.000150655
86290: 0.000150653
86291: 0.000150651
86292: 0.00015065
86293: 0.000150648
86294: 0.000150646
86295: 0.000150644
86296: 0.000150643
86297: 0.000150641
86298: 0.000150639
86299: 0.000150637
86300: 0.000150636
86301: 0.000150634
86302: 0.000150632
86303: 0.00015063
86304: 0.000150629
86305: 0.000150627
86306: 0.000150625
86307: 0.000150623
86308: 0.000150622
86309: 0.00015062
86310: 0.000150618
86311: 0.000150616
86312: 0.000150615
86313: 0.000150613
86314: 0.000150611
86315: 0.000150609
86316: 0.000150608
86317: 0.000150606
86318: 0.000150604
86319: 0.000150602
86320: 0.000150601
86321: 0.000150599
86322: 0.000150597
86323: 0.000150595
86324: 0.000150594
86325: 0.000150592
86326: 0.00015059
86327: 0.000150588
86328: 0.000150587
86329: 0.000150585
86330: 0.000150583
86331: 0.000150581
86332: 0.00015058
86333: 0.000150578
86334: 0.000150576
86335: 0.000150574
86336: 0.000150573
86337: 0.000150571
86338: 0.000150569
86339: 0.000150568
86340: 0.000150566
86341: 0.000150564
86342: 0.000150562
86343: 0.000150561
86344: 0.000150559
86345: 0.000150557
86346: 0.000150555
86347: 0.000150554
86348: 0.000150552
86349: 0.00015055
86350: 0.000150548
86351: 0.000150547
86352: 0.000150545
86353: 0.000150543
86354: 0.000150541
86355: 0.00015054
86356: 0.000150538
86357: 0.000150536
86358: 0.000150534
86359: 0.000150533
86360: 0.000150531
86361: 0.000150529
86362: 0.000150527
86363: 0.000150526
86364: 0.000150524
86365: 0.000150522
86366: 0.00015052
86367: 0.000150519
86368: 0.000150517
86369: 0.000150515
86370: 0.000150513
86371: 0.000150512
86372: 0.00015051
86373: 0.000150508
86374: 0.000150507
86375: 0.000150505
86376: 0.000150503
86377: 0.000150501
86378: 0.0001505
86379: 0.000150498
86380: 0.000150496
86381: 0.000150494
86382: 0.000150493
86383: 0.000150491
86384: 0.000150489
86385: 0.000150487
86386: 0.000150486
86387: 0.000150484
86388: 0.000150482
86389: 0.00015048
86390: 0.000150479
86391: 0.000150477
86392: 0.000150475
86393: 0.000150473
86394: 0.000150472
86395: 0.00015047
86396: 0.000150468
86397: 0.000150466
86398: 0.000150465
86399: 0.000150463
86400: 0.000150461
86401: 0.000150459
86402: 0.000150458
86403: 0.000150456
86404: 0.000150454
86405: 0.000150453
86406: 0.000150451
86407: 0.000150449
86408: 0.000150447
86409: 0.000150446
86410: 0.000150444
86411: 0.000150442
86412: 0.00015044
86413: 0.000150439
86414: 0.000150437
86415: 0.000150435
86416: 0.000150433
86417: 0.000150432
86418: 0.00015043
86419: 0.000150428
86420: 0.000150426
86421: 0.000150425
86422: 0.000150423
86423: 0.000150421
86424: 0.000150419
86425: 0.000150418
86426: 0.000150416
86427: 0.000150414
86428: 0.000150412
86429: 0.000150411
86430: 0.000150409
86431: 0.000150407
86432: 0.000150406
86433: 0.000150404
86434: 0.000150402
86435: 0.0001504
86436: 0.000150399
86437: 0.000150397
86438: 0.000150395
86439: 0.000150393
86440: 0.000150392
86441: 0.00015039
86442: 0.000150388
86443: 0.000150386
86444: 0.000150385
86445: 0.000150383
86446: 0.000150381
86447: 0.000150379
86448: 0.000150378
86449: 0.000150376
86450: 0.000150374
86451: 0.000150372
86452: 0.000150371
86453: 0.000150369
86454: 0.000150367
86455: 0.000150366
86456: 0.000150364
86457: 0.000150362
86458: 0.00015036
86459: 0.000150359
86460: 0.000150357
86461: 0.000150355
86462: 0.000150353
86463: 0.000150352
86464: 0.00015035
86465: 0.000150348
86466: 0.000150346
86467: 0.000150345
86468: 0.000150343
86469: 0.000150341
86470: 0.000150339
86471: 0.000150338
86472: 0.000150336
86473: 0.000150334
86474: 0.000150332
86475: 0.000150331
86476: 0.000150329
86477: 0.000150327
86478: 0.000150326
86479: 0.000150324
86480: 0.000150322
86481: 0.00015032
86482: 0.000150319
86483: 0.000150317
86484: 0.000150315
86485: 0.000150313
86486: 0.000150312
86487: 0.00015031
86488: 0.000150308
86489: 0.000150306
86490: 0.000150305
86491: 0.000150303
86492: 0.000150301
86493: 0.000150299
86494: 0.000150298
86495: 0.000150296
86496: 0.000150294
86497: 0.000150292
86498: 0.000150291
86499: 0.000150289
86500: 0.000150287
86501: 0.000150286
86502: 0.000150284
86503: 0.000150282
86504: 0.00015028
86505: 0.000150279
86506: 0.000150277
86507: 0.000150275
86508: 0.000150273
86509: 0.000150272
86510: 0.00015027
86511: 0.000150268
86512: 0.000150266
86513: 0.000150265
86514: 0.000150263
86515: 0.000150261
86516: 0.000150259
86517: 0.000150258
86518: 0.000150256
86519: 0.000150254
86520: 0.000150253
86521: 0.000150251
86522: 0.000150249
86523: 0.000150247
86524: 0.000150246
86525: 0.000150244
86526: 0.000150242
86527: 0.00015024
86528: 0.000150239
86529: 0.000150237
86530: 0.000150235
86531: 0.000150233
86532: 0.000150232
86533: 0.00015023
86534: 0.000150228
86535: 0.000150226
86536: 0.000150225
86537: 0.000150223
86538: 0.000150221
86539: 0.00015022
86540: 0.000150218
86541: 0.000150216
86542: 0.000150214
86543: 0.000150213
86544: 0.000150211
86545: 0.000150209
86546: 0.000150207
86547: 0.000150206
86548: 0.000150204
86549: 0.000150202
86550: 0.0001502
86551: 0.000150199
86552: 0.000150197
86553: 0.000150195
86554: 0.000150194
86555: 0.000150192
86556: 0.00015019
86557: 0.000150188
86558: 0.000150187
86559: 0.000150185
86560: 0.000150183
86561: 0.000150181
86562: 0.00015018
86563: 0.000150178
86564: 0.000150176
86565: 0.000150174
86566: 0.000150173
86567: 0.000150171
86568: 0.000150169
86569: 0.000150167
86570: 0.000150166
86571: 0.000150164
86572: 0.000150162
86573: 0.000150161
86574: 0.000150159
86575: 0.000150157
86576: 0.000150155
86577: 0.000150154
86578: 0.000150152
86579: 0.00015015
86580: 0.000150148
86581: 0.000150147
86582: 0.000150145
86583: 0.000150143
86584: 0.000150141
86585: 0.00015014
86586: 0.000150138
86587: 0.000150136
86588: 0.000150135
86589: 0.000150133
86590: 0.000150131
86591: 0.000150129
86592: 0.000150128
86593: 0.000150126
86594: 0.000150124
86595: 0.000150122
86596: 0.000150121
86597: 0.000150119
86598: 0.000150117
86599: 0.000150115
86600: 0.000150114
86601: 0.000150112
86602: 0.00015011
86603: 0.000150109
86604: 0.000150107
86605: 0.000150105
86606: 0.000150103
86607: 0.000150102
86608: 0.0001501
86609: 0.000150098
86610: 0.000150096
86611: 0.000150095
86612: 0.000150093
86613: 0.000150091
86614: 0.000150089
86615: 0.000150088
86616: 0.000150086
86617: 0.000150084
86618: 0.000150083
86619: 0.000150081
86620: 0.000150079
86621: 0.000150077
86622: 0.000150076
86623: 0.000150074
86624: 0.000150072
86625: 0.00015007
86626: 0.000150069
86627: 0.000150067
86628: 0.000150065
86629: 0.000150063
86630: 0.000150062
86631: 0.00015006
86632: 0.000150058
86633: 0.000150057
86634: 0.000150055
86635: 0.000150053
86636: 0.000150051
86637: 0.00015005
86638: 0.000150048
86639: 0.000150046
86640: 0.000150044
86641: 0.000150043
86642: 0.000150041
86643: 0.000150039
86644: 0.000150038
86645: 0.000150036
86646: 0.000150034
86647: 0.000150032
86648: 0.000150031
86649: 0.000150029
86650: 0.000150027
86651: 0.000150025
86652: 0.000150024
86653: 0.000150022
86654: 0.00015002
86655: 0.000150018
86656: 0.000150017
86657: 0.000150015
86658: 0.000150013
86659: 0.000150012
86660: 0.00015001
86661: 0.000150008
86662: 0.000150006
86663: 0.000150005
86664: 0.000150003
86665: 0.000150001
86666: 0.000149999
86667: 0.000149998
86668: 0.000149996
86669: 0.000149994
86670: 0.000149993
86671: 0.000149991
86672: 0.000149989
86673: 0.000149987
86674: 0.000149986
86675: 0.000149984
86676: 0.000149982
86677: 0.00014998
86678: 0.000149979
86679: 0.000149977
86680: 0.000149975
86681: 0.000149973
86682: 0.000149972
86683: 0.00014997
86684: 0.000149968
86685: 0.000149967
86686: 0.000149965
86687: 0.000149963
86688: 0.000149961
86689: 0.00014996
86690: 0.000149958
86691: 0.000149956
86692: 0.000149954
86693: 0.000149953
86694: 0.000149951
86695: 0.000149949
86696: 0.000149948
86697: 0.000149946
86698: 0.000149944
86699: 0.000149942
86700: 0.000149941
86701: 0.000149939
86702: 0.000149937
86703: 0.000149935
86704: 0.000149934
86705: 0.000149932
86706: 0.00014993
86707: 0.000149928
86708: 0.000149927
86709: 0.000149925
86710: 0.000149923
86711: 0.000149922
86712: 0.00014992
86713: 0.000149918
86714: 0.000149916
86715: 0.000149915
86716: 0.000149913
86717: 0.000149911
86718: 0.000149909
86719: 0.000149908
86720: 0.000149906
86721: 0.000149904
86722: 0.000149903
86723: 0.000149901
86724: 0.000149899
86725: 0.000149897
86726: 0.000149896
86727: 0.000149894
86728: 0.000149892
86729: 0.00014989
86730: 0.000149889
86731: 0.000149887
86732: 0.000149885
86733: 0.000149884
86734: 0.000149882
86735: 0.00014988
86736: 0.000149878
86737: 0.000149877
86738: 0.000149875
86739: 0.000149873
86740: 0.000149871
86741: 0.00014987
86742: 0.000149868
86743: 0.000149866
86744: 0.000149865
86745: 0.000149863
86746: 0.000149861
86747: 0.000149859
86748: 0.000149858
86749: 0.000149856
86750: 0.000149854
86751: 0.000149852
86752: 0.000149851
86753: 0.000149849
86754: 0.000149847
86755: 0.000149846
86756: 0.000149844
86757: 0.000149842
86758: 0.00014984
86759: 0.000149839
86760: 0.000149837
86761: 0.000149835
86762: 0.000149833
86763: 0.000149832
86764: 0.00014983
86765: 0.000149828
86766: 0.000149827
86767: 0.000149825
86768: 0.000149823
86769: 0.000149821
86770: 0.00014982
86771: 0.000149818
86772: 0.000149816
86773: 0.000149814
86774: 0.000149813
86775: 0.000149811
86776: 0.000149809
86777: 0.000149808
86778: 0.000149806
86779: 0.000149804
86780: 0.000149802
86781: 0.000149801
86782: 0.000149799
86783: 0.000149797
86784: 0.000149795
86785: 0.000149794
86786: 0.000149792
86787: 0.00014979
86788: 0.000149789
86789: 0.000149787
86790: 0.000149785
86791: 0.000149783
86792: 0.000149782
86793: 0.00014978
86794: 0.000149778
86795: 0.000149776
86796: 0.000149775
86797: 0.000149773
86798: 0.000149771
86799: 0.00014977
86800: 0.000149768
86801: 0.000149766
86802: 0.000149764
86803: 0.000149763
86804: 0.000149761
86805: 0.000149759
86806: 0.000149758
86807: 0.000149756
86808: 0.000149754
86809: 0.000149752
86810: 0.000149751
86811: 0.000149749
86812: 0.000149747
86813: 0.000149745
86814: 0.000149744
86815: 0.000149742
86816: 0.00014974
86817: 0.000149739
86818: 0.000149737
86819: 0.000149735
86820: 0.000149733
86821: 0.000149732
86822: 0.00014973
86823: 0.000149728
86824: 0.000149726
86825: 0.000149725
86826: 0.000149723
86827: 0.000149721
86828: 0.00014972
86829: 0.000149718
86830: 0.000149716
86831: 0.000149714
86832: 0.000149713
86833: 0.000149711
86834: 0.000149709
86835: 0.000149707
86836: 0.000149706
86837: 0.000149704
86838: 0.000149702
86839: 0.000149701
86840: 0.000149699
86841: 0.000149697
86842: 0.000149695
86843: 0.000149694
86844: 0.000149692
86845: 0.00014969
86846: 0.000149689
86847: 0.000149687
86848: 0.000149685
86849: 0.000149683
86850: 0.000149682
86851: 0.00014968
86852: 0.000149678
86853: 0.000149676
86854: 0.000149675
86855: 0.000149673
86856: 0.000149671
86857: 0.00014967
86858: 0.000149668
86859: 0.000149666
86860: 0.000149664
86861: 0.000149663
86862: 0.000149661
86863: 0.000149659
86864: 0.000149658
86865: 0.000149656
86866: 0.000149654
86867: 0.000149652
86868: 0.000149651
86869: 0.000149649
86870: 0.000149647
86871: 0.000149645
86872: 0.000149644
86873: 0.000149642
86874: 0.00014964
86875: 0.000149639
86876: 0.000149637
86877: 0.000149635
86878: 0.000149633
86879: 0.000149632
86880: 0.00014963
86881: 0.000149628
86882: 0.000149627
86883: 0.000149625
86884: 0.000149623
86885: 0.000149621
86886: 0.00014962
86887: 0.000149618
86888: 0.000149616
86889: 0.000149614
86890: 0.000149613
86891: 0.000149611
86892: 0.000149609
86893: 0.000149608
86894: 0.000149606
86895: 0.000149604
86896: 0.000149602
86897: 0.000149601
86898: 0.000149599
86899: 0.000149597
86900: 0.000149596
86901: 0.000149594
86902: 0.000149592
86903: 0.00014959
86904: 0.000149589
86905: 0.000149587
86906: 0.000149585
86907: 0.000149583
86908: 0.000149582
86909: 0.00014958
86910: 0.000149578
86911: 0.000149577
86912: 0.000149575
86913: 0.000149573
86914: 0.000149571
86915: 0.00014957
86916: 0.000149568
86917: 0.000149566
86918: 0.000149565
86919: 0.000149563
86920: 0.000149561
86921: 0.000149559
86922: 0.000149558
86923: 0.000149556
86924: 0.000149554
86925: 0.000149552
86926: 0.000149551
86927: 0.000149549
86928: 0.000149547
86929: 0.000149546
86930: 0.000149544
86931: 0.000149542
86932: 0.00014954
86933: 0.000149539
86934: 0.000149537
86935: 0.000149535
86936: 0.000149534
86937: 0.000149532
86938: 0.00014953
86939: 0.000149528
86940: 0.000149527
86941: 0.000149525
86942: 0.000149523
86943: 0.000149522
86944: 0.00014952
86945: 0.000149518
86946: 0.000149516
86947: 0.000149515
86948: 0.000149513
86949: 0.000149511
86950: 0.000149509
86951: 0.000149508
86952: 0.000149506
86953: 0.000149504
86954: 0.000149503
86955: 0.000149501
86956: 0.000149499
86957: 0.000149497
86958: 0.000149496
86959: 0.000149494
86960: 0.000149492
86961: 0.000149491
86962: 0.000149489
86963: 0.000149487
86964: 0.000149485
86965: 0.000149484
86966: 0.000149482
86967: 0.00014948
86968: 0.000149479
86969: 0.000149477
86970: 0.000149475
86971: 0.000149473
86972: 0.000149472
86973: 0.00014947
86974: 0.000149468
86975: 0.000149467
86976: 0.000149465
86977: 0.000149463
86978: 0.000149461
86979: 0.00014946
86980: 0.000149458
86981: 0.000149456
86982: 0.000149454
86983: 0.000149453
86984: 0.000149451
86985: 0.000149449
86986: 0.000149448
86987: 0.000149446
86988: 0.000149444
86989: 0.000149442
86990: 0.000149441
86991: 0.000149439
86992: 0.000149437
86993: 0.000149436
86994: 0.000149434
86995: 0.000149432
86996: 0.00014943
86997: 0.000149429
86998: 0.000149427
86999: 0.000149425
87000: 0.000149424
87001: 0.000149422
87002: 0.00014942
87003: 0.000149418
87004: 0.000149417
87005: 0.000149415
87006: 0.000149413
87007: 0.000149412
87008: 0.00014941
87009: 0.000149408
87010: 0.000149406
87011: 0.000149405
87012: 0.000149403
87013: 0.000149401
87014: 0.0001494
87015: 0.000149398
87016: 0.000149396
87017: 0.000149394
87018: 0.000149393
87019: 0.000149391
87020: 0.000149389
87021: 0.000149388
87022: 0.000149386
87023: 0.000149384
87024: 0.000149382
87025: 0.000149381
87026: 0.000149379
87027: 0.000149377
87028: 0.000149375
87029: 0.000149374
87030: 0.000149372
87031: 0.00014937
87032: 0.000149369
87033: 0.000149367
87034: 0.000149365
87035: 0.000149363
87036: 0.000149362
87037: 0.00014936
87038: 0.000149358
87039: 0.000149357
87040: 0.000149355
87041: 0.000149353
87042: 0.000149351
87043: 0.00014935
87044: 0.000149348
87045: 0.000149346
87046: 0.000149345
87047: 0.000149343
87048: 0.000149341
87049: 0.000149339
87050: 0.000149338
87051: 0.000149336
87052: 0.000149334
87053: 0.000149333
87054: 0.000149331
87055: 0.000149329
87056: 0.000149327
87057: 0.000149326
87058: 0.000149324
87059: 0.000149322
87060: 0.000149321
87061: 0.000149319
87062: 0.000149317
87063: 0.000149315
87064: 0.000149314
87065: 0.000149312
87066: 0.00014931
87067: 0.000149309
87068: 0.000149307
87069: 0.000149305
87070: 0.000149303
87071: 0.000149302
87072: 0.0001493
87073: 0.000149298
87074: 0.000149297
87075: 0.000149295
87076: 0.000149293
87077: 0.000149291
87078: 0.00014929
87079: 0.000149288
87080: 0.000149286
87081: 0.000149285
87082: 0.000149283
87083: 0.000149281
87084: 0.000149279
87085: 0.000149278
87086: 0.000149276
87087: 0.000149274
87088: 0.000149273
87089: 0.000149271
87090: 0.000149269
87091: 0.000149267
87092: 0.000149266
87093: 0.000149264
87094: 0.000149262
87095: 0.000149261
87096: 0.000149259
87097: 0.000149257
87098: 0.000149255
87099: 0.000149254
87100: 0.000149252
87101: 0.00014925
87102: 0.000149249
87103: 0.000149247
87104: 0.000149245
87105: 0.000149243
87106: 0.000149242
87107: 0.00014924
87108: 0.000149238
87109: 0.000149237
87110: 0.000149235
87111: 0.000149233
87112: 0.000149231
87113: 0.00014923
87114: 0.000149228
87115: 0.000149226
87116: 0.000149225
87117: 0.000149223
87118: 0.000149221
87119: 0.000149219
87120: 0.000149218
87121: 0.000149216
87122: 0.000149214
87123: 0.000149213
87124: 0.000149211
87125: 0.000149209
87126: 0.000149207
87127: 0.000149206
87128: 0.000149204
87129: 0.000149202
87130: 0.000149201
87131: 0.000149199
87132: 0.000149197
87133: 0.000149195
87134: 0.000149194
87135: 0.000149192
87136: 0.00014919
87137: 0.000149189
87138: 0.000149187
87139: 0.000149185
87140: 0.000149184
87141: 0.000149182
87142: 0.00014918
87143: 0.000149178
87144: 0.000149177
87145: 0.000149175
87146: 0.000149173
87147: 0.000149172
87148: 0.00014917
87149: 0.000149168
87150: 0.000149166
87151: 0.000149165
87152: 0.000149163
87153: 0.000149161
87154: 0.00014916
87155: 0.000149158
87156: 0.000149156
87157: 0.000149154
87158: 0.000149153
87159: 0.000149151
87160: 0.000149149
87161: 0.000149148
87162: 0.000149146
87163: 0.000149144
87164: 0.000149142
87165: 0.000149141
87166: 0.000149139
87167: 0.000149137
87168: 0.000149136
87169: 0.000149134
87170: 0.000149132
87171: 0.00014913
87172: 0.000149129
87173: 0.000149127
87174: 0.000149125
87175: 0.000149124
87176: 0.000149122
87177: 0.00014912
87178: 0.000149118
87179: 0.000149117
87180: 0.000149115
87181: 0.000149113
87182: 0.000149112
87183: 0.00014911
87184: 0.000149108
87185: 0.000149107
87186: 0.000149105
87187: 0.000149103
87188: 0.000149101
87189: 0.0001491
87190: 0.000149098
87191: 0.000149096
87192: 0.000149095
87193: 0.000149093
87194: 0.000149091
87195: 0.000149089
87196: 0.000149088
87197: 0.000149086
87198: 0.000149084
87199: 0.000149083
87200: 0.000149081
87201: 0.000149079
87202: 0.000149077
87203: 0.000149076
87204: 0.000149074
87205: 0.000149072
87206: 0.000149071
87207: 0.000149069
87208: 0.000149067
87209: 0.000149065
87210: 0.000149064
87211: 0.000149062
87212: 0.00014906
87213: 0.000149059
87214: 0.000149057
87215: 0.000149055
87216: 0.000149054
87217: 0.000149052
87218: 0.00014905
87219: 0.000149048
87220: 0.000149047
87221: 0.000149045
87222: 0.000149043
87223: 0.000149042
87224: 0.00014904
87225: 0.000149038
87226: 0.000149036
87227: 0.000149035
87228: 0.000149033
87229: 0.000149031
87230: 0.00014903
87231: 0.000149028
87232: 0.000149026
87233: 0.000149024
87234: 0.000149023
87235: 0.000149021
87236: 0.000149019
87237: 0.000149018
87238: 0.000149016
87239: 0.000149014
87240: 0.000149013
87241: 0.000149011
87242: 0.000149009
87243: 0.000149007
87244: 0.000149006
87245: 0.000149004
87246: 0.000149002
87247: 0.000149001
87248: 0.000148999
87249: 0.000148997
87250: 0.000148995
87251: 0.000148994
87252: 0.000148992
87253: 0.00014899
87254: 0.000148989
87255: 0.000148987
87256: 0.000148985
87257: 0.000148983
87258: 0.000148982
87259: 0.00014898
87260: 0.000148978
87261: 0.000148977
87262: 0.000148975
87263: 0.000148973
87264: 0.000148972
87265: 0.00014897
87266: 0.000148968
87267: 0.000148966
87268: 0.000148965
87269: 0.000148963
87270: 0.000148961
87271: 0.00014896
87272: 0.000148958
87273: 0.000148956
87274: 0.000148954
87275: 0.000148953
87276: 0.000148951
87277: 0.000148949
87278: 0.000148948
87279: 0.000148946
87280: 0.000148944
87281: 0.000148943
87282: 0.000148941
87283: 0.000148939
87284: 0.000148937
87285: 0.000148936
87286: 0.000148934
87287: 0.000148932
87288: 0.000148931
87289: 0.000148929
87290: 0.000148927
87291: 0.000148925
87292: 0.000148924
87293: 0.000148922
87294: 0.00014892
87295: 0.000148919
87296: 0.000148917
87297: 0.000148915
87298: 0.000148914
87299: 0.000148912
87300: 0.00014891
87301: 0.000148908
87302: 0.000148907
87303: 0.000148905
87304: 0.000148903
87305: 0.000148902
87306: 0.0001489
87307: 0.000148898
87308: 0.000148896
87309: 0.000148895
87310: 0.000148893
87311: 0.000148891
87312: 0.00014889
87313: 0.000148888
87314: 0.000148886
87315: 0.000148885
87316: 0.000148883
87317: 0.000148881
87318: 0.000148879
87319: 0.000148878
87320: 0.000148876
87321: 0.000148874
87322: 0.000148873
87323: 0.000148871
87324: 0.000148869
87325: 0.000148867
87326: 0.000148866
87327: 0.000148864
87328: 0.000148862
87329: 0.000148861
87330: 0.000148859
87331: 0.000148857
87332: 0.000148856
87333: 0.000148854
87334: 0.000148852
87335: 0.00014885
87336: 0.000148849
87337: 0.000148847
87338: 0.000148845
87339: 0.000148844
87340: 0.000148842
87341: 0.00014884
87342: 0.000148838
87343: 0.000148837
87344: 0.000148835
87345: 0.000148833
87346: 0.000148832
87347: 0.00014883
87348: 0.000148828
87349: 0.000148827
87350: 0.000148825
87351: 0.000148823
87352: 0.000148821
87353: 0.00014882
87354: 0.000148818
87355: 0.000148816
87356: 0.000148815
87357: 0.000148813
87358: 0.000148811
87359: 0.00014881
87360: 0.000148808
87361: 0.000148806
87362: 0.000148804
87363: 0.000148803
87364: 0.000148801
87365: 0.000148799
87366: 0.000148798
87367: 0.000148796
87368: 0.000148794
87369: 0.000148792
87370: 0.000148791
87371: 0.000148789
87372: 0.000148787
87373: 0.000148786
87374: 0.000148784
87375: 0.000148782
87376: 0.000148781
87377: 0.000148779
87378: 0.000148777
87379: 0.000148775
87380: 0.000148774
87381: 0.000148772
87382: 0.00014877
87383: 0.000148769
87384: 0.000148767
87385: 0.000148765
87386: 0.000148764
87387: 0.000148762
87388: 0.00014876
87389: 0.000148758
87390: 0.000148757
87391: 0.000148755
87392: 0.000148753
87393: 0.000148752
87394: 0.00014875
87395: 0.000148748
87396: 0.000148747
87397: 0.000148745
87398: 0.000148743
87399: 0.000148741
87400: 0.00014874
87401: 0.000148738
87402: 0.000148736
87403: 0.000148735
87404: 0.000148733
87405: 0.000148731
87406: 0.00014873
87407: 0.000148728
87408: 0.000148726
87409: 0.000148724
87410: 0.000148723
87411: 0.000148721
87412: 0.000148719
87413: 0.000148718
87414: 0.000148716
87415: 0.000148714
87416: 0.000148712
87417: 0.000148711
87418: 0.000148709
87419: 0.000148707
87420: 0.000148706
87421: 0.000148704
87422: 0.000148702
87423: 0.000148701
87424: 0.000148699
87425: 0.000148697
87426: 0.000148695
87427: 0.000148694
87428: 0.000148692
87429: 0.00014869
87430: 0.000148689
87431: 0.000148687
87432: 0.000148685
87433: 0.000148684
87434: 0.000148682
87435: 0.00014868
87436: 0.000148678
87437: 0.000148677
87438: 0.000148675
87439: 0.000148673
87440: 0.000148672
87441: 0.00014867
87442: 0.000148668
87443: 0.000148667
87444: 0.000148665
87445: 0.000148663
87446: 0.000148661
87447: 0.00014866
87448: 0.000148658
87449: 0.000148656
87450: 0.000148655
87451: 0.000148653
87452: 0.000148651
87453: 0.00014865
87454: 0.000148648
87455: 0.000148646
87456: 0.000148644
87457: 0.000148643
87458: 0.000148641
87459: 0.000148639
87460: 0.000148638
87461: 0.000148636
87462: 0.000148634
87463: 0.000148633
87464: 0.000148631
87465: 0.000148629
87466: 0.000148627
87467: 0.000148626
87468: 0.000148624
87469: 0.000148622
87470: 0.000148621
87471: 0.000148619
87472: 0.000148617
87473: 0.000148616
87474: 0.000148614
87475: 0.000148612
87476: 0.00014861
87477: 0.000148609
87478: 0.000148607
87479: 0.000148605
87480: 0.000148604
87481: 0.000148602
87482: 0.0001486
87483: 0.000148599
87484: 0.000148597
87485: 0.000148595
87486: 0.000148594
87487: 0.000148592
87488: 0.00014859
87489: 0.000148588
87490: 0.000148587
87491: 0.000148585
87492: 0.000148583
87493: 0.000148582
87494: 0.00014858
87495: 0.000148578
87496: 0.000148577
87497: 0.000148575
87498: 0.000148573
87499: 0.000148571
87500: 0.00014857
87501: 0.000148568
87502: 0.000148566
87503: 0.000148565
87504: 0.000148563
87505: 0.000148561
87506: 0.00014856
87507: 0.000148558
87508: 0.000148556
87509: 0.000148554
87510: 0.000148553
87511: 0.000148551
87512: 0.000148549
87513: 0.000148548
87514: 0.000148546
87515: 0.000148544
87516: 0.000148543
87517: 0.000148541
87518: 0.000148539
87519: 0.000148537
87520: 0.000148536
87521: 0.000148534
87522: 0.000148532
87523: 0.000148531
87524: 0.000148529
87525: 0.000148527
87526: 0.000148526
87527: 0.000148524
87528: 0.000148522
87529: 0.000148521
87530: 0.000148519
87531: 0.000148517
87532: 0.000148515
87533: 0.000148514
87534: 0.000148512
87535: 0.00014851
87536: 0.000148509
87537: 0.000148507
87538: 0.000148505
87539: 0.000148504
87540: 0.000148502
87541: 0.0001485
87542: 0.000148498
87543: 0.000148497
87544: 0.000148495
87545: 0.000148493
87546: 0.000148492
87547: 0.00014849
87548: 0.000148488
87549: 0.000148487
87550: 0.000148485
87551: 0.000148483
87552: 0.000148481
87553: 0.00014848
87554: 0.000148478
87555: 0.000148476
87556: 0.000148475
87557: 0.000148473
87558: 0.000148471
87559: 0.00014847
87560: 0.000148468
87561: 0.000148466
87562: 0.000148465
87563: 0.000148463
87564: 0.000148461
87565: 0.000148459
87566: 0.000148458
87567: 0.000148456
87568: 0.000148454
87569: 0.000148453
87570: 0.000148451
87571: 0.000148449
87572: 0.000148448
87573: 0.000148446
87574: 0.000148444
87575: 0.000148442
87576: 0.000148441
87577: 0.000148439
87578: 0.000148437
87579: 0.000148436
87580: 0.000148434
87581: 0.000148432
87582: 0.000148431
87583: 0.000148429
87584: 0.000148427
87585: 0.000148426
87586: 0.000148424
87587: 0.000148422
87588: 0.00014842
87589: 0.000148419
87590: 0.000148417
87591: 0.000148415
87592: 0.000148414
87593: 0.000148412
87594: 0.00014841
87595: 0.000148409
87596: 0.000148407
87597: 0.000148405
87598: 0.000148404
87599: 0.000148402
87600: 0.0001484
87601: 0.000148398
87602: 0.000148397
87603: 0.000148395
87604: 0.000148393
87605: 0.000148392
87606: 0.00014839
87607: 0.000148388
87608: 0.000148387
87609: 0.000148385
87610: 0.000148383
87611: 0.000148382
87612: 0.00014838
87613: 0.000148378
87614: 0.000148376
87615: 0.000148375
87616: 0.000148373
87617: 0.000148371
87618: 0.00014837
87619: 0.000148368
87620: 0.000148366
87621: 0.000148365
87622: 0.000148363
87623: 0.000148361
87624: 0.000148359
87625: 0.000148358
87626: 0.000148356
87627: 0.000148354
87628: 0.000148353
87629: 0.000148351
87630: 0.000148349
87631: 0.000148348
87632: 0.000148346
87633: 0.000148344
87634: 0.000148343
87635: 0.000148341
87636: 0.000148339
87637: 0.000148337
87638: 0.000148336
87639: 0.000148334
87640: 0.000148332
87641: 0.000148331
87642: 0.000148329
87643: 0.000148327
87644: 0.000148326
87645: 0.000148324
87646: 0.000148322
87647: 0.000148321
87648: 0.000148319
87649: 0.000148317
87650: 0.000148315
87651: 0.000148314
87652: 0.000148312
87653: 0.00014831
87654: 0.000148309
87655: 0.000148307
87656: 0.000148305
87657: 0.000148304
87658: 0.000148302
87659: 0.0001483
87660: 0.000148299
87661: 0.000148297
87662: 0.000148295
87663: 0.000148293
87664: 0.000148292
87665: 0.00014829
87666: 0.000148288
87667: 0.000148287
87668: 0.000148285
87669: 0.000148283
87670: 0.000148282
87671: 0.00014828
87672: 0.000148278
87673: 0.000148277
87674: 0.000148275
87675: 0.000148273
87676: 0.000148271
87677: 0.00014827
87678: 0.000148268
87679: 0.000148266
87680: 0.000148265
87681: 0.000148263
87682: 0.000148261
87683: 0.00014826
87684: 0.000148258
87685: 0.000148256
87686: 0.000148255
87687: 0.000148253
87688: 0.000148251
87689: 0.00014825
87690: 0.000148248
87691: 0.000148246
87692: 0.000148244
87693: 0.000148243
87694: 0.000148241
87695: 0.000148239
87696: 0.000148238
87697: 0.000148236
87698: 0.000148234
87699: 0.000148233
87700: 0.000148231
87701: 0.000148229
87702: 0.000148228
87703: 0.000148226
87704: 0.000148224
87705: 0.000148222
87706: 0.000148221
87707: 0.000148219
87708: 0.000148217
87709: 0.000148216
87710: 0.000148214
87711: 0.000148212
87712: 0.000148211
87713: 0.000148209
87714: 0.000148207
87715: 0.000148206
87716: 0.000148204
87717: 0.000148202
87718: 0.000148201
87719: 0.000148199
87720: 0.000148197
87721: 0.000148195
87722: 0.000148194
87723: 0.000148192
87724: 0.00014819
87725: 0.000148189
87726: 0.000148187
87727: 0.000148185
87728: 0.000148184
87729: 0.000148182
87730: 0.00014818
87731: 0.000148179
87732: 0.000148177
87733: 0.000148175
87734: 0.000148173
87735: 0.000148172
87736: 0.00014817
87737: 0.000148168
87738: 0.000148167
87739: 0.000148165
87740: 0.000148163
87741: 0.000148162
87742: 0.00014816
87743: 0.000148158
87744: 0.000148157
87745: 0.000148155
87746: 0.000148153
87747: 0.000148152
87748: 0.00014815
87749: 0.000148148
87750: 0.000148146
87751: 0.000148145
87752: 0.000148143
87753: 0.000148141
87754: 0.00014814
87755: 0.000148138
87756: 0.000148136
87757: 0.000148135
87758: 0.000148133
87759: 0.000148131
87760: 0.00014813
87761: 0.000148128
87762: 0.000148126
87763: 0.000148125
87764: 0.000148123
87765: 0.000148121
87766: 0.000148119
87767: 0.000148118
87768: 0.000148116
87769: 0.000148114
87770: 0.000148113
87771: 0.000148111
87772: 0.000148109
87773: 0.000148108
87774: 0.000148106
87775: 0.000148104
87776: 0.000148103
87777: 0.000148101
87778: 0.000148099
87779: 0.000148098
87780: 0.000148096
87781: 0.000148094
87782: 0.000148092
87783: 0.000148091
87784: 0.000148089
87785: 0.000148087
87786: 0.000148086
87787: 0.000148084
87788: 0.000148082
87789: 0.000148081
87790: 0.000148079
87791: 0.000148077
87792: 0.000148076
87793: 0.000148074
87794: 0.000148072
87795: 0.000148071
87796: 0.000148069
87797: 0.000148067
87798: 0.000148065
87799: 0.000148064
87800: 0.000148062
87801: 0.00014806
87802: 0.000148059
87803: 0.000148057
87804: 0.000148055
87805: 0.000148054
87806: 0.000148052
87807: 0.00014805
87808: 0.000148049
87809: 0.000148047
87810: 0.000148045
87811: 0.000148044
87812: 0.000148042
87813: 0.00014804
87814: 0.000148038
87815: 0.000148037
87816: 0.000148035
87817: 0.000148033
87818: 0.000148032
87819: 0.00014803
87820: 0.000148028
87821: 0.000148027
87822: 0.000148025
87823: 0.000148023
87824: 0.000148022
87825: 0.00014802
87826: 0.000148018
87827: 0.000148017
87828: 0.000148015
87829: 0.000148013
87830: 0.000148012
87831: 0.00014801
87832: 0.000148008
87833: 0.000148006
87834: 0.000148005
87835: 0.000148003
87836: 0.000148001
87837: 0.000148
87838: 0.000147998
87839: 0.000147996
87840: 0.000147995
87841: 0.000147993
87842: 0.000147991
87843: 0.00014799
87844: 0.000147988
87845: 0.000147986
87846: 0.000147985
87847: 0.000147983
87848: 0.000147981
87849: 0.00014798
87850: 0.000147978
87851: 0.000147976
87852: 0.000147974
87853: 0.000147973
87854: 0.000147971
87855: 0.000147969
87856: 0.000147968
87857: 0.000147966
87858: 0.000147964
87859: 0.000147963
87860: 0.000147961
87861: 0.000147959
87862: 0.000147958
87863: 0.000147956
87864: 0.000147954
87865: 0.000147953
87866: 0.000147951
87867: 0.000147949
87868: 0.000147948
87869: 0.000147946
87870: 0.000147944
87871: 0.000147942
87872: 0.000147941
87873: 0.000147939
87874: 0.000147937
87875: 0.000147936
87876: 0.000147934
87877: 0.000147932
87878: 0.000147931
87879: 0.000147929
87880: 0.000147927
87881: 0.000147926
87882: 0.000147924
87883: 0.000147922
87884: 0.000147921
87885: 0.000147919
87886: 0.000147917
87887: 0.000147916
87888: 0.000147914
87889: 0.000147912
87890: 0.00014791
87891: 0.000147909
87892: 0.000147907
87893: 0.000147905
87894: 0.000147904
87895: 0.000147902
87896: 0.0001479
87897: 0.000147899
87898: 0.000147897
87899: 0.000147895
87900: 0.000147894
87901: 0.000147892
87902: 0.00014789
87903: 0.000147889
87904: 0.000147887
87905: 0.000147885
87906: 0.000147884
87907: 0.000147882
87908: 0.00014788
87909: 0.000147879
87910: 0.000147877
87911: 0.000147875
87912: 0.000147873
87913: 0.000147872
87914: 0.00014787
87915: 0.000147868
87916: 0.000147867
87917: 0.000147865
87918: 0.000147863
87919: 0.000147862
87920: 0.00014786
87921: 0.000147858
87922: 0.000147857
87923: 0.000147855
87924: 0.000147853
87925: 0.000147852
87926: 0.00014785
87927: 0.000147848
87928: 0.000147847
87929: 0.000147845
87930: 0.000147843
87931: 0.000147842
87932: 0.00014784
87933: 0.000147838
87934: 0.000147836
87935: 0.000147835
87936: 0.000147833
87937: 0.000147831
87938: 0.00014783
87939: 0.000147828
87940: 0.000147826
87941: 0.000147825
87942: 0.000147823
87943: 0.000147821
87944: 0.00014782
87945: 0.000147818
87946: 0.000147816
87947: 0.000147815
87948: 0.000147813
87949: 0.000147811
87950: 0.00014781
87951: 0.000147808
87952: 0.000147806
87953: 0.000147805
87954: 0.000147803
87955: 0.000147801
87956: 0.000147799
87957: 0.000147798
87958: 0.000147796
87959: 0.000147794
87960: 0.000147793
87961: 0.000147791
87962: 0.000147789
87963: 0.000147788
87964: 0.000147786
87965: 0.000147784
87966: 0.000147783
87967: 0.000147781
87968: 0.000147779
87969: 0.000147778
87970: 0.000147776
87971: 0.000147774
87972: 0.000147773
87973: 0.000147771
87974: 0.000147769
87975: 0.000147768
87976: 0.000147766
87977: 0.000147764
87978: 0.000147763
87979: 0.000147761
87980: 0.000147759
87981: 0.000147757
87982: 0.000147756
87983: 0.000147754
87984: 0.000147752
87985: 0.000147751
87986: 0.000147749
87987: 0.000147747
87988: 0.000147746
87989: 0.000147744
87990: 0.000147742
87991: 0.000147741
87992: 0.000147739
87993: 0.000147737
87994: 0.000147736
87995: 0.000147734
87996: 0.000147732
87997: 0.000147731
87998: 0.000147729
87999: 0.000147727
88000: 0.000147726
88001: 0.000147724
88002: 0.000147722
88003: 0.000147721
88004: 0.000147719
88005: 0.000147717
88006: 0.000147716
88007: 0.000147714
88008: 0.000147712
88009: 0.00014771
88010: 0.000147709
88011: 0.000147707
88012: 0.000147705
88013: 0.000147704
88014: 0.000147702
88015: 0.0001477
88016: 0.000147699
88017: 0.000147697
88018: 0.000147695
88019: 0.000147694
88020: 0.000147692
88021: 0.00014769
88022: 0.000147689
88023: 0.000147687
88024: 0.000147685
88025: 0.000147684
88026: 0.000147682
88027: 0.00014768
88028: 0.000147679
88029: 0.000147677
88030: 0.000147675
88031: 0.000147674
88032: 0.000147672
88033: 0.00014767
88034: 0.000147669
88035: 0.000147667
88036: 0.000147665
88037: 0.000147664
88038: 0.000147662
88039: 0.00014766
88040: 0.000147658
88041: 0.000147657
88042: 0.000147655
88043: 0.000147653
88044: 0.000147652
88045: 0.00014765
88046: 0.000147648
88047: 0.000147647
88048: 0.000147645
88049: 0.000147643
88050: 0.000147642
88051: 0.00014764
88052: 0.000147638
88053: 0.000147637
88054: 0.000147635
88055: 0.000147633
88056: 0.000147632
88057: 0.00014763
88058: 0.000147628
88059: 0.000147627
88060: 0.000147625
88061: 0.000147623
88062: 0.000147622
88063: 0.00014762
88064: 0.000147618
88065: 0.000147617
88066: 0.000147615
88067: 0.000147613
88068: 0.000147612
88069: 0.00014761
88070: 0.000147608
88071: 0.000147607
88072: 0.000147605
88073: 0.000147603
88074: 0.000147601
88075: 0.0001476
88076: 0.000147598
88077: 0.000147596
88078: 0.000147595
88079: 0.000147593
88080: 0.000147591
88081: 0.00014759
88082: 0.000147588
88083: 0.000147586
88084: 0.000147585
88085: 0.000147583
88086: 0.000147581
88087: 0.00014758
88088: 0.000147578
88089: 0.000147576
88090: 0.000147575
88091: 0.000147573
88092: 0.000147571
88093: 0.00014757
88094: 0.000147568
88095: 0.000147566
88096: 0.000147565
88097: 0.000147563
88098: 0.000147561
88099: 0.00014756
88100: 0.000147558
88101: 0.000147556
88102: 0.000147555
88103: 0.000147553
88104: 0.000147551
88105: 0.00014755
88106: 0.000147548
88107: 0.000147546
88108: 0.000147545
88109: 0.000147543
88110: 0.000147541
88111: 0.000147539
88112: 0.000147538
88113: 0.000147536
88114: 0.000147534
88115: 0.000147533
88116: 0.000147531
88117: 0.000147529
88118: 0.000147528
88119: 0.000147526
88120: 0.000147524
88121: 0.000147523
88122: 0.000147521
88123: 0.000147519
88124: 0.000147518
88125: 0.000147516
88126: 0.000147514
88127: 0.000147513
88128: 0.000147511
88129: 0.000147509
88130: 0.000147508
88131: 0.000147506
88132: 0.000147504
88133: 0.000147503
88134: 0.000147501
88135: 0.000147499
88136: 0.000147498
88137: 0.000147496
88138: 0.000147494
88139: 0.000147493
88140: 0.000147491
88141: 0.000147489
88142: 0.000147488
88143: 0.000147486
88144: 0.000147484
88145: 0.000147483
88146: 0.000147481
88147: 0.000147479
88148: 0.000147478
88149: 0.000147476
88150: 0.000147474
88151: 0.000147473
88152: 0.000147471
88153: 0.000147469
88154: 0.000147468
88155: 0.000147466
88156: 0.000147464
88157: 0.000147463
88158: 0.000147461
88159: 0.000147459
88160: 0.000147457
88161: 0.000147456
88162: 0.000147454
88163: 0.000147452
88164: 0.000147451
88165: 0.000147449
88166: 0.000147447
88167: 0.000147446
88168: 0.000147444
88169: 0.000147442
88170: 0.000147441
88171: 0.000147439
88172: 0.000147437
88173: 0.000147436
88174: 0.000147434
88175: 0.000147432
88176: 0.000147431
88177: 0.000147429
88178: 0.000147427
88179: 0.000147426
88180: 0.000147424
88181: 0.000147422
88182: 0.000147421
88183: 0.000147419
88184: 0.000147417
88185: 0.000147416
88186: 0.000147414
88187: 0.000147412
88188: 0.000147411
88189: 0.000147409
88190: 0.000147407
88191: 0.000147406
88192: 0.000147404
88193: 0.000147402
88194: 0.000147401
88195: 0.000147399
88196: 0.000147397
88197: 0.000147396
88198: 0.000147394
88199: 0.000147392
88200: 0.000147391
88201: 0.000147389
88202: 0.000147387
88203: 0.000147386
88204: 0.000147384
88205: 0.000147382
88206: 0.000147381
88207: 0.000147379
88208: 0.000147377
88209: 0.000147376
88210: 0.000147374
88211: 0.000147372
88212: 0.000147371
88213: 0.000147369
88214: 0.000147367
88215: 0.000147366
88216: 0.000147364
88217: 0.000147362
88218: 0.000147361
88219: 0.000147359
88220: 0.000147357
88221: 0.000147356
88222: 0.000147354
88223: 0.000147352
88224: 0.000147351
88225: 0.000147349
88226: 0.000147347
88227: 0.000147346
88228: 0.000147344
88229: 0.000147342
88230: 0.000147341
88231: 0.000147339
88232: 0.000147337
88233: 0.000147335
88234: 0.000147334
88235: 0.000147332
88236: 0.00014733
88237: 0.000147329
88238: 0.000147327
88239: 0.000147325
88240: 0.000147324
88241: 0.000147322
88242: 0.00014732
88243: 0.000147319
88244: 0.000147317
88245: 0.000147315
88246: 0.000147314
88247: 0.000147312
88248: 0.00014731
88249: 0.000147309
88250: 0.000147307
88251: 0.000147305
88252: 0.000147304
88253: 0.000147302
88254: 0.0001473
88255: 0.000147299
88256: 0.000147297
88257: 0.000147295
88258: 0.000147294
88259: 0.000147292
88260: 0.00014729
88261: 0.000147289
88262: 0.000147287
88263: 0.000147285
88264: 0.000147284
88265: 0.000147282
88266: 0.00014728
88267: 0.000147279
88268: 0.000147277
88269: 0.000147275
88270: 0.000147274
88271: 0.000147272
88272: 0.00014727
88273: 0.000147269
88274: 0.000147267
88275: 0.000147265
88276: 0.000147264
88277: 0.000147262
88278: 0.00014726
88279: 0.000147259
88280: 0.000147257
88281: 0.000147255
88282: 0.000147254
88283: 0.000147252
88284: 0.00014725
88285: 0.000147249
88286: 0.000147247
88287: 0.000147245
88288: 0.000147244
88289: 0.000147242
88290: 0.00014724
88291: 0.000147239
88292: 0.000147237
88293: 0.000147235
88294: 0.000147234
88295: 0.000147232
88296: 0.00014723
88297: 0.000147229
88298: 0.000147227
88299: 0.000147225
88300: 0.000147224
88301: 0.000147222
88302: 0.00014722
88303: 0.000147219
88304: 0.000147217
88305: 0.000147215
88306: 0.000147214
88307: 0.000147212
88308: 0.00014721
88309: 0.000147209
88310: 0.000147207
88311: 0.000147205
88312: 0.000147204
88313: 0.000147202
88314: 0.0001472
88315: 0.000147199
88316: 0.000147197
88317: 0.000147195
88318: 0.000147194
88319: 0.000147192
88320: 0.00014719
88321: 0.000147189
88322: 0.000147187
88323: 0.000147185
88324: 0.000147184
88325: 0.000147182
88326: 0.00014718
88327: 0.000147179
88328: 0.000147177
88329: 0.000147175
88330: 0.000147174
88331: 0.000147172
88332: 0.00014717
88333: 0.000147169
88334: 0.000147167
88335: 0.000147165
88336: 0.000147164
88337: 0.000147162
88338: 0.00014716
88339: 0.000147159
88340: 0.000147157
88341: 0.000147155
88342: 0.000147154
88343: 0.000147152
88344: 0.00014715
88345: 0.000147149
88346: 0.000147147
88347: 0.000147145
88348: 0.000147144
88349: 0.000147142
88350: 0.00014714
88351: 0.000147139
88352: 0.000147137
88353: 0.000147135
88354: 0.000147134
88355: 0.000147132
88356: 0.00014713
88357: 0.000147129
88358: 0.000147127
88359: 0.000147125
88360: 0.000147124
88361: 0.000147122
88362: 0.00014712
88363: 0.000147119
88364: 0.000147117
88365: 0.000147115
88366: 0.000147114
88367: 0.000147112
88368: 0.00014711
88369: 0.000147109
88370: 0.000147107
88371: 0.000147105
88372: 0.000147104
88373: 0.000147102
88374: 0.0001471
88375: 0.000147099
88376: 0.000147097
88377: 0.000147095
88378: 0.000147094
88379: 0.000147092
88380: 0.00014709
88381: 0.000147089
88382: 0.000147087
88383: 0.000147085
88384: 0.000147084
88385: 0.000147082
88386: 0.00014708
88387: 0.000147079
88388: 0.000147077
88389: 0.000147075
88390: 0.000147074
88391: 0.000147072
88392: 0.00014707
88393: 0.000147069
88394: 0.000147067
88395: 0.000147065
88396: 0.000147064
88397: 0.000147062
88398: 0.00014706
88399: 0.000147059
88400: 0.000147057
88401: 0.000147055
88402: 0.000147054
88403: 0.000147052
88404: 0.000147051
88405: 0.000147049
88406: 0.000147047
88407: 0.000147046
88408: 0.000147044
88409: 0.000147042
88410: 0.000147041
88411: 0.000147039
88412: 0.000147037
88413: 0.000147036
88414: 0.000147034
88415: 0.000147032
88416: 0.000147031
88417: 0.000147029
88418: 0.000147027
88419: 0.000147026
88420: 0.000147024
88421: 0.000147022
88422: 0.000147021
88423: 0.000147019
88424: 0.000147017
88425: 0.000147016
88426: 0.000147014
88427: 0.000147012
88428: 0.000147011
88429: 0.000147009
88430: 0.000147007
88431: 0.000147006
88432: 0.000147004
88433: 0.000147002
88434: 0.000147001
88435: 0.000146999
88436: 0.000146997
88437: 0.000146996
88438: 0.000146994
88439: 0.000146992
88440: 0.000146991
88441: 0.000146989
88442: 0.000146987
88443: 0.000146986
88444: 0.000146984
88445: 0.000146982
88446: 0.000146981
88447: 0.000146979
88448: 0.000146977
88449: 0.000146976
88450: 0.000146974
88451: 0.000146972
88452: 0.000146971
88453: 0.000146969
88454: 0.000146967
88455: 0.000146966
88456: 0.000146964
88457: 0.000146962
88458: 0.000146961
88459: 0.000146959
88460: 0.000146957
88461: 0.000146956
88462: 0.000146954
88463: 0.000146952
88464: 0.000146951
88465: 0.000146949
88466: 0.000146947
88467: 0.000146946
88468: 0.000146944
88469: 0.000146942
88470: 0.000146941
88471: 0.000146939
88472: 0.000146937
88473: 0.000146936
88474: 0.000146934
88475: 0.000146933
88476: 0.000146931
88477: 0.000146929
88478: 0.000146928
88479: 0.000146926
88480: 0.000146924
88481: 0.000146923
88482: 0.000146921
88483: 0.000146919
88484: 0.000146918
88485: 0.000146916
88486: 0.000146914
88487: 0.000146913
88488: 0.000146911
88489: 0.000146909
88490: 0.000146908
88491: 0.000146906
88492: 0.000146904
88493: 0.000146903
88494: 0.000146901
88495: 0.000146899
88496: 0.000146898
88497: 0.000146896
88498: 0.000146894
88499: 0.000146893
88500: 0.000146891
88501: 0.000146889
88502: 0.000146888
88503: 0.000146886
88504: 0.000146884
88505: 0.000146883
88506: 0.000146881
88507: 0.000146879
88508: 0.000146878
88509: 0.000146876
88510: 0.000146874
88511: 0.000146873
88512: 0.000146871
88513: 0.000146869
88514: 0.000146868
88515: 0.000146866
88516: 0.000146864
88517: 0.000146863
88518: 0.000146861
88519: 0.000146859
88520: 0.000146858
88521: 0.000146856
88522: 0.000146854
88523: 0.000146853
88524: 0.000146851
88525: 0.00014685
88526: 0.000146848
88527: 0.000146846
88528: 0.000146845
88529: 0.000146843
88530: 0.000146841
88531: 0.00014684
88532: 0.000146838
88533: 0.000146836
88534: 0.000146835
88535: 0.000146833
88536: 0.000146831
88537: 0.00014683
88538: 0.000146828
88539: 0.000146826
88540: 0.000146825
88541: 0.000146823
88542: 0.000146821
88543: 0.00014682
88544: 0.000146818
88545: 0.000146816
88546: 0.000146815
88547: 0.000146813
88548: 0.000146811
88549: 0.00014681
88550: 0.000146808
88551: 0.000146806
88552: 0.000146805
88553: 0.000146803
88554: 0.000146801
88555: 0.0001468
88556: 0.000146798
88557: 0.000146796
88558: 0.000146795
88559: 0.000146793
88560: 0.000146791
88561: 0.00014679
88562: 0.000146788
88563: 0.000146787
88564: 0.000146785
88565: 0.000146783
88566: 0.000146782
88567: 0.00014678
88568: 0.000146778
88569: 0.000146777
88570: 0.000146775
88571: 0.000146773
88572: 0.000146772
88573: 0.00014677
88574: 0.000146768
88575: 0.000146767
88576: 0.000146765
88577: 0.000146763
88578: 0.000146762
88579: 0.00014676
88580: 0.000146758
88581: 0.000146757
88582: 0.000146755
88583: 0.000146753
88584: 0.000146752
88585: 0.00014675
88586: 0.000146748
88587: 0.000146747
88588: 0.000146745
88589: 0.000146743
88590: 0.000146742
88591: 0.00014674
88592: 0.000146738
88593: 0.000146737
88594: 0.000146735
88595: 0.000146733
88596: 0.000146732
88597: 0.00014673
88598: 0.000146729
88599: 0.000146727
88600: 0.000146725
88601: 0.000146724
88602: 0.000146722
88603: 0.00014672
88604: 0.000146719
88605: 0.000146717
88606: 0.000146715
88607: 0.000146714
88608: 0.000146712
88609: 0.00014671
88610: 0.000146709
88611: 0.000146707
88612: 0.000146705
88613: 0.000146704
88614: 0.000146702
88615: 0.0001467
88616: 0.000146699
88617: 0.000146697
88618: 0.000146695
88619: 0.000146694
88620: 0.000146692
88621: 0.00014669
88622: 0.000146689
88623: 0.000146687
88624: 0.000146685
88625: 0.000146684
88626: 0.000146682
88627: 0.000146681
88628: 0.000146679
88629: 0.000146677
88630: 0.000146676
88631: 0.000146674
88632: 0.000146672
88633: 0.000146671
88634: 0.000146669
88635: 0.000146667
88636: 0.000146666
88637: 0.000146664
88638: 0.000146662
88639: 0.000146661
88640: 0.000146659
88641: 0.000146657
88642: 0.000146656
88643: 0.000146654
88644: 0.000146652
88645: 0.000146651
88646: 0.000146649
88647: 0.000146647
88648: 0.000146646
88649: 0.000146644
88650: 0.000146642
88651: 0.000146641
88652: 0.000146639
88653: 0.000146637
88654: 0.000146636
88655: 0.000146634
88656: 0.000146633
88657: 0.000146631
88658: 0.000146629
88659: 0.000146628
88660: 0.000146626
88661: 0.000146624
88662: 0.000146623
88663: 0.000146621
88664: 0.000146619
88665: 0.000146618
88666: 0.000146616
88667: 0.000146614
88668: 0.000146613
88669: 0.000146611
88670: 0.000146609
88671: 0.000146608
88672: 0.000146606
88673: 0.000146604
88674: 0.000146603
88675: 0.000146601
88676: 0.000146599
88677: 0.000146598
88678: 0.000146596
88679: 0.000146594
88680: 0.000146593
88681: 0.000146591
88682: 0.00014659
88683: 0.000146588
88684: 0.000146586
88685: 0.000146585
88686: 0.000146583
88687: 0.000146581
88688: 0.00014658
88689: 0.000146578
88690: 0.000146576
88691: 0.000146575
88692: 0.000146573
88693: 0.000146571
88694: 0.00014657
88695: 0.000146568
88696: 0.000146566
88697: 0.000146565
88698: 0.000146563
88699: 0.000146561
88700: 0.00014656
88701: 0.000146558
88702: 0.000146556
88703: 0.000146555
88704: 0.000146553
88705: 0.000146552
88706: 0.00014655
88707: 0.000146548
88708: 0.000146547
88709: 0.000146545
88710: 0.000146543
88711: 0.000146542
88712: 0.00014654
88713: 0.000146538
88714: 0.000146537
88715: 0.000146535
88716: 0.000146533
88717: 0.000146532
88718: 0.00014653
88719: 0.000146528
88720: 0.000146527
88721: 0.000146525
88722: 0.000146523
88723: 0.000146522
88724: 0.00014652
88725: 0.000146518
88726: 0.000146517
88727: 0.000146515
88728: 0.000146514
88729: 0.000146512
88730: 0.00014651
88731: 0.000146509
88732: 0.000146507
88733: 0.000146505
88734: 0.000146504
88735: 0.000146502
88736: 0.0001465
88737: 0.000146499
88738: 0.000146497
88739: 0.000146495
88740: 0.000146494
88741: 0.000146492
88742: 0.00014649
88743: 0.000146489
88744: 0.000146487
88745: 0.000146485
88746: 0.000146484
88747: 0.000146482
88748: 0.000146481
88749: 0.000146479
88750: 0.000146477
88751: 0.000146476
88752: 0.000146474
88753: 0.000146472
88754: 0.000146471
88755: 0.000146469
88756: 0.000146467
88757: 0.000146466
88758: 0.000146464
88759: 0.000146462
88760: 0.000146461
88761: 0.000146459
88762: 0.000146457
88763: 0.000146456
88764: 0.000146454
88765: 0.000146452
88766: 0.000146451
88767: 0.000146449
88768: 0.000146448
88769: 0.000146446
88770: 0.000146444
88771: 0.000146443
88772: 0.000146441
88773: 0.000146439
88774: 0.000146438
88775: 0.000146436
88776: 0.000146434
88777: 0.000146433
88778: 0.000146431
88779: 0.000146429
88780: 0.000146428
88781: 0.000146426
88782: 0.000146424
88783: 0.000146423
88784: 0.000146421
88785: 0.000146419
88786: 0.000146418
88787: 0.000146416
88788: 0.000146415
88789: 0.000146413
88790: 0.000146411
88791: 0.00014641
88792: 0.000146408
88793: 0.000146406
88794: 0.000146405
88795: 0.000146403
88796: 0.000146401
88797: 0.0001464
88798: 0.000146398
88799: 0.000146396
88800: 0.000146395
88801: 0.000146393
88802: 0.000146391
88803: 0.00014639
88804: 0.000146388
88805: 0.000146387
88806: 0.000146385
88807: 0.000146383
88808: 0.000146382
88809: 0.00014638
88810: 0.000146378
88811: 0.000146377
88812: 0.000146375
88813: 0.000146373
88814: 0.000146372
88815: 0.00014637
88816: 0.000146368
88817: 0.000146367
88818: 0.000146365
88819: 0.000146363
88820: 0.000146362
88821: 0.00014636
88822: 0.000146358
88823: 0.000146357
88824: 0.000146355
88825: 0.000146354
88826: 0.000146352
88827: 0.00014635
88828: 0.000146349
88829: 0.000146347
88830: 0.000146345
88831: 0.000146344
88832: 0.000146342
88833: 0.00014634
88834: 0.000146339
88835: 0.000146337
88836: 0.000146335
88837: 0.000146334
88838: 0.000146332
88839: 0.00014633
88840: 0.000146329
88841: 0.000146327
88842: 0.000146326
88843: 0.000146324
88844: 0.000146322
88845: 0.000146321
88846: 0.000146319
88847: 0.000146317
88848: 0.000146316
88849: 0.000146314
88850: 0.000146312
88851: 0.000146311
88852: 0.000146309
88853: 0.000146307
88854: 0.000146306
88855: 0.000146304
88856: 0.000146302
88857: 0.000146301
88858: 0.000146299
88859: 0.000146298
88860: 0.000146296
88861: 0.000146294
88862: 0.000146293
88863: 0.000146291
88864: 0.000146289
88865: 0.000146288
88866: 0.000146286
88867: 0.000146284
88868: 0.000146283
88869: 0.000146281
88870: 0.000146279
88871: 0.000146278
88872: 0.000146276
88873: 0.000146275
88874: 0.000146273
88875: 0.000146271
88876: 0.00014627
88877: 0.000146268
88878: 0.000146266
88879: 0.000146265
88880: 0.000146263
88881: 0.000146261
88882: 0.00014626
88883: 0.000146258
88884: 0.000146256
88885: 0.000146255
88886: 0.000146253
88887: 0.000146251
88888: 0.00014625
88889: 0.000146248
88890: 0.000146247
88891: 0.000146245
88892: 0.000146243
88893: 0.000146242
88894: 0.00014624
88895: 0.000146238
88896: 0.000146237
88897: 0.000146235
88898: 0.000146233
88899: 0.000146232
88900: 0.00014623
88901: 0.000146228
88902: 0.000146227
88903: 0.000146225
88904: 0.000146223
88905: 0.000146222
88906: 0.00014622
88907: 0.000146219
88908: 0.000146217
88909: 0.000146215
88910: 0.000146214
88911: 0.000146212
88912: 0.00014621
88913: 0.000146209
88914: 0.000146207
88915: 0.000146205
88916: 0.000146204
88917: 0.000146202
88918: 0.0001462
88919: 0.000146199
88920: 0.000146197
88921: 0.000146196
88922: 0.000146194
88923: 0.000146192
88924: 0.000146191
88925: 0.000146189
88926: 0.000146187
88927: 0.000146186
88928: 0.000146184
88929: 0.000146182
88930: 0.000146181
88931: 0.000146179
88932: 0.000146177
88933: 0.000146176
88934: 0.000146174
88935: 0.000146173
88936: 0.000146171
88937: 0.000146169
88938: 0.000146168
88939: 0.000146166
88940: 0.000146164
88941: 0.000146163
88942: 0.000146161
88943: 0.000146159
88944: 0.000146158
88945: 0.000146156
88946: 0.000146154
88947: 0.000146153
88948: 0.000146151
88949: 0.00014615
88950: 0.000146148
88951: 0.000146146
88952: 0.000146145
88953: 0.000146143
88954: 0.000146141
88955: 0.00014614
88956: 0.000146138
88957: 0.000146136
88958: 0.000146135
88959: 0.000146133
88960: 0.000146131
88961: 0.00014613
88962: 0.000146128
88963: 0.000146127
88964: 0.000146125
88965: 0.000146123
88966: 0.000146122
88967: 0.00014612
88968: 0.000146118
88969: 0.000146117
88970: 0.000146115
88971: 0.000146113
88972: 0.000146112
88973: 0.00014611
88974: 0.000146108
88975: 0.000146107
88976: 0.000146105
88977: 0.000146104
88978: 0.000146102
88979: 0.0001461
88980: 0.000146099
88981: 0.000146097
88982: 0.000146095
88983: 0.000146094
88984: 0.000146092
88985: 0.00014609
88986: 0.000146089
88987: 0.000146087
88988: 0.000146085
88989: 0.000146084
88990: 0.000146082
88991: 0.000146081
88992: 0.000146079
88993: 0.000146077
88994: 0.000146076
88995: 0.000146074
88996: 0.000146072
88997: 0.000146071
88998: 0.000146069
88999: 0.000146067
89000: 0.000146066
89001: 0.000146064
89002: 0.000146062
89003: 0.000146061
89004: 0.000146059
89005: 0.000146058
89006: 0.000146056
89007: 0.000146054
89008: 0.000146053
89009: 0.000146051
89010: 0.000146049
89011: 0.000146048
89012: 0.000146046
89013: 0.000146044
89014: 0.000146043
89015: 0.000146041
89016: 0.00014604
89017: 0.000146038
89018: 0.000146036
89019: 0.000146035
89020: 0.000146033
89021: 0.000146031
89022: 0.00014603
89023: 0.000146028
89024: 0.000146026
89025: 0.000146025
89026: 0.000146023
89027: 0.000146021
89028: 0.00014602
89029: 0.000146018
89030: 0.000146017
89031: 0.000146015
89032: 0.000146013
89033: 0.000146012
89034: 0.00014601
89035: 0.000146008
89036: 0.000146007
89037: 0.000146005
89038: 0.000146003
89039: 0.000146002
89040: 0.000146
89041: 0.000145999
89042: 0.000145997
89043: 0.000145995
89044: 0.000145994
89045: 0.000145992
89046: 0.00014599
89047: 0.000145989
89048: 0.000145987
89049: 0.000145985
89050: 0.000145984
89051: 0.000145982
89052: 0.00014598
89053: 0.000145979
89054: 0.000145977
89055: 0.000145976
89056: 0.000145974
89057: 0.000145972
89058: 0.000145971
89059: 0.000145969
89060: 0.000145967
89061: 0.000145966
89062: 0.000145964
89063: 0.000145962
89064: 0.000145961
89065: 0.000145959
89066: 0.000145958
89067: 0.000145956
89068: 0.000145954
89069: 0.000145953
89070: 0.000145951
89071: 0.000145949
89072: 0.000145948
89073: 0.000145946
89074: 0.000145944
89075: 0.000145943
89076: 0.000145941
89077: 0.00014594
89078: 0.000145938
89079: 0.000145936
89080: 0.000145935
89081: 0.000145933
89082: 0.000145931
89083: 0.00014593
89084: 0.000145928
89085: 0.000145926
89086: 0.000145925
89087: 0.000145923
89088: 0.000145921
89089: 0.00014592
89090: 0.000145918
89091: 0.000145917
89092: 0.000145915
89093: 0.000145913
89094: 0.000145912
89095: 0.00014591
89096: 0.000145908
89097: 0.000145907
89098: 0.000145905
89099: 0.000145903
89100: 0.000145902
89101: 0.0001459
89102: 0.000145899
89103: 0.000145897
89104: 0.000145895
89105: 0.000145894
89106: 0.000145892
89107: 0.00014589
89108: 0.000145889
89109: 0.000145887
89110: 0.000145885
89111: 0.000145884
89112: 0.000145882
89113: 0.000145881
89114: 0.000145879
89115: 0.000145877
89116: 0.000145876
89117: 0.000145874
89118: 0.000145872
89119: 0.000145871
89120: 0.000145869
89121: 0.000145867
89122: 0.000145866
89123: 0.000145864
89124: 0.000145863
89125: 0.000145861
89126: 0.000145859
89127: 0.000145858
89128: 0.000145856
89129: 0.000145854
89130: 0.000145853
89131: 0.000145851
89132: 0.000145849
89133: 0.000145848
89134: 0.000145846
89135: 0.000145845
89136: 0.000145843
89137: 0.000145841
89138: 0.00014584
89139: 0.000145838
89140: 0.000145836
89141: 0.000145835
89142: 0.000145833
89143: 0.000145831
89144: 0.00014583
89145: 0.000145828
89146: 0.000145827
89147: 0.000145825
89148: 0.000145823
89149: 0.000145822
89150: 0.00014582
89151: 0.000145818
89152: 0.000145817
89153: 0.000145815
89154: 0.000145813
89155: 0.000145812
89156: 0.00014581
89157: 0.000145809
89158: 0.000145807
89159: 0.000145805
89160: 0.000145804
89161: 0.000145802
89162: 0.0001458
89163: 0.000145799
89164: 0.000145797
89165: 0.000145795
89166: 0.000145794
89167: 0.000145792
89168: 0.000145791
89169: 0.000145789
89170: 0.000145787
89171: 0.000145786
89172: 0.000145784
89173: 0.000145782
89174: 0.000145781
89175: 0.000145779
89176: 0.000145777
89177: 0.000145776
89178: 0.000145774
89179: 0.000145773
89180: 0.000145771
89181: 0.000145769
89182: 0.000145768
89183: 0.000145766
89184: 0.000145764
89185: 0.000145763
89186: 0.000145761
89187: 0.00014576
89188: 0.000145758
89189: 0.000145756
89190: 0.000145755
89191: 0.000145753
89192: 0.000145751
89193: 0.00014575
89194: 0.000145748
89195: 0.000145746
89196: 0.000145745
89197: 0.000145743
89198: 0.000145742
89199: 0.00014574
89200: 0.000145738
89201: 0.000145737
89202: 0.000145735
89203: 0.000145733
89204: 0.000145732
89205: 0.00014573
89206: 0.000145728
89207: 0.000145727
89208: 0.000145725
89209: 0.000145724
89210: 0.000145722
89211: 0.00014572
89212: 0.000145719
89213: 0.000145717
89214: 0.000145715
89215: 0.000145714
89216: 0.000145712
89217: 0.000145711
89218: 0.000145709
89219: 0.000145707
89220: 0.000145706
89221: 0.000145704
89222: 0.000145702
89223: 0.000145701
89224: 0.000145699
89225: 0.000145697
89226: 0.000145696
89227: 0.000145694
89228: 0.000145693
89229: 0.000145691
89230: 0.000145689
89231: 0.000145688
89232: 0.000145686
89233: 0.000145684
89234: 0.000145683
89235: 0.000145681
89236: 0.000145679
89237: 0.000145678
89238: 0.000145676
89239: 0.000145675
89240: 0.000145673
89241: 0.000145671
89242: 0.00014567
89243: 0.000145668
89244: 0.000145666
89245: 0.000145665
89246: 0.000145663
89247: 0.000156866
89248: 0.000156865
89249: 0.000156863
89250: 0.000156861
89251: 0.000156859
89252: 0.000156857
89253: 0.000156856
89254: 0.000156854
89255: 0.000156852
89256: 0.00015685
89257: 0.000156849
89258: 0.000156847
89259: 0.000156845
89260: 0.000156843
89261: 0.000156842
89262: 0.00015684
89263: 0.000156838
89264: 0.000156836
89265: 0.000156835
89266: 0.000156833
89267: 0.000156831
89268: 0.000156829
89269: 0.000156828
89270: 0.000156826
89271: 0.000156824
89272: 0.000156822
89273: 0.000156821
89274: 0.000156819
89275: 0.000156817
89276: 0.000156815
89277: 0.000156814
89278: 0.000156812
89279: 0.00015681
89280: 0.000156808
89281: 0.000156807
89282: 0.000156805
89283: 0.000156803
89284: 0.000156801
89285: 0.000156799
89286: 0.000156798
89287: 0.000156796
89288: 0.000156794
89289: 0.000156792
89290: 0.000156791
89291: 0.000156789
89292: 0.000156787
89293: 0.000156785
89294: 0.000156784
89295: 0.000156782
89296: 0.00015678
89297: 0.000156778
89298: 0.000156777
89299: 0.000156775
89300: 0.000156773
89301: 0.000156771
89302: 0.00015677
89303: 0.000156768
89304: 0.000156766
89305: 0.000156764
89306: 0.000156763
89307: 0.000156761
89308: 0.000156759
89309: 0.000156757
89310: 0.000156756
89311: 0.000156754
89312: 0.000156752
89313: 0.00015675
89314: 0.000156749
89315: 0.000156747
89316: 0.000156745
89317: 0.000156743
89318: 0.000156742
89319: 0.00015674
89320: 0.000156738
89321: 0.000156736
89322: 0.000156735
89323: 0.000156733
89324: 0.000156731
89325: 0.000156729
89326: 0.000156728
89327: 0.000156726
89328: 0.000156724
89329: 0.000156722
89330: 0.000156721
89331: 0.000156719
89332: 0.000156717
89333: 0.000156715
89334: 0.000156713
89335: 0.000156712
89336: 0.00015671
89337: 0.000156708
89338: 0.000156706
89339: 0.000156705
89340: 0.000156703
89341: 0.000156701
89342: 0.000156699
89343: 0.000156698
89344: 0.000156696
89345: 0.000156694
89346: 0.000156692
89347: 0.000156691
89348: 0.000156689
89349: 0.000156687
89350: 0.000156685
89351: 0.000156684
89352: 0.000156682
89353: 0.00015668
89354: 0.000156678
89355: 0.000156677
89356: 0.000156675
89357: 0.000156673
89358: 0.000156671
89359: 0.00015667
89360: 0.000156668
89361: 0.000156666
89362: 0.000156664
89363: 0.000156663
89364: 0.000156661
89365: 0.000156659
89366: 0.000156657
89367: 0.000156656
89368: 0.000156654
89369: 0.000156652
89370: 0.00015665
89371: 0.000156649
89372: 0.000156647
89373: 0.000156645
89374: 0.000156643
89375: 0.000156642
89376: 0.00015664
89377: 0.000156638
89378: 0.000156636
89379: 0.000156635
89380: 0.000156633
89381: 0.000156631
89382: 0.000156629
89383: 0.000156628
89384: 0.000156626
89385: 0.000156624
89386: 0.000156622
89387: 0.000156621
89388: 0.000156619
89389: 0.000156617
89390: 0.000156615
89391: 0.000156614
89392: 0.000156612
89393: 0.00015661
89394: 0.000156608
89395: 0.000156607
89396: 0.000156605
89397: 0.000156603
89398: 0.000156601
89399: 0.0001566
89400: 0.000156598
89401: 0.000156596
89402: 0.000156594
89403: 0.000156593
89404: 0.000156591
89405: 0.000156589
89406: 0.000156587
89407: 0.000156586
89408: 0.000156584
89409: 0.000156582
89410: 0.00015658
89411: 0.000156579
89412: 0.000156577
89413: 0.000156575
89414: 0.000156573
89415: 0.000156572
89416: 0.00015657
89417: 0.000156568
89418: 0.000156566
89419: 0.000156565
89420: 0.000156563
89421: 0.000156561
89422: 0.000156559
89423: 0.000156558
89424: 0.000156556
89425: 0.000156554
89426: 0.000156552
89427: 0.000156551
89428: 0.000156549
89429: 0.000156547
89430: 0.000156545
89431: 0.000156544
89432: 0.000156542
89433: 0.00015654
89434: 0.000156538
89435: 0.000156537
89436: 0.000156535
89437: 0.000156533
89438: 0.000156531
89439: 0.00015653
89440: 0.000156528
89441: 0.000156526
89442: 0.000156524
89443: 0.000156523
89444: 0.000156521
89445: 0.000156519
89446: 0.000156517
89447: 0.000156516
89448: 0.000156514
89449: 0.000156512
89450: 0.00015651
89451: 0.000156509
89452: 0.000156507
89453: 0.000156505
89454: 0.000156503
89455: 0.000156502
89456: 0.0001565
89457: 0.000156498
89458: 0.000156496
89459: 0.000156495
89460: 0.000156493
89461: 0.000156491
89462: 0.000156489
89463: 0.000156488
89464: 0.000156486
89465: 0.000156484
89466: 0.000156482
89467: 0.000156481
89468: 0.000156479
89469: 0.000156477
89470: 0.000156475
89471: 0.000156474
89472: 0.000156472
89473: 0.00015647
89474: 0.000156468
89475: 0.000156467
89476: 0.000156465
89477: 0.000156463
89478: 0.000156461
89479: 0.00015646
89480: 0.000156458
89481: 0.000156456
89482: 0.000156454
89483: 0.000156453
89484: 0.000156451
89485: 0.000156449
89486: 0.000156447
89487: 0.000156446
89488: 0.000156444
89489: 0.000156442
89490: 0.00015644
89491: 0.000156439
89492: 0.000156437
89493: 0.000156435
89494: 0.000156433
89495: 0.000156432
89496: 0.00015643
89497: 0.000156428
89498: 0.000156426
89499: 0.000156425
89500: 0.000156423
89501: 0.000156421
89502: 0.000156419
89503: 0.000156418
89504: 0.000156416
89505: 0.000156414
89506: 0.000156412
89507: 0.000156411
89508: 0.000156409
89509: 0.000156407
89510: 0.000156405
89511: 0.000156404
89512: 0.000156402
89513: 0.0001564
89514: 0.000156398
89515: 0.000156397
89516: 0.000156395
89517: 0.000156393
89518: 0.000156391
89519: 0.00015639
89520: 0.000156388
89521: 0.000156386
89522: 0.000156384
89523: 0.000156383
89524: 0.000156381
89525: 0.000156379
89526: 0.000156377
89527: 0.000156376
89528: 0.000156374
89529: 0.000156372
89530: 0.00015637
89531: 0.000156369
89532: 0.000156367
89533: 0.000156365
89534: 0.000156363
89535: 0.000156362
89536: 0.00015636
89537: 0.000156358
89538: 0.000156356
89539: 0.000156355
89540: 0.000156353
89541: 0.000156351
89542: 0.000156349
89543: 0.000156348
89544: 0.000156346
89545: 0.000156344
89546: 0.000156342
89547: 0.000156341
89548: 0.000156339
89549: 0.000156337
89550: 0.000156335
89551: 0.000156334
89552: 0.000156332
89553: 0.00015633
89554: 0.000156329
89555: 0.000156327
89556: 0.000156325
89557: 0.000156323
89558: 0.000156322
89559: 0.00015632
89560: 0.000156318
89561: 0.000156316
89562: 0.000156315
89563: 0.000156313
89564: 0.000156311
89565: 0.000156309
89566: 0.000156308
89567: 0.000156306
89568: 0.000156304
89569: 0.000156302
89570: 0.000156301
89571: 0.000156299
89572: 0.000156297
89573: 0.000156295
89574: 0.000156294
89575: 0.000156292
89576: 0.00015629
89577: 0.000156288
89578: 0.000156287
89579: 0.000156285
89580: 0.000156283
89581: 0.000156281
89582: 0.00015628
89583: 0.000156278
89584: 0.000156276
89585: 0.000156274
89586: 0.000156273
89587: 0.000156271
89588: 0.000156269
89589: 0.000156267
89590: 0.000156266
89591: 0.000156264
89592: 0.000156262
89593: 0.00015626
89594: 0.000156259
89595: 0.000156257
89596: 0.000156255
89597: 0.000156253
89598: 0.000156252
89599: 0.00015625
89600: 0.000156248
89601: 0.000156247
89602: 0.000156245
89603: 0.000156243
89604: 0.000156241
89605: 0.00015624
89606: 0.000156238
89607: 0.000156236
89608: 0.000156234
89609: 0.000156233
89610: 0.000156231
89611: 0.000156229
89612: 0.000156227
89613: 0.000156226
89614: 0.000156224
89615: 0.000156222
89616: 0.00015622
89617: 0.000156219
89618: 0.000156217
89619: 0.000156215
89620: 0.000156213
89621: 0.000156212
89622: 0.00015621
89623: 0.000156208
89624: 0.000156206
89625: 0.000156205
89626: 0.000156203
89627: 0.000156201
89628: 0.000156199
89629: 0.000156198
89630: 0.000156196
89631: 0.000156194
89632: 0.000156192
89633: 0.000156191
89634: 0.000156189
89635: 0.000156187
89636: 0.000156186
89637: 0.000156184
89638: 0.000156182
89639: 0.00015618
89640: 0.000156179
89641: 0.000156177
89642: 0.000156175
89643: 0.000156173
89644: 0.000156172
89645: 0.00015617
89646: 0.000156168
89647: 0.000156166
89648: 0.000156165
89649: 0.000156163
89650: 0.000156161
89651: 0.000156159
89652: 0.000156158
89653: 0.000156156
89654: 0.000156154
89655: 0.000156152
89656: 0.000156151
89657: 0.000156149
89658: 0.000156147
89659: 0.000156145
89660: 0.000156144
89661: 0.000156142
89662: 0.00015614
89663: 0.000156138
89664: 0.000156137
89665: 0.000156135
89666: 0.000156133
89667: 0.000156132
89668: 0.00015613
89669: 0.000156128
89670: 0.000156126
89671: 0.000156125
89672: 0.000156123
89673: 0.000156121
89674: 0.000156119
89675: 0.000156118
89676: 0.000156116
89677: 0.000156114
89678: 0.000156112
89679: 0.000156111
89680: 0.000156109
89681: 0.000156107
89682: 0.000156105
89683: 0.000156104
89684: 0.000156102
89685: 0.0001561
89686: 0.000156098
89687: 0.000156097
89688: 0.000156095
89689: 0.000156093
89690: 0.000156091
89691: 0.00015609
89692: 0.000156088
89693: 0.000156086
89694: 0.000156085
89695: 0.000156083
89696: 0.000156081
89697: 0.000156079
89698: 0.000156078
89699: 0.000156076
89700: 0.000156074
89701: 0.000156072
89702: 0.000156071
89703: 0.000156069
89704: 0.000156067
89705: 0.000156065
89706: 0.000156064
89707: 0.000156062
89708: 0.00015606
89709: 0.000156058
89710: 0.000156057
89711: 0.000156055
89712: 0.000156053
89713: 0.000156051
89714: 0.00015605
89715: 0.000156048
89716: 0.000156046
89717: 0.000156044
89718: 0.000156043
89719: 0.000156041
89720: 0.000156039
89721: 0.000156038
89722: 0.000156036
89723: 0.000156034
89724: 0.000156032
89725: 0.000156031
89726: 0.000156029
89727: 0.000156027
89728: 0.000156025
89729: 0.000156024
89730: 0.000156022
89731: 0.00015602
89732: 0.000156018
89733: 0.000156017
89734: 0.000156015
89735: 0.000156013
89736: 0.000156011
89737: 0.00015601
89738: 0.000156008
89739: 0.000156006
89740: 0.000156005
89741: 0.000156003
89742: 0.000156001
89743: 0.000155999
89744: 0.000155998
89745: 0.000155996
89746: 0.000155994
89747: 0.000155992
89748: 0.000155991
89749: 0.000155989
89750: 0.000155987
89751: 0.000155985
89752: 0.000155984
89753: 0.000155982
89754: 0.00015598
89755: 0.000155978
89756: 0.000155977
89757: 0.000155975
89758: 0.000155973
89759: 0.000155971
89760: 0.00015597
89761: 0.000155968
89762: 0.000155966
89763: 0.000155965
89764: 0.000155963
89765: 0.000155961
89766: 0.000155959
89767: 0.000155958
89768: 0.000155956
89769: 0.000155954
89770: 0.000155952
89771: 0.000155951
89772: 0.000155949
89773: 0.000155947
89774: 0.000155945
89775: 0.000155944
89776: 0.000155942
89777: 0.00015594
89778: 0.000155938
89779: 0.000155937
89780: 0.000155935
89781: 0.000155933
89782: 0.000155932
89783: 0.00015593
89784: 0.000155928
89785: 0.000155926
89786: 0.000155925
89787: 0.000155923
89788: 0.000155921
89789: 0.000155919
89790: 0.000155918
89791: 0.000155916
89792: 0.000155914
89793: 0.000155912
89794: 0.000155911
89795: 0.000155909
89796: 0.000155907
89797: 0.000155905
89798: 0.000155904
89799: 0.000155902
89800: 0.0001559
89801: 0.000155899
89802: 0.000155897
89803: 0.000155895
89804: 0.000155893
89805: 0.000155892
89806: 0.00015589
89807: 0.000155888
89808: 0.000155886
89809: 0.000155885
89810: 0.000155883
89811: 0.000155881
89812: 0.000155879
89813: 0.000155878
89814: 0.000155876
89815: 0.000155874
89816: 0.000155872
89817: 0.000155871
89818: 0.000155869
89819: 0.000155867
89820: 0.000155866
89821: 0.000155864
89822: 0.000155862
89823: 0.00015586
89824: 0.000155859
89825: 0.000155857
89826: 0.000155855
89827: 0.000155853
89828: 0.000155852
89829: 0.00015585
89830: 0.000155848
89831: 0.000155846
89832: 0.000155845
89833: 0.000155843
89834: 0.000155841
89835: 0.00015584
89836: 0.000155838
89837: 0.000155836
89838: 0.000155834
89839: 0.000155833
89840: 0.000155831
89841: 0.000155829
89842: 0.000155827
89843: 0.000155826
89844: 0.000155824
89845: 0.000155822
89846: 0.00015582
89847: 0.000155819
89848: 0.000155817
89849: 0.000155815
89850: 0.000155814
89851: 0.000155812
89852: 0.00015581
89853: 0.000155808
89854: 0.000155807
89855: 0.000155805
89856: 0.000155803
89857: 0.000155801
89858: 0.0001558
89859: 0.000155798
89860: 0.000155796
89861: 0.000155794
89862: 0.000155793
89863: 0.000155791
89864: 0.000155789
89865: 0.000155788
89866: 0.000155786
89867: 0.000155784
89868: 0.000155782
89869: 0.000155781
89870: 0.000155779
89871: 0.000155777
89872: 0.000155775
89873: 0.000155774
89874: 0.000155772
89875: 0.00015577
89876: 0.000155768
89877: 0.000155767
89878: 0.000155765
89879: 0.000155763
89880: 0.000155762
89881: 0.00015576
89882: 0.000155758
89883: 0.000155756
89884: 0.000155755
89885: 0.000155753
89886: 0.000155751
89887: 0.000155749
89888: 0.000155748
89889: 0.000155746
89890: 0.000155744
89891: 0.000155742
89892: 0.000155741
89893: 0.000155739
89894: 0.000155737
89895: 0.000155736
89896: 0.000155734
89897: 0.000155732
89898: 0.00015573
89899: 0.000155729
89900: 0.000155727
89901: 0.000155725
89902: 0.000155723
89903: 0.000155722
89904: 0.00015572
89905: 0.000155718
89906: 0.000155716
89907: 0.000155715
89908: 0.000155713
89909: 0.000155711
89910: 0.00015571
89911: 0.000155708
89912: 0.000155706
89913: 0.000155704
89914: 0.000155703
89915: 0.000155701
89916: 0.000155699
89917: 0.000155697
89918: 0.000155696
89919: 0.000155694
89920: 0.000155692
89921: 0.00015569
89922: 0.000155689
89923: 0.000155687
89924: 0.000155685
89925: 0.000155684
89926: 0.000155682
89927: 0.00015568
89928: 0.000155678
89929: 0.000155677
89930: 0.000155675
89931: 0.000155673
89932: 0.000155671
89933: 0.00015567
89934: 0.000155668
89935: 0.000155666
89936: 0.000155665
89937: 0.000155663
89938: 0.000155661
89939: 0.000155659
89940: 0.000155658
89941: 0.000155656
89942: 0.000155654
89943: 0.000155652
89944: 0.000155651
89945: 0.000155649
89946: 0.000155647
89947: 0.000155645
89948: 0.000155644
89949: 0.000155642
89950: 0.00015564
89951: 0.000155639
89952: 0.000155637
89953: 0.000155635
89954: 0.000155633
89955: 0.000155632
89956: 0.00015563
89957: 0.000155628
89958: 0.000155626
89959: 0.000155625
89960: 0.000155623
89961: 0.000155621
89962: 0.00015562
89963: 0.000155618
89964: 0.000155616
89965: 0.000155614
89966: 0.000155613
89967: 0.000155611
89968: 0.000155609
89969: 0.000155607
89970: 0.000155606
89971: 0.000155604
89972: 0.000155602
89973: 0.000155601
89974: 0.000155599
89975: 0.000155597
89976: 0.000155595
89977: 0.000155594
89978: 0.000155592
89979: 0.00015559
89980: 0.000155588
89981: 0.000155587
89982: 0.000155585
89983: 0.000155583
89984: 0.000155581
89985: 0.00015558
89986: 0.000155578
89987: 0.000155576
89988: 0.000155575
89989: 0.000155573
89990: 0.000155571
89991: 0.000155569
89992: 0.000155568
89993: 0.000155566
89994: 0.000155564
89995: 0.000155562
89996: 0.000155561
89997: 0.000155559
89998: 0.000155557
89999: 0.000155556
90000: 0.000155554
90001: 0.000155552
90002: 0.00015555
90003: 0.000155549
90004: 0.000155547
90005: 0.000155545
90006: 0.000155543
90007: 0.000155542
90008: 0.00015554
90009: 0.000155538
90010: 0.000155537
90011: 0.000155535
90012: 0.000155533
90013: 0.000155531
90014: 0.00015553
90015: 0.000155528
90016: 0.000155526
90017: 0.000155524
90018: 0.000155523
90019: 0.000155521
90020: 0.000155519
90021: 0.000155518
90022: 0.000155516
90023: 0.000155514
90024: 0.000155512
90025: 0.000155511
90026: 0.000155509
90027: 0.000155507
90028: 0.000155505
90029: 0.000155504
90030: 0.000155502
90031: 0.0001555
90032: 0.000155499
90033: 0.000155497
90034: 0.000155495
90035: 0.000155493
90036: 0.000155492
90037: 0.00015549
90038: 0.000155488
90039: 0.000155486
90040: 0.000155485
90041: 0.000155483
90042: 0.000155481
90043: 0.00015548
90044: 0.000155478
90045: 0.000155476
90046: 0.000155474
90047: 0.000155473
90048: 0.000155471
90049: 0.000155469
90050: 0.000155467
90051: 0.000155466
90052: 0.000155464
90053: 0.000155462
90054: 0.000155461
90055: 0.000155459
90056: 0.000155457
90057: 0.000155455
90058: 0.000155454
90059: 0.000155452
90060: 0.00015545
90061: 0.000155448
90062: 0.000155447
90063: 0.000155445
90064: 0.000155443
90065: 0.000155442
90066: 0.00015544
90067: 0.000155438
90068: 0.000155436
90069: 0.000155435
90070: 0.000155433
90071: 0.000155431
90072: 0.000155429
90073: 0.000155428
90074: 0.000155426
90075: 0.000155424
90076: 0.000155423
90077: 0.000155421
90078: 0.000155419
90079: 0.000155417
90080: 0.000155416
90081: 0.000155414
90082: 0.000155412
90083: 0.000155411
90084: 0.000155409
90085: 0.000155407
90086: 0.000155405
90087: 0.000155404
90088: 0.000155402
90089: 0.0001554
90090: 0.000155398
90091: 0.000155397
90092: 0.000155395
90093: 0.000155393
90094: 0.000155392
90095: 0.00015539
90096: 0.000155388
90097: 0.000155386
90098: 0.000155385
90099: 0.000155383
90100: 0.000155381
90101: 0.000155379
90102: 0.000155378
90103: 0.000155376
90104: 0.000155374
90105: 0.000155373
90106: 0.000155371
90107: 0.000155369
90108: 0.000155367
90109: 0.000155366
90110: 0.000155364
90111: 0.000155362
90112: 0.00015536
90113: 0.000155359
90114: 0.000155357
90115: 0.000155355
90116: 0.000155354
90117: 0.000155352
90118: 0.00015535
90119: 0.000155348
90120: 0.000155347
90121: 0.000155345
90122: 0.000155343
90123: 0.000155342
90124: 0.00015534
90125: 0.000155338
90126: 0.000155336
90127: 0.000155335
90128: 0.000155333
90129: 0.000155331
90130: 0.000155329
90131: 0.000155328
90132: 0.000155326
90133: 0.000155324
90134: 0.000155323
90135: 0.000155321
90136: 0.000155319
90137: 0.000155317
90138: 0.000155316
90139: 0.000155314
90140: 0.000155312
90141: 0.000155311
90142: 0.000155309
90143: 0.000155307
90144: 0.000155305
90145: 0.000155304
90146: 0.000155302
90147: 0.0001553
90148: 0.000155298
90149: 0.000155297
90150: 0.000155295
90151: 0.000155293
90152: 0.000155292
90153: 0.00015529
90154: 0.000155288
90155: 0.000155286
90156: 0.000155285
90157: 0.000155283
90158: 0.000155281
90159: 0.00015528
90160: 0.000155278
90161: 0.000155276
90162: 0.000155274
90163: 0.000155273
90164: 0.000155271
90165: 0.000155269
90166: 0.000155267
90167: 0.000155266
90168: 0.000155264
90169: 0.000155262
90170: 0.000155261
90171: 0.000155259
90172: 0.000155257
90173: 0.000155255
90174: 0.000155254
90175: 0.000155252
90176: 0.00015525
90177: 0.000155249
90178: 0.000155247
90179: 0.000155245
90180: 0.000155243
90181: 0.000155242
90182: 0.00015524
90183: 0.000155238
90184: 0.000155236
90185: 0.000155235
90186: 0.000155233
90187: 0.000155231
90188: 0.00015523
90189: 0.000155228
90190: 0.000155226
90191: 0.000155224
90192: 0.000155223
90193: 0.000155221
90194: 0.000155219
90195: 0.000155218
90196: 0.000155216
90197: 0.000155214
90198: 0.000155212
90199: 0.000155211
90200: 0.000155209
90201: 0.000155207
90202: 0.000155205
90203: 0.000155204
90204: 0.000155202
90205: 0.0001552
90206: 0.000155199
90207: 0.000155197
90208: 0.000155195
90209: 0.000155193
90210: 0.000155192
90211: 0.00015519
90212: 0.000155188
90213: 0.000155187
90214: 0.000155185
90215: 0.000155183
90216: 0.000155181
90217: 0.00015518
90218: 0.000155178
90219: 0.000155176
90220: 0.000155175
90221: 0.000155173
90222: 0.000155171
90223: 0.000155169
90224: 0.000155168
90225: 0.000155166
90226: 0.000155164
90227: 0.000155162
90228: 0.000155161
90229: 0.000155159
90230: 0.000155157
90231: 0.000155156
90232: 0.000155154
90233: 0.000155152
90234: 0.00015515
90235: 0.000155149
90236: 0.000155147
90237: 0.000155145
90238: 0.000155144
90239: 0.000155142
90240: 0.00015514
90241: 0.000155138
90242: 0.000155137
90243: 0.000155135
90244: 0.000155133
90245: 0.000155132
90246: 0.00015513
90247: 0.000155128
90248: 0.000155126
90249: 0.000155125
90250: 0.000155123
90251: 0.000155121
90252: 0.000155119
90253: 0.000155118
90254: 0.000155116
90255: 0.000155114
90256: 0.000155113
90257: 0.000155111
90258: 0.000155109
90259: 0.000155107
90260: 0.000155106
90261: 0.000155104
90262: 0.000155102
90263: 0.000155101
90264: 0.000155099
90265: 0.000155097
90266: 0.000155095
90267: 0.000155094
90268: 0.000155092
90269: 0.00015509
90270: 0.000155089
90271: 0.000155087
90272: 0.000155085
90273: 0.000155083
90274: 0.000155082
90275: 0.00015508
90276: 0.000155078
90277: 0.000155077
90278: 0.000155075
90279: 0.000155073
90280: 0.000155071
90281: 0.00015507
90282: 0.000155068
90283: 0.000155066
90284: 0.000155065
90285: 0.000155063
90286: 0.000155061
90287: 0.000155059
90288: 0.000155058
90289: 0.000155056
90290: 0.000155054
90291: 0.000155052
90292: 0.000155051
90293: 0.000155049
90294: 0.000155047
90295: 0.000155046
90296: 0.000155044
90297: 0.000155042
90298: 0.00015504
90299: 0.000155039
90300: 0.000155037
90301: 0.000155035
90302: 0.000155034
90303: 0.000155032
90304: 0.00015503
90305: 0.000155028
90306: 0.000155027
90307: 0.000155025
90308: 0.000155023
90309: 0.000155022
90310: 0.00015502
90311: 0.000155018
90312: 0.000155016
90313: 0.000155015
90314: 0.000155013
90315: 0.000155011
90316: 0.00015501
90317: 0.000155008
90318: 0.000155006
90319: 0.000155004
90320: 0.000155003
90321: 0.000155001
90322: 0.000154999
90323: 0.000154998
90324: 0.000154996
90325: 0.000154994
90326: 0.000154992
90327: 0.000154991
90328: 0.000154989
90329: 0.000154987
90330: 0.000154986
90331: 0.000154984
90332: 0.000154982
90333: 0.00015498
90334: 0.000154979
90335: 0.000154977
90336: 0.000154975
90337: 0.000154974
90338: 0.000154972
90339: 0.00015497
90340: 0.000154968
90341: 0.000154967
90342: 0.000154965
90343: 0.000154963
90344: 0.000154962
90345: 0.00015496
90346: 0.000154958
90347: 0.000154956
90348: 0.000154955
90349: 0.000154953
90350: 0.000154951
90351: 0.00015495
90352: 0.000154948
90353: 0.000154946
90354: 0.000154944
90355: 0.000154943
90356: 0.000154941
90357: 0.000154939
90358: 0.000154938
90359: 0.000154936
90360: 0.000154934
90361: 0.000154932
90362: 0.000154931
90363: 0.000154929
90364: 0.000154927
90365: 0.000154926
90366: 0.000154924
90367: 0.000154922
90368: 0.00015492
90369: 0.000154919
90370: 0.000154917
90371: 0.000154915
90372: 0.000154914
90373: 0.000154912
90374: 0.00015491
90375: 0.000154908
90376: 0.000154907
90377: 0.000154905
90378: 0.000154903
90379: 0.000154902
90380: 0.0001549
90381: 0.000154898
90382: 0.000154896
90383: 0.000154895
90384: 0.000154893
90385: 0.000154891
90386: 0.00015489
90387: 0.000154888
90388: 0.000154886
90389: 0.000154884
90390: 0.000154883
90391: 0.000154881
90392: 0.000154879
90393: 0.000154878
90394: 0.000154876
90395: 0.000154874
90396: 0.000154872
90397: 0.000154871
90398: 0.000154869
90399: 0.000154867
90400: 0.000154866
90401: 0.000154864
90402: 0.000154862
90403: 0.00015486
90404: 0.000154859
90405: 0.000154857
90406: 0.000154855
90407: 0.000154854
90408: 0.000154852
90409: 0.00015485
90410: 0.000154848
90411: 0.000154847
90412: 0.000154845
90413: 0.000154843
90414: 0.000154842
90415: 0.00015484
90416: 0.000154838
90417: 0.000154836
90418: 0.000154835
90419: 0.000154833
90420: 0.000154831
90421: 0.00015483
90422: 0.000154828
90423: 0.000154826
90424: 0.000154824
90425: 0.000154823
90426: 0.000154821
90427: 0.000154819
90428: 0.000154818
90429: 0.000154816
90430: 0.000154814
90431: 0.000154812
90432: 0.000154811
90433: 0.000154809
90434: 0.000154807
90435: 0.000154806
90436: 0.000154804
90437: 0.000154802
90438: 0.0001548
90439: 0.000154799
90440: 0.000154797
90441: 0.000154795
90442: 0.000154794
90443: 0.000154792
90444: 0.00015479
90445: 0.000154788
90446: 0.000154787
90447: 0.000154785
90448: 0.000154783
90449: 0.000154782
90450: 0.00015478
90451: 0.000154778
90452: 0.000154777
90453: 0.000154775
90454: 0.000154773
90455: 0.000154771
90456: 0.00015477
90457: 0.000154768
90458: 0.000154766
90459: 0.000154765
90460: 0.000154763
90461: 0.000154761
90462: 0.000154759
90463: 0.000154758
90464: 0.000154756
90465: 0.000154754
90466: 0.000154753
90467: 0.000154751
90468: 0.000154749
90469: 0.000154747
90470: 0.000154746
90471: 0.000154744
90472: 0.000154742
90473: 0.000154741
90474: 0.000154739
90475: 0.000154737
90476: 0.000154735
90477: 0.000154734
90478: 0.000154732
90479: 0.00015473
90480: 0.000154729
90481: 0.000154727
90482: 0.000154725
90483: 0.000154723
90484: 0.000154722
90485: 0.00015472
90486: 0.000154718
90487: 0.000154717
90488: 0.000154715
90489: 0.000154713
90490: 0.000154712
90491: 0.00015471
90492: 0.000154708
90493: 0.000154706
90494: 0.000154705
90495: 0.000154703
90496: 0.000154701
90497: 0.0001547
90498: 0.000154698
90499: 0.000154696
90500: 0.000154694
90501: 0.000154693
90502: 0.000154691
90503: 0.000154689
90504: 0.000154688
90505: 0.000154686
90506: 0.000154684
90507: 0.000154682
90508: 0.000154681
90509: 0.000154679
90510: 0.000154677
90511: 0.000154676
90512: 0.000154674
90513: 0.000154672
90514: 0.00015467
90515: 0.000154669
90516: 0.000154667
90517: 0.000154665
90518: 0.000154664
90519: 0.000154662
90520: 0.00015466
90521: 0.000154659
90522: 0.000154657
90523: 0.000154655
90524: 0.000154653
90525: 0.000154652
90526: 0.00015465
90527: 0.000154648
90528: 0.000154647
90529: 0.000154645
90530: 0.000154643
90531: 0.000154641
90532: 0.00015464
90533: 0.000154638
90534: 0.000154636
90535: 0.000154635
90536: 0.000154633
90537: 0.000154631
90538: 0.000154629
90539: 0.000154628
90540: 0.000154626
90541: 0.000154624
90542: 0.000154623
90543: 0.000154621
90544: 0.000154619
90545: 0.000154618
90546: 0.000154616
90547: 0.000154614
90548: 0.000154612
90549: 0.000154611
90550: 0.000154609
90551: 0.000154607
90552: 0.000154606
90553: 0.000154604
90554: 0.000154602
90555: 0.0001546
90556: 0.000154599
90557: 0.000154597
90558: 0.000154595
90559: 0.000154594
90560: 0.000154592
90561: 0.00015459
90562: 0.000154589
90563: 0.000154587
90564: 0.000154585
90565: 0.000154583
90566: 0.000154582
90567: 0.00015458
90568: 0.000154578
90569: 0.000154577
90570: 0.000154575
90571: 0.000154573
90572: 0.000154571
90573: 0.00015457
90574: 0.000154568
90575: 0.000154566
90576: 0.000154565
90577: 0.000154563
90578: 0.000154561
90579: 0.00015456
90580: 0.000154558
90581: 0.000154556
90582: 0.000154554
90583: 0.000154553
90584: 0.000154551
90585: 0.000154549
90586: 0.000154548
90587: 0.000154546
90588: 0.000154544
90589: 0.000154542
90590: 0.000154541
90591: 0.000154539
90592: 0.000154537
90593: 0.000154536
90594: 0.000154534
90595: 0.000154532
90596: 0.000154531
90597: 0.000154529
90598: 0.000154527
90599: 0.000154525
90600: 0.000154524
90601: 0.000154522
90602: 0.00015452
90603: 0.000154519
90604: 0.000154517
90605: 0.000154515
90606: 0.000154513
90607: 0.000154512
90608: 0.00015451
90609: 0.000154508
90610: 0.000154507
90611: 0.000154505
90612: 0.000154503
90613: 0.000154502
90614: 0.0001545
90615: 0.000154498
90616: 0.000154496
90617: 0.000154495
90618: 0.000154493
90619: 0.000154491
90620: 0.00015449
90621: 0.000154488
90622: 0.000154486
90623: 0.000154484
90624: 0.000154483
90625: 0.000154481
90626: 0.000154479
90627: 0.000154478
90628: 0.000154476
90629: 0.000154474
90630: 0.000154473
90631: 0.000154471
90632: 0.000154469
90633: 0.000154467
90634: 0.000154466
90635: 0.000154464
90636: 0.000154462
90637: 0.000154461
90638: 0.000154459
90639: 0.000154457
90640: 0.000154455
90641: 0.000154454
90642: 0.000154452
90643: 0.00015445
90644: 0.000154449
90645: 0.000154447
90646: 0.000154445
90647: 0.000154444
90648: 0.000154442
90649: 0.00015444
90650: 0.000154438
90651: 0.000154437
90652: 0.000154435
90653: 0.000154433
90654: 0.000154432
90655: 0.00015443
90656: 0.000154428
90657: 0.000154427
90658: 0.000154425
90659: 0.000154423
90660: 0.000154421
90661: 0.00015442
90662: 0.000154418
90663: 0.000154416
90664: 0.000154415
90665: 0.000154413
90666: 0.000154411
90667: 0.000154409
90668: 0.000154408
90669: 0.000154406
90670: 0.000154404
90671: 0.000154403
90672: 0.000154401
90673: 0.000154399
90674: 0.000154398
90675: 0.000154396
90676: 0.000154394
90677: 0.000154392
90678: 0.000154391
90679: 0.000154389
90680: 0.000154387
90681: 0.000154386
90682: 0.000154384
90683: 0.000154382
90684: 0.000154381
90685: 0.000154379
90686: 0.000154377
90687: 0.000154375
90688: 0.000154374
90689: 0.000154372
90690: 0.00015437
90691: 0.000154369
90692: 0.000154367
90693: 0.000154365
90694: 0.000154364
90695: 0.000154362
90696: 0.00015436
90697: 0.000154358
90698: 0.000154357
90699: 0.000154355
90700: 0.000154353
90701: 0.000154352
90702: 0.00015435
90703: 0.000154348
90704: 0.000154347
90705: 0.000154345
90706: 0.000154343
90707: 0.000154341
90708: 0.00015434
90709: 0.000154338
90710: 0.000154336
90711: 0.000154335
90712: 0.000154333
90713: 0.000154331
90714: 0.000154329
90715: 0.000154328
90716: 0.000154326
90717: 0.000154324
90718: 0.000154323
90719: 0.000154321
90720: 0.000154319
90721: 0.000154318
90722: 0.000154316
90723: 0.000154314
90724: 0.000154312
90725: 0.000154311
90726: 0.000154309
90727: 0.000154307
90728: 0.000154306
90729: 0.000154304
90730: 0.000154302
90731: 0.000154301
90732: 0.000154299
90733: 0.000154297
90734: 0.000154295
90735: 0.000154294
90736: 0.000154292
90737: 0.00015429
90738: 0.000154289
90739: 0.000154287
90740: 0.000154285
90741: 0.000154284
90742: 0.000154282
90743: 0.00015428
90744: 0.000154278
90745: 0.000154277
90746: 0.000154275
90747: 0.000154273
90748: 0.000154272
90749: 0.00015427
90750: 0.000154268
90751: 0.000154267
90752: 0.000154265
90753: 0.000154263
90754: 0.000154261
90755: 0.00015426
90756: 0.000154258
90757: 0.000154256
90758: 0.000154255
90759: 0.000154253
90760: 0.000154251
90761: 0.00015425
90762: 0.000154248
90763: 0.000154246
90764: 0.000154244
90765: 0.000154243
90766: 0.000154241
90767: 0.000154239
90768: 0.000154238
90769: 0.000154236
90770: 0.000154234
90771: 0.000154233
90772: 0.000154231
90773: 0.000154229
90774: 0.000154227
90775: 0.000154226
90776: 0.000154224
90777: 0.000154222
90778: 0.000154221
90779: 0.000154219
90780: 0.000154217
90781: 0.000154216
90782: 0.000154214
90783: 0.000154212
90784: 0.00015421
90785: 0.000154209
90786: 0.000154207
90787: 0.000154205
90788: 0.000154204
90789: 0.000154202
90790: 0.0001542
90791: 0.000154199
90792: 0.000154197
90793: 0.000154195
90794: 0.000154194
90795: 0.000154192
90796: 0.00015419
90797: 0.000154188
90798: 0.000154187
90799: 0.000154185
90800: 0.000154183
90801: 0.000154182
90802: 0.00015418
90803: 0.000154178
90804: 0.000154177
90805: 0.000154175
90806: 0.000154173
90807: 0.000154171
90808: 0.00015417
90809: 0.000154168
90810: 0.000154166
90811: 0.000154165
90812: 0.000154163
90813: 0.000154161
90814: 0.00015416
90815: 0.000154158
90816: 0.000154156
90817: 0.000154154
90818: 0.000154153
90819: 0.000154151
90820: 0.000154149
90821: 0.000154148
90822: 0.000154146
90823: 0.000154144
90824: 0.000154143
90825: 0.000154141
90826: 0.000154139
90827: 0.000154137
90828: 0.000154136
90829: 0.000154134
90830: 0.000154132
90831: 0.000154131
90832: 0.000154129
90833: 0.000154127
90834: 0.000154126
90835: 0.000154124
90836: 0.000154122
90837: 0.000154121
90838: 0.000154119
90839: 0.000154117
90840: 0.000154115
90841: 0.000154114
90842: 0.000154112
90843: 0.00015411
90844: 0.000154109
90845: 0.000154107
90846: 0.000154105
90847: 0.000154104
90848: 0.000154102
90849: 0.0001541
90850: 0.000154098
90851: 0.000154097
90852: 0.000154095
90853: 0.000154093
90854: 0.000154092
90855: 0.00015409
90856: 0.000154088
90857: 0.000154087
90858: 0.000154085
90859: 0.000154083
90860: 0.000154082
90861: 0.00015408
90862: 0.000154078
90863: 0.000154076
90864: 0.000154075
90865: 0.000154073
90866: 0.000154071
90867: 0.00015407
90868: 0.000154068
90869: 0.000154066
90870: 0.000154065
90871: 0.000154063
90872: 0.000154061
90873: 0.000154059
90874: 0.000154058
90875: 0.000154056
90876: 0.000154054
90877: 0.000154053
90878: 0.000154051
90879: 0.000154049
90880: 0.000154048
90881: 0.000154046
90882: 0.000154044
90883: 0.000154043
90884: 0.000154041
90885: 0.000154039
90886: 0.000154037
90887: 0.000154036
90888: 0.000154034
90889: 0.000154032
90890: 0.000154031
90891: 0.000154029
90892: 0.000154027
90893: 0.000154026
90894: 0.000154024
90895: 0.000154022
90896: 0.00015402
90897: 0.000154019
90898: 0.000154017
90899: 0.000154015
90900: 0.000154014
90901: 0.000154012
90902: 0.00015401
90903: 0.000154009
90904: 0.000154007
90905: 0.000154005
90906: 0.000154004
90907: 0.000154002
90908: 0.000154
90909: 0.000153998
90910: 0.000153997
90911: 0.000153995
90912: 0.000153993
90913: 0.000153992
90914: 0.00015399
90915: 0.000153988
90916: 0.000153987
90917: 0.000153985
90918: 0.000153983
90919: 0.000153982
90920: 0.00015398
90921: 0.000153978
90922: 0.000153976
90923: 0.000153975
90924: 0.000153973
90925: 0.000153971
90926: 0.00015397
90927: 0.000153968
90928: 0.000153966
90929: 0.000153965
90930: 0.000153963
90931: 0.000153961
90932: 0.00015396
90933: 0.000153958
90934: 0.000153956
90935: 0.000153954
90936: 0.000153953
90937: 0.000153951
90938: 0.000153949
90939: 0.000153948
90940: 0.000153946
90941: 0.000153944
90942: 0.000153943
90943: 0.000153941
90944: 0.000153939
90945: 0.000153938
90946: 0.000153936
90947: 0.000153934
90948: 0.000153932
90949: 0.000153931
90950: 0.000153929
90951: 0.000153927
90952: 0.000153926
90953: 0.000153924
90954: 0.000153922
90955: 0.000153921
90956: 0.000153919
90957: 0.000153917
90958: 0.000153916
90959: 0.000153914
90960: 0.000153912
90961: 0.00015391
90962: 0.000153909
90963: 0.000153907
90964: 0.000153905
90965: 0.000153904
90966: 0.000153902
90967: 0.0001539
90968: 0.000153899
90969: 0.000153897
90970: 0.000153895
90971: 0.000153894
90972: 0.000153892
90973: 0.00015389
90974: 0.000153888
90975: 0.000153887
90976: 0.000153885
90977: 0.000153883
90978: 0.000153882
90979: 0.00015388
90980: 0.000153878
90981: 0.000153877
90982: 0.000153875
90983: 0.000153873
90984: 0.000153872
90985: 0.00015387
90986: 0.000153868
90987: 0.000153866
90988: 0.000153865
90989: 0.000153863
90990: 0.000153861
90991: 0.00015386
90992: 0.000153858
90993: 0.000153856
90994: 0.000153855
90995: 0.000153853
90996: 0.000153851
90997: 0.00015385
90998: 0.000153848
90999: 0.000153846
91000: 0.000153844
91001: 0.000153843
91002: 0.000153841
91003: 0.000153839
91004: 0.000153838
91005: 0.000153836
91006: 0.000153834
91007: 0.000153833
91008: 0.000153831
91009: 0.000153829
91010: 0.000153828
91011: 0.000153826
91012: 0.000153824
91013: 0.000153822
91014: 0.000153821
91015: 0.000153819
91016: 0.000153817
91017: 0.000153816
91018: 0.000153814
91019: 0.000153812
91020: 0.000153811
91021: 0.000153809
91022: 0.000153807
91023: 0.000153806
91024: 0.000153804
91025: 0.000153802
91026: 0.000153801
91027: 0.000153799
91028: 0.000153797
91029: 0.000153795
91030: 0.000153794
91031: 0.000153792
91032: 0.00015379
91033: 0.000153789
91034: 0.000153787
91035: 0.000153785
91036: 0.000153784
91037: 0.000153782
91038: 0.00015378
91039: 0.000153779
91040: 0.000153777
91041: 0.000153775
91042: 0.000153773
91043: 0.000153772
91044: 0.00015377
91045: 0.000153768
91046: 0.000153767
91047: 0.000153765
91048: 0.000153763
91049: 0.000153762
91050: 0.00015376
91051: 0.000153758
91052: 0.000153757
91053: 0.000153755
91054: 0.000153753
91055: 0.000153752
91056: 0.00015375
91057: 0.000153748
91058: 0.000153746
91059: 0.000153745
91060: 0.000153743
91061: 0.000153741
91062: 0.00015374
91063: 0.000153738
91064: 0.000153736
91065: 0.000153735
91066: 0.000153733
91067: 0.000153731
91068: 0.00015373
91069: 0.000153728
91070: 0.000153726
91071: 0.000153725
91072: 0.000153723
91073: 0.000153721
91074: 0.000153719
91075: 0.000153718
91076: 0.000153716
91077: 0.000153714
91078: 0.000153713
91079: 0.000153711
91080: 0.000153709
91081: 0.000153708
91082: 0.000153706
91083: 0.000153704
91084: 0.000153703
91085: 0.000153701
91086: 0.000153699
91087: 0.000153698
91088: 0.000153696
91089: 0.000153694
91090: 0.000153692
91091: 0.000153691
91092: 0.000153689
91093: 0.000153687
91094: 0.000153686
91095: 0.000153684
91096: 0.000153682
91097: 0.000153681
91098: 0.000153679
91099: 0.000153677
91100: 0.000153676
91101: 0.000153674
91102: 0.000153672
91103: 0.000153671
91104: 0.000153669
91105: 0.000153667
91106: 0.000153665
91107: 0.000153664
91108: 0.000153662
91109: 0.00015366
91110: 0.000153659
91111: 0.000153657
91112: 0.000153655
91113: 0.000153654
91114: 0.000153652
91115: 0.00015365
91116: 0.000153649
91117: 0.000153647
91118: 0.000153645
91119: 0.000153644
91120: 0.000153642
91121: 0.00015364
91122: 0.000153638
91123: 0.000153637
91124: 0.000153635
91125: 0.000153633
91126: 0.000153632
91127: 0.00015363
91128: 0.000153628
91129: 0.000153627
91130: 0.000153625
91131: 0.000153623
91132: 0.000153622
91133: 0.00015362
91134: 0.000153618
91135: 0.000153617
91136: 0.000153615
91137: 0.000153613
91138: 0.000153612
91139: 0.00015361
91140: 0.000153608
91141: 0.000153606
91142: 0.000153605
91143: 0.000153603
91144: 0.000153601
91145: 0.0001536
91146: 0.000153598
91147: 0.000153596
91148: 0.000153595
91149: 0.000153593
91150: 0.000153591
91151: 0.00015359
91152: 0.000153588
91153: 0.000153586
91154: 0.000153585
91155: 0.000153583
91156: 0.000153581
91157: 0.000153579
91158: 0.000153578
91159: 0.000153576
91160: 0.000153574
91161: 0.000153573
91162: 0.000153571
91163: 0.000153569
91164: 0.000153568
91165: 0.000153566
91166: 0.000153564
91167: 0.000153563
91168: 0.000153561
91169: 0.000153559
91170: 0.000153558
91171: 0.000153556
91172: 0.000153554
91173: 0.000153553
91174: 0.000153551
91175: 0.000153549
91176: 0.000153547
91177: 0.000153546
91178: 0.000153544
91179: 0.000153542
91180: 0.000153541
91181: 0.000153539
91182: 0.000153537
91183: 0.000153536
91184: 0.000153534
91185: 0.000153532
91186: 0.000153531
91187: 0.000153529
91188: 0.000153527
91189: 0.000153526
91190: 0.000153524
91191: 0.000153522
91192: 0.000153521
91193: 0.000153519
91194: 0.000153517
91195: 0.000153516
91196: 0.000153514
91197: 0.000153512
91198: 0.00015351
91199: 0.000153509
91200: 0.000153507
91201: 0.000153505
91202: 0.000153504
91203: 0.000153502
91204: 0.0001535
91205: 0.000153499
91206: 0.000153497
91207: 0.000153495
91208: 0.000153494
91209: 0.000153492
91210: 0.00015349
91211: 0.000153489
91212: 0.000153487
91213: 0.000153485
91214: 0.000153484
91215: 0.000153482
91216: 0.00015348
91217: 0.000153478
91218: 0.000153477
91219: 0.000153475
91220: 0.000153473
91221: 0.000153472
91222: 0.00015347
91223: 0.000153468
91224: 0.000153467
91225: 0.000153465
91226: 0.000153463
91227: 0.000153462
91228: 0.00015346
91229: 0.000153458
91230: 0.000153457
91231: 0.000153455
91232: 0.000153453
91233: 0.000153452
91234: 0.00015345
91235: 0.000153448
91236: 0.000153447
91237: 0.000153445
91238: 0.000153443
91239: 0.000153441
91240: 0.00015344
91241: 0.000153438
91242: 0.000153436
91243: 0.000153435
91244: 0.000153433
91245: 0.000153431
91246: 0.00015343
91247: 0.000153428
91248: 0.000153426
91249: 0.000153425
91250: 0.000153423
91251: 0.000153421
91252: 0.00015342
91253: 0.000153418
91254: 0.000153416
91255: 0.000153415
91256: 0.000153413
91257: 0.000153411
91258: 0.00015341
91259: 0.000153408
91260: 0.000153406
91261: 0.000153404
91262: 0.000153403
91263: 0.000153401
91264: 0.000153399
91265: 0.000153398
91266: 0.000153396
91267: 0.000153394
91268: 0.000153393
91269: 0.000153391
91270: 0.000153389
91271: 0.000153388
91272: 0.000153386
91273: 0.000153384
91274: 0.000153383
91275: 0.000153381
91276: 0.000153379
91277: 0.000153378
91278: 0.000153376
91279: 0.000153374
91280: 0.000153373
91281: 0.000153371
91282: 0.000153369
91283: 0.000153368
91284: 0.000153366
91285: 0.000153364
91286: 0.000153362
91287: 0.000153361
91288: 0.000153359
91289: 0.000153357
91290: 0.000153356
91291: 0.000153354
91292: 0.000153352
91293: 0.000153351
91294: 0.000153349
91295: 0.000153347
91296: 0.000153346
91297: 0.000153344
91298: 0.000153342
91299: 0.000153341
91300: 0.000153339
91301: 0.000153337
91302: 0.000153336
91303: 0.000153334
91304: 0.000153332
91305: 0.000153331
91306: 0.000153329
91307: 0.000153327
91308: 0.000153326
91309: 0.000153324
91310: 0.000153322
91311: 0.00015332
91312: 0.000153319
91313: 0.000153317
91314: 0.000153315
91315: 0.000153314
91316: 0.000153312
91317: 0.00015331
91318: 0.000153309
91319: 0.000153307
91320: 0.000153305
91321: 0.000153304
91322: 0.000153302
91323: 0.0001533
91324: 0.000153299
91325: 0.000153297
91326: 0.000153295
91327: 0.000153294
91328: 0.000153292
91329: 0.00015329
91330: 0.000153289
91331: 0.000153287
91332: 0.000153285
91333: 0.000153284
91334: 0.000153282
91335: 0.00015328
91336: 0.000153279
91337: 0.000153277
91338: 0.000153275
91339: 0.000153273
91340: 0.000153272
91341: 0.00015327
91342: 0.000153268
91343: 0.000153267
91344: 0.000153265
91345: 0.000153263
91346: 0.000153262
91347: 0.00015326
91348: 0.000153258
91349: 0.000153257
91350: 0.000153255
91351: 0.000153253
91352: 0.000153252
91353: 0.00015325
91354: 0.000153248
91355: 0.000153247
91356: 0.000153245
91357: 0.000153243
91358: 0.000153242
91359: 0.00015324
91360: 0.000153238
91361: 0.000153237
91362: 0.000153235
91363: 0.000153233
91364: 0.000153232
91365: 0.00015323
91366: 0.000153228
91367: 0.000153227
91368: 0.000153225
91369: 0.000153223
91370: 0.000153221
91371: 0.00015322
91372: 0.000153218
91373: 0.000153216
91374: 0.000153215
91375: 0.000153213
91376: 0.000153211
91377: 0.00015321
91378: 0.000153208
91379: 0.000153206
91380: 0.000153205
91381: 0.000153203
91382: 0.000153201
91383: 0.0001532
91384: 0.000153198
91385: 0.000153196
91386: 0.000153195
91387: 0.000153193
91388: 0.000153191
91389: 0.00015319
91390: 0.000153188
91391: 0.000153186
91392: 0.000153185
91393: 0.000153183
91394: 0.000153181
91395: 0.00015318
91396: 0.000153178
91397: 0.000153176
91398: 0.000153175
91399: 0.000153173
91400: 0.000153171
91401: 0.00015317
91402: 0.000153168
91403: 0.000153166
91404: 0.000153164
91405: 0.000153163
91406: 0.000153161
91407: 0.000153159
91408: 0.000153158
91409: 0.000153156
91410: 0.000153154
91411: 0.000153153
91412: 0.000153151
91413: 0.000153149
91414: 0.000153148
91415: 0.000153146
91416: 0.000153144
91417: 0.000153143
91418: 0.000153141
91419: 0.000153139
91420: 0.000153138
91421: 0.000153136
91422: 0.000153134
91423: 0.000153133
91424: 0.000153131
91425: 0.000153129
91426: 0.000153128
91427: 0.000153126
91428: 0.000153124
91429: 0.000153123
91430: 0.000153121
91431: 0.000153119
91432: 0.000153118
91433: 0.000153116
91434: 0.000153114
91435: 0.000153113
91436: 0.000153111
91437: 0.000153109
91438: 0.000153108
91439: 0.000153106
91440: 0.000153104
91441: 0.000153103
91442: 0.000153101
91443: 0.000153099
91444: 0.000153097
91445: 0.000153096
91446: 0.000153094
91447: 0.000153092
91448: 0.000153091
91449: 0.000153089
91450: 0.000153087
91451: 0.000153086
91452: 0.000153084
91453: 0.000153082
91454: 0.000153081
91455: 0.000153079
91456: 0.000153077
91457: 0.000153076
91458: 0.000153074
91459: 0.000153072
91460: 0.000153071
91461: 0.000153069
91462: 0.000153067
91463: 0.000153066
91464: 0.000153064
91465: 0.000153062
91466: 0.000153061
91467: 0.000153059
91468: 0.000153057
91469: 0.000153056
91470: 0.000153054
91471: 0.000153052
91472: 0.000153051
91473: 0.000153049
91474: 0.000153047
91475: 0.000153046
91476: 0.000153044
91477: 0.000153042
91478: 0.000153041
91479: 0.000153039
91480: 0.000153037
91481: 0.000153036
91482: 0.000153034
91483: 0.000153032
91484: 0.000153031
91485: 0.000153029
91486: 0.000153027
91487: 0.000153026
91488: 0.000153024
91489: 0.000153022
91490: 0.000153021
91491: 0.000153019
91492: 0.000153017
91493: 0.000153015
91494: 0.000153014
91495: 0.000153012
91496: 0.00015301
91497: 0.000153009
91498: 0.000153007
91499: 0.000153005
91500: 0.000153004
91501: 0.000153002
91502: 0.000153
91503: 0.000152999
91504: 0.000152997
91505: 0.000152995
91506: 0.000152994
91507: 0.000152992
91508: 0.00015299
91509: 0.000152989
91510: 0.000152987
91511: 0.000152985
91512: 0.000152984
91513: 0.000152982
91514: 0.00015298
91515: 0.000152979
91516: 0.000152977
91517: 0.000152975
91518: 0.000152974
91519: 0.000152972
91520: 0.00015297
91521: 0.000152969
91522: 0.000152967
91523: 0.000152965
91524: 0.000152964
91525: 0.000152962
91526: 0.00015296
91527: 0.000152959
91528: 0.000152957
91529: 0.000152955
91530: 0.000152954
91531: 0.000152952
91532: 0.00015295
91533: 0.000152949
91534: 0.000152947
91535: 0.000152945
91536: 0.000152944
91537: 0.000152942
91538: 0.00015294
91539: 0.000152939
91540: 0.000152937
91541: 0.000152935
91542: 0.000152934
91543: 0.000152932
91544: 0.00015293
91545: 0.000152929
91546: 0.000152927
91547: 0.000152925
91548: 0.000152924
91549: 0.000152922
91550: 0.00015292
91551: 0.000152919
91552: 0.000152917
91553: 0.000152915
91554: 0.000152914
91555: 0.000152912
91556: 0.00015291
91557: 0.000152909
91558: 0.000152907
91559: 0.000152905
91560: 0.000152904
91561: 0.000152902
91562: 0.0001529
91563: 0.000152899
91564: 0.000152897
91565: 0.000152895
91566: 0.000152894
91567: 0.000152892
91568: 0.00015289
91569: 0.000152889
91570: 0.000152887
91571: 0.000152885
91572: 0.000152883
91573: 0.000152882
91574: 0.00015288
91575: 0.000152878
91576: 0.000152877
91577: 0.000152875
91578: 0.000152873
91579: 0.000152872
91580: 0.00015287
91581: 0.000152868
91582: 0.000152867
91583: 0.000152865
91584: 0.000152863
91585: 0.000152862
91586: 0.00015286
91587: 0.000152858
91588: 0.000152857
91589: 0.000152855
91590: 0.000152853
91591: 0.000152852
91592: 0.00015285
91593: 0.000152848
91594: 0.000152847
91595: 0.000152845
91596: 0.000152843
91597: 0.000152842
91598: 0.00015284
91599: 0.000152838
91600: 0.000152837
91601: 0.000152835
91602: 0.000152833
91603: 0.000152832
91604: 0.00015283
91605: 0.000152828
91606: 0.000152827
91607: 0.000152825
91608: 0.000152823
91609: 0.000152822
91610: 0.00015282
91611: 0.000152818
91612: 0.000152817
91613: 0.000152815
91614: 0.000152813
91615: 0.000152812
91616: 0.00015281
91617: 0.000152808
91618: 0.000152807
91619: 0.000152805
91620: 0.000152803
91621: 0.000152802
91622: 0.0001528
91623: 0.000152798
91624: 0.000152797
91625: 0.000152795
91626: 0.000152793
91627: 0.000152792
91628: 0.00015279
91629: 0.000152788
91630: 0.000152787
91631: 0.000152785
91632: 0.000152783
91633: 0.000152782
91634: 0.00015278
91635: 0.000152778
91636: 0.000152777
91637: 0.000152775
91638: 0.000152773
91639: 0.000152772
91640: 0.00015277
91641: 0.000152768
91642: 0.000152767
91643: 0.000152765
91644: 0.000152763
91645: 0.000152762
91646: 0.00015276
91647: 0.000152758
91648: 0.000152757
91649: 0.000152755
91650: 0.000152753
91651: 0.000152752
91652: 0.00015275
91653: 0.000152748
91654: 0.000152747
91655: 0.000152745
91656: 0.000152743
91657: 0.000152742
91658: 0.00015274
91659: 0.000152738
91660: 0.000152737
91661: 0.000152735
91662: 0.000152733
91663: 0.000152732
91664: 0.00015273
91665: 0.000152728
91666: 0.000152727
91667: 0.000152725
91668: 0.000152723
91669: 0.000152722
91670: 0.00015272
91671: 0.000152718
91672: 0.000152717
91673: 0.000152715
91674: 0.000152713
91675: 0.000152712
91676: 0.00015271
91677: 0.000152708
91678: 0.000152707
91679: 0.000152705
91680: 0.000152703
91681: 0.000152702
91682: 0.0001527
91683: 0.000152698
91684: 0.000152697
91685: 0.000152695
91686: 0.000152693
91687: 0.000152692
91688: 0.00015269
91689: 0.000152688
91690: 0.000152687
91691: 0.000152685
91692: 0.000152683
91693: 0.000152682
91694: 0.00015268
91695: 0.000152678
91696: 0.000152677
91697: 0.000152675
91698: 0.000152673
91699: 0.000152672
91700: 0.00015267
91701: 0.000152668
91702: 0.000152667
91703: 0.000152665
91704: 0.000152663
91705: 0.000152662
91706: 0.00015266
91707: 0.000152658
91708: 0.000152657
91709: 0.000152655
91710: 0.000152653
91711: 0.000152652
91712: 0.00015265
91713: 0.000152648
91714: 0.000152647
91715: 0.000152645
91716: 0.000152643
91717: 0.000152642
91718: 0.00015264
91719: 0.000152638
91720: 0.000152637
91721: 0.000152635
91722: 0.000152633
91723: 0.000152632
91724: 0.00015263
91725: 0.000152628
91726: 0.000152627
91727: 0.000152625
91728: 0.000152623
91729: 0.000152622
91730: 0.00015262
91731: 0.000152618
91732: 0.000152617
91733: 0.000152615
91734: 0.000152614
91735: 0.000152612
91736: 0.00015261
91737: 0.000152609
91738: 0.000152607
91739: 0.000152605
91740: 0.000152604
91741: 0.000152602
91742: 0.0001526
91743: 0.000152599
91744: 0.000152597
91745: 0.000152595
91746: 0.000152594
91747: 0.000152592
91748: 0.00015259
91749: 0.000152589
91750: 0.000152587
91751: 0.000152585
91752: 0.000152584
91753: 0.000152582
91754: 0.00015258
91755: 0.000152579
91756: 0.000152577
91757: 0.000152575
91758: 0.000152574
91759: 0.000152572
91760: 0.00015257
91761: 0.000152569
91762: 0.000152567
91763: 0.000152565
91764: 0.000152564
91765: 0.000152562
91766: 0.00015256
91767: 0.000152559
91768: 0.000152557
91769: 0.000152555
91770: 0.000152554
91771: 0.000152552
91772: 0.00015255
91773: 0.000152549
91774: 0.000152547
91775: 0.000152545
91776: 0.000152544
91777: 0.000152542
91778: 0.00015254
91779: 0.000152539
91780: 0.000152537
91781: 0.000152535
91782: 0.000152534
91783: 0.000152532
91784: 0.00015253
91785: 0.000152529
91786: 0.000152527
91787: 0.000152525
91788: 0.000152524
91789: 0.000152522
91790: 0.00015252
91791: 0.000152519
91792: 0.000152517
91793: 0.000152515
91794: 0.000152514
91795: 0.000152512
91796: 0.00015251
91797: 0.000152509
91798: 0.000152507
91799: 0.000152505
91800: 0.000152504
91801: 0.000152502
91802: 0.0001525
91803: 0.000152499
91804: 0.000152497
91805: 0.000152495
91806: 0.000152494
91807: 0.000152492
91808: 0.00015249
91809: 0.000152489
91810: 0.000152487
91811: 0.000152486
91812: 0.000152484
91813: 0.000152482
91814: 0.000152481
91815: 0.000152479
91816: 0.000152477
91817: 0.000152476
91818: 0.000152474
91819: 0.000152472
91820: 0.000152471
91821: 0.000152469
91822: 0.000152467
91823: 0.000152466
91824: 0.000152464
91825: 0.000152462
91826: 0.000152461
91827: 0.000152459
91828: 0.000152457
91829: 0.000152456
91830: 0.000152454
91831: 0.000152452
91832: 0.000152451
91833: 0.000152449
91834: 0.000152447
91835: 0.000152446
91836: 0.000152444
91837: 0.000152442
91838: 0.000152441
91839: 0.000152439
91840: 0.000152437
91841: 0.000152436
91842: 0.000152434
91843: 0.000152432
91844: 0.000152431
91845: 0.000152429
91846: 0.000152427
91847: 0.000152426
91848: 0.000152424
91849: 0.000152422
91850: 0.000152421
91851: 0.000152419
91852: 0.000152417
91853: 0.000152416
91854: 0.000152414
91855: 0.000152412
91856: 0.000152411
91857: 0.000152409
91858: 0.000152407
91859: 0.000152406
91860: 0.000152404
91861: 0.000152403
91862: 0.000152401
91863: 0.000152399
91864: 0.000152398
91865: 0.000152396
91866: 0.000152394
91867: 0.000152393
91868: 0.000152391
91869: 0.000152389
91870: 0.000152388
91871: 0.000152386
91872: 0.000152384
91873: 0.000152383
91874: 0.000152381
91875: 0.000152379
91876: 0.000152378
91877: 0.000152376
91878: 0.000152374
91879: 0.000152373
91880: 0.000152371
91881: 0.000152369
91882: 0.000152368
91883: 0.000152366
91884: 0.000152364
91885: 0.000152363
91886: 0.000152361
91887: 0.000152359
91888: 0.000152358
91889: 0.000152356
91890: 0.000152354
91891: 0.000152353
91892: 0.000152351
91893: 0.000152349
91894: 0.000152348
91895: 0.000152346
91896: 0.000152344
91897: 0.000152343
91898: 0.000152341
91899: 0.000152339
91900: 0.000152338
91901: 0.000152336
91902: 0.000152335
91903: 0.000152333
91904: 0.000152331
91905: 0.00015233
91906: 0.000152328
91907: 0.000152326
91908: 0.000152325
91909: 0.000152323
91910: 0.000152321
91911: 0.00015232
91912: 0.000152318
91913: 0.000152316
91914: 0.000152315
91915: 0.000152313
91916: 0.000152311
91917: 0.00015231
91918: 0.000152308
91919: 0.000152306
91920: 0.000152305
91921: 0.000152303
91922: 0.000152301
91923: 0.0001523
91924: 0.000152298
91925: 0.000152296
91926: 0.000152295
91927: 0.000152293
91928: 0.000152291
91929: 0.00015229
91930: 0.000152288
91931: 0.000152286
91932: 0.000152285
91933: 0.000152283
91934: 0.000152282
91935: 0.00015228
91936: 0.000152278
91937: 0.000152277
91938: 0.000152275
91939: 0.000152273
91940: 0.000152272
91941: 0.00015227
91942: 0.000152268
91943: 0.000152267
91944: 0.000152265
91945: 0.000152263
91946: 0.000152262
91947: 0.00015226
91948: 0.000152258
91949: 0.000152257
91950: 0.000152255
91951: 0.000152253
91952: 0.000152252
91953: 0.00015225
91954: 0.000152248
91955: 0.000152247
91956: 0.000152245
91957: 0.000152243
91958: 0.000152242
91959: 0.00015224
91960: 0.000152238
91961: 0.000152237
91962: 0.000152235
91963: 0.000152233
91964: 0.000152232
91965: 0.00015223
91966: 0.000152229
91967: 0.000152227
91968: 0.000152225
91969: 0.000152224
91970: 0.000152222
91971: 0.00015222
91972: 0.000152219
91973: 0.000152217
91974: 0.000152215
91975: 0.000152214
91976: 0.000152212
91977: 0.00015221
91978: 0.000152209
91979: 0.000152207
91980: 0.000152205
91981: 0.000152204
91982: 0.000152202
91983: 0.0001522
91984: 0.000152199
91985: 0.000152197
91986: 0.000152195
91987: 0.000152194
91988: 0.000152192
91989: 0.00015219
91990: 0.000152189
91991: 0.000152187
91992: 0.000152185
91993: 0.000152184
91994: 0.000152182
91995: 0.000152181
91996: 0.000152179
91997: 0.000152177
91998: 0.000152176
91999: 0.000152174
92000: 0.000152172
92001: 0.000152171
92002: 0.000152169
92003: 0.000152167
92004: 0.000152166
92005: 0.000152164
92006: 0.000152162
92007: 0.000152161
92008: 0.000152159
92009: 0.000152157
92010: 0.000152156
92011: 0.000152154
92012: 0.000152152
92013: 0.000152151
92014: 0.000152149
92015: 0.000152147
92016: 0.000152146
92017: 0.000152144
92018: 0.000152142
92019: 0.000152141
92020: 0.000152139
92021: 0.000152138
92022: 0.000152136
92023: 0.000152134
92024: 0.000152133
92025: 0.000152131
92026: 0.000152129
92027: 0.000152128
92028: 0.000152126
92029: 0.000152124
92030: 0.000152123
92031: 0.000152121
92032: 0.000152119
92033: 0.000152118
92034: 0.000152116
92035: 0.000152114
92036: 0.000152113
92037: 0.000152111
92038: 0.000152109
92039: 0.000152108
92040: 0.000152106
92041: 0.000152104
92042: 0.000152103
92043: 0.000152101
92044: 0.0001521
92045: 0.000152098
92046: 0.000152096
92047: 0.000152095
92048: 0.000152093
92049: 0.000152091
92050: 0.00015209
92051: 0.000152088
92052: 0.000152086
92053: 0.000152085
92054: 0.000152083
92055: 0.000152081
92056: 0.00015208
92057: 0.000152078
92058: 0.000152076
92059: 0.000152075
92060: 0.000152073
92061: 0.000152071
92062: 0.00015207
92063: 0.000152068
92064: 0.000152066
92065: 0.000152065
92066: 0.000152063
92067: 0.000152062
92068: 0.00015206
92069: 0.000152058
92070: 0.000152057
92071: 0.000152055
92072: 0.000152053
92073: 0.000152052
92074: 0.00015205
92075: 0.000152048
92076: 0.000152047
92077: 0.000152045
92078: 0.000152043
92079: 0.000152042
92080: 0.00015204
92081: 0.000152038
92082: 0.000152037
92083: 0.000152035
92084: 0.000152033
92085: 0.000152032
92086: 0.00015203
92087: 0.000152028
92088: 0.000152027
92089: 0.000152025
92090: 0.000152024
92091: 0.000152022
92092: 0.00015202
92093: 0.000152019
92094: 0.000152017
92095: 0.000152015
92096: 0.000152014
92097: 0.000152012
92098: 0.00015201
92099: 0.000152009
92100: 0.000152007
92101: 0.000152005
92102: 0.000152004
92103: 0.000152002
92104: 0.000152
92105: 0.000151999
92106: 0.000151997
92107: 0.000151995
92108: 0.000151994
92109: 0.000151992
92110: 0.000151991
92111: 0.000151989
92112: 0.000151987
92113: 0.000151986
92114: 0.000151984
92115: 0.000151982
92116: 0.000151981
92117: 0.000151979
92118: 0.000151977
92119: 0.000151976
92120: 0.000151974
92121: 0.000151972
92122: 0.000151971
92123: 0.000151969
92124: 0.000151967
92125: 0.000151966
92126: 0.000151964
92127: 0.000151962
92128: 0.000151961
92129: 0.000151959
92130: 0.000151958
92131: 0.000151956
92132: 0.000151954
92133: 0.000151953
92134: 0.000151951
92135: 0.000151949
92136: 0.000151948
92137: 0.000151946
92138: 0.000151944
92139: 0.000151943
92140: 0.000151941
92141: 0.000151939
92142: 0.000151938
92143: 0.000151936
92144: 0.000151934
92145: 0.000151933
92146: 0.000151931
92147: 0.00015193
92148: 0.000151928
92149: 0.000151926
92150: 0.000151925
92151: 0.000151923
92152: 0.000151921
92153: 0.00015192
92154: 0.000151918
92155: 0.000151916
92156: 0.000151915
92157: 0.000151913
92158: 0.000151911
92159: 0.00015191
92160: 0.000151908
92161: 0.000151906
92162: 0.000151905
92163: 0.000151903
92164: 0.000151901
92165: 0.0001519
92166: 0.000151898
92167: 0.000151897
92168: 0.000151895
92169: 0.000151893
92170: 0.000151892
92171: 0.00015189
92172: 0.000151888
92173: 0.000151887
92174: 0.000151885
92175: 0.000151883
92176: 0.000151882
92177: 0.00015188
92178: 0.000151878
92179: 0.000151877
92180: 0.000151875
92181: 0.000151873
92182: 0.000151872
92183: 0.00015187
92184: 0.000151869
92185: 0.000151867
92186: 0.000151865
92187: 0.000151864
92188: 0.000151862
92189: 0.00015186
92190: 0.000151859
92191: 0.000151857
92192: 0.000151855
92193: 0.000151854
92194: 0.000151852
92195: 0.00015185
92196: 0.000151849
92197: 0.000151847
92198: 0.000151845
92199: 0.000151844
92200: 0.000151842
92201: 0.000151841
92202: 0.000151839
92203: 0.000151837
92204: 0.000151836
92205: 0.000151834
92206: 0.000151832
92207: 0.000151831
92208: 0.000151829
92209: 0.000151827
92210: 0.000151826
92211: 0.000151824
92212: 0.000151822
92213: 0.000151821
92214: 0.000151819
92215: 0.000151817
92216: 0.000151816
92217: 0.000151814
92218: 0.000151813
92219: 0.000151811
92220: 0.000151809
92221: 0.000151808
92222: 0.000151806
92223: 0.000151804
92224: 0.000151803
92225: 0.000151801
92226: 0.000151799
92227: 0.000151798
92228: 0.000151796
92229: 0.000151794
92230: 0.000151793
92231: 0.000151791
92232: 0.000151789
92233: 0.000151788
92234: 0.000151786
92235: 0.000151785
92236: 0.000151783
92237: 0.000151781
92238: 0.00015178
92239: 0.000151778
92240: 0.000151776
92241: 0.000151775
92242: 0.000151773
92243: 0.000151771
92244: 0.00015177
92245: 0.000151768
92246: 0.000151766
92247: 0.000151765
92248: 0.000151763
92249: 0.000151762
92250: 0.00015176
92251: 0.000151758
92252: 0.000151757
92253: 0.000151755
92254: 0.000151753
92255: 0.000151752
92256: 0.00015175
92257: 0.000151748
92258: 0.000151747
92259: 0.000151745
92260: 0.000151743
92261: 0.000151742
92262: 0.00015174
92263: 0.000151738
92264: 0.000151737
92265: 0.000151735
92266: 0.000151734
92267: 0.000151732
92268: 0.00015173
92269: 0.000151729
92270: 0.000151727
92271: 0.000151725
92272: 0.000151724
92273: 0.000151722
92274: 0.00015172
92275: 0.000151719
92276: 0.000151717
92277: 0.000151715
92278: 0.000151714
92279: 0.000151712
92280: 0.000151711
92281: 0.000151709
92282: 0.000151707
92283: 0.000151706
92284: 0.000151704
92285: 0.000151702
92286: 0.000151701
92287: 0.000151699
92288: 0.000151697
92289: 0.000151696
92290: 0.000151694
92291: 0.000151692
92292: 0.000151691
92293: 0.000151689
92294: 0.000151688
92295: 0.000151686
92296: 0.000151684
92297: 0.000151683
92298: 0.000151681
92299: 0.000151679
92300: 0.000151678
92301: 0.000151676
92302: 0.000151674
92303: 0.000151673
92304: 0.000151671
92305: 0.000151669
92306: 0.000151668
92307: 0.000151666
92308: 0.000151665
92309: 0.000151663
92310: 0.000151661
92311: 0.00015166
92312: 0.000151658
92313: 0.000151656
92314: 0.000151655
92315: 0.000151653
92316: 0.000151651
92317: 0.00015165
92318: 0.000151648
92319: 0.000151646
92320: 0.000151645
92321: 0.000151643
92322: 0.000151642
92323: 0.00015164
92324: 0.000151638
92325: 0.000151637
92326: 0.000151635
92327: 0.000151633
92328: 0.000151632
92329: 0.00015163
92330: 0.000151628
92331: 0.000151627
92332: 0.000151625
92333: 0.000151623
92334: 0.000151622
92335: 0.00015162
92336: 0.000151619
92337: 0.000151617
92338: 0.000151615
92339: 0.000151614
92340: 0.000151612
92341: 0.00015161
92342: 0.000151609
92343: 0.000151607
92344: 0.000151605
92345: 0.000151604
92346: 0.000151602
92347: 0.0001516
92348: 0.000151599
92349: 0.000151597
92350: 0.000151596
92351: 0.000151594
92352: 0.000151592
92353: 0.000151591
92354: 0.000151589
92355: 0.000151587
92356: 0.000151586
92357: 0.000151584
92358: 0.000151582
92359: 0.000151581
92360: 0.000151579
92361: 0.000151577
92362: 0.000151576
92363: 0.000151574
92364: 0.000151573
92365: 0.000151571
92366: 0.000151569
92367: 0.000151568
92368: 0.000151566
92369: 0.000151564
92370: 0.000151563
92371: 0.000151561
92372: 0.000151559
92373: 0.000151558
92374: 0.000151556
92375: 0.000151555
92376: 0.000151553
92377: 0.000151551
92378: 0.00015155
92379: 0.000151548
92380: 0.000151546
92381: 0.000151545
92382: 0.000151543
92383: 0.000151541
92384: 0.00015154
92385: 0.000151538
92386: 0.000151536
92387: 0.000151535
92388: 0.000151533
92389: 0.000151532
92390: 0.00015153
92391: 0.000151528
92392: 0.000151527
92393: 0.000151525
92394: 0.000151523
92395: 0.000151522
92396: 0.00015152
92397: 0.000151518
92398: 0.000151517
92399: 0.000151515
92400: 0.000151514
92401: 0.000151512
92402: 0.00015151
92403: 0.000151509
92404: 0.000151507
92405: 0.000151505
92406: 0.000151504
92407: 0.000151502
92408: 0.0001515
92409: 0.000151499
92410: 0.000151497
92411: 0.000151495
92412: 0.000151494
92413: 0.000151492
92414: 0.000151491
92415: 0.000151489
92416: 0.000151487
92417: 0.000151486
92418: 0.000151484
92419: 0.000151482
92420: 0.000151481
92421: 0.000151479
92422: 0.000151477
92423: 0.000151476
92424: 0.000151474
92425: 0.000151473
92426: 0.000151471
92427: 0.000151469
92428: 0.000151468
92429: 0.000151466
92430: 0.000151464
92431: 0.000151463
92432: 0.000151461
92433: 0.000151459
92434: 0.000151458
92435: 0.000151456
92436: 0.000151455
92437: 0.000151453
92438: 0.000151451
92439: 0.00015145
92440: 0.000151448
92441: 0.000151446
92442: 0.000151445
92443: 0.000151443
92444: 0.000151441
92445: 0.00015144
92446: 0.000151438
92447: 0.000151436
92448: 0.000151435
92449: 0.000151433
92450: 0.000151432
92451: 0.00015143
92452: 0.000151428
92453: 0.000151427
92454: 0.000151425
92455: 0.000151423
92456: 0.000151422
92457: 0.00015142
92458: 0.000151418
92459: 0.000151417
92460: 0.000151415
92461: 0.000151414
92462: 0.000151412
92463: 0.00015141
92464: 0.000151409
92465: 0.000151407
92466: 0.000151405
92467: 0.000151404
92468: 0.000151402
92469: 0.0001514
92470: 0.000151399
92471: 0.000151397
92472: 0.000151396
92473: 0.000151394
92474: 0.000151392
92475: 0.000151391
92476: 0.000151389
92477: 0.000151387
92478: 0.000151386
92479: 0.000151384
92480: 0.000151382
92481: 0.000151381
92482: 0.000151379
92483: 0.000151378
92484: 0.000151376
92485: 0.000151374
92486: 0.000151373
92487: 0.000151371
92488: 0.000151369
92489: 0.000151368
92490: 0.000151366
92491: 0.000151364
92492: 0.000151363
92493: 0.000151361
92494: 0.00015136
92495: 0.000151358
92496: 0.000151356
92497: 0.000151355
92498: 0.000151353
92499: 0.000151351
92500: 0.00015135
92501: 0.000151348
92502: 0.000151346
92503: 0.000151345
92504: 0.000151343
92505: 0.000151342
92506: 0.00015134
92507: 0.000151338
92508: 0.000151337
92509: 0.000151335
92510: 0.000151333
92511: 0.000151332
92512: 0.00015133
92513: 0.000151328
92514: 0.000151327
92515: 0.000151325
92516: 0.000151324
92517: 0.000151322
92518: 0.00015132
92519: 0.000151319
92520: 0.000151317
92521: 0.000151315
92522: 0.000151314
92523: 0.000151312
92524: 0.00015131
92525: 0.000151309
92526: 0.000151307
92527: 0.000151306
92528: 0.000151304
92529: 0.000151302
92530: 0.000151301
92531: 0.000151299
92532: 0.000151297
92533: 0.000151296
92534: 0.000151294
92535: 0.000151292
92536: 0.000151291
92537: 0.000151289
92538: 0.000151288
92539: 0.000151286
92540: 0.000151284
92541: 0.000151283
92542: 0.000151281
92543: 0.000151279
92544: 0.000151278
92545: 0.000151276
92546: 0.000151274
92547: 0.000151273
92548: 0.000151271
92549: 0.00015127
92550: 0.000151268
92551: 0.000151266
92552: 0.000151265
92553: 0.000151263
92554: 0.000151261
92555: 0.00015126
92556: 0.000151258
92557: 0.000151257
92558: 0.000151255
92559: 0.000151253
92560: 0.000151252
92561: 0.00015125
92562: 0.000151248
92563: 0.000151247
92564: 0.000151245
92565: 0.000151243
92566: 0.000151242
92567: 0.00015124
92568: 0.000151239
92569: 0.000151237
92570: 0.000151235
92571: 0.000151234
92572: 0.000151232
92573: 0.00015123
92574: 0.000151229
92575: 0.000151227
92576: 0.000151225
92577: 0.000151224
92578: 0.000151222
92579: 0.000151221
92580: 0.000151219
92581: 0.000151217
92582: 0.000151216
92583: 0.000151214
92584: 0.000151212
92585: 0.000151211
92586: 0.000151209
92587: 0.000151207
92588: 0.000151206
92589: 0.000151204
92590: 0.000151203
92591: 0.000151201
92592: 0.000151199
92593: 0.000151198
92594: 0.000151196
92595: 0.000151194
92596: 0.000151193
92597: 0.000151191
92598: 0.00015119
92599: 0.000151188
92600: 0.000151186
92601: 0.000151185
92602: 0.000151183
92603: 0.000151181
92604: 0.00015118
92605: 0.000151178
92606: 0.000151176
92607: 0.000151175
92608: 0.000151173
92609: 0.000151172
92610: 0.00015117
92611: 0.000151168
92612: 0.000151167
92613: 0.000151165
92614: 0.000151163
92615: 0.000151162
92616: 0.00015116
92617: 0.000151159
92618: 0.000151157
92619: 0.000151155
92620: 0.000151154
92621: 0.000151152
92622: 0.00015115
92623: 0.000151149
92624: 0.000151147
92625: 0.000151145
92626: 0.000151144
92627: 0.000151142
92628: 0.000151141
92629: 0.000151139
92630: 0.000151137
92631: 0.000151136
92632: 0.000151134
92633: 0.000151132
92634: 0.000151131
92635: 0.000151129
92636: 0.000151128
92637: 0.000151126
92638: 0.000151124
92639: 0.000151123
92640: 0.000151121
92641: 0.000151119
92642: 0.000151118
92643: 0.000151116
92644: 0.000151114
92645: 0.000151113
92646: 0.000151111
92647: 0.00015111
92648: 0.000151108
92649: 0.000151106
92650: 0.000151105
92651: 0.000151103
92652: 0.000151101
92653: 0.0001511
92654: 0.000151098
92655: 0.000151097
92656: 0.000151095
92657: 0.000151093
92658: 0.000151092
92659: 0.00015109
92660: 0.000151088
92661: 0.000151087
92662: 0.000151085
92663: 0.000151083
92664: 0.000151082
92665: 0.00015108
92666: 0.000151079
92667: 0.000151077
92668: 0.000151075
92669: 0.000151074
92670: 0.000151072
92671: 0.00015107
92672: 0.000151069
92673: 0.000151067
92674: 0.000151066
92675: 0.000151064
92676: 0.000151062
92677: 0.000151061
92678: 0.000151059
92679: 0.000151057
92680: 0.000151056
92681: 0.000151054
92682: 0.000151053
92683: 0.000151051
92684: 0.000151049
92685: 0.000151048
92686: 0.000151046
92687: 0.000151044
92688: 0.000151043
92689: 0.000151041
92690: 0.000151039
92691: 0.000151038
92692: 0.000151036
92693: 0.000151035
92694: 0.000151033
92695: 0.000151031
92696: 0.00015103
92697: 0.000151028
92698: 0.000151026
92699: 0.000151025
92700: 0.000151023
92701: 0.000151022
92702: 0.00015102
92703: 0.000151018
92704: 0.000151017
92705: 0.000151015
92706: 0.000151013
92707: 0.000151012
92708: 0.00015101
92709: 0.000151009
92710: 0.000151007
92711: 0.000151005
92712: 0.000151004
92713: 0.000151002
92714: 0.000151
92715: 0.000150999
92716: 0.000150997
92717: 0.000150995
92718: 0.000150994
92719: 0.000150992
92720: 0.000150991
92721: 0.000150989
92722: 0.000150987
92723: 0.000150986
92724: 0.000150984
92725: 0.000150982
92726: 0.000150981
92727: 0.000150979
92728: 0.000150978
92729: 0.000150976
92730: 0.000150974
92731: 0.000150973
92732: 0.000150971
92733: 0.000150969
92734: 0.000150968
92735: 0.000150966
92736: 0.000150965
92737: 0.000150963
92738: 0.000150961
92739: 0.00015096
92740: 0.000150958
92741: 0.000150956
92742: 0.000150955
92743: 0.000150953
92744: 0.000150952
92745: 0.00015095
92746: 0.000150948
92747: 0.000150947
92748: 0.000150945
92749: 0.000150943
92750: 0.000150942
92751: 0.00015094
92752: 0.000150939
92753: 0.000150937
92754: 0.000150935
92755: 0.000150934
92756: 0.000150932
92757: 0.00015093
92758: 0.000150929
92759: 0.000150927
92760: 0.000150925
92761: 0.000150924
92762: 0.000150922
92763: 0.000150921
92764: 0.000150919
92765: 0.000150917
92766: 0.000150916
92767: 0.000150914
92768: 0.000150912
92769: 0.000150911
92770: 0.000150909
92771: 0.000150908
92772: 0.000150906
92773: 0.000150904
92774: 0.000150903
92775: 0.000150901
92776: 0.000150899
92777: 0.000150898
92778: 0.000150896
92779: 0.000150895
92780: 0.000150893
92781: 0.000150891
92782: 0.00015089
92783: 0.000150888
92784: 0.000150886
92785: 0.000150885
92786: 0.000150883
92787: 0.000150882
92788: 0.00015088
92789: 0.000150878
92790: 0.000150877
92791: 0.000150875
92792: 0.000150873
92793: 0.000150872
92794: 0.00015087
92795: 0.000150869
92796: 0.000150867
92797: 0.000150865
92798: 0.000150864
92799: 0.000150862
92800: 0.00015086
92801: 0.000150859
92802: 0.000150857
92803: 0.000150856
92804: 0.000150854
92805: 0.000150852
92806: 0.000150851
92807: 0.000150849
92808: 0.000150847
92809: 0.000150846
92810: 0.000150844
92811: 0.000150843
92812: 0.000150841
92813: 0.000150839
92814: 0.000150838
92815: 0.000150836
92816: 0.000150834
92817: 0.000150833
92818: 0.000150831
92819: 0.00015083
92820: 0.000150828
92821: 0.000150826
92822: 0.000150825
92823: 0.000150823
92824: 0.000150821
92825: 0.00015082
92826: 0.000150818
92827: 0.000150817
92828: 0.000150815
92829: 0.000150813
92830: 0.000150812
92831: 0.00015081
92832: 0.000150808
92833: 0.000150807
92834: 0.000150805
92835: 0.000150804
92836: 0.000150802
92837: 0.0001508
92838: 0.000150799
92839: 0.000150797
92840: 0.000150795
92841: 0.000150794
92842: 0.000150792
92843: 0.000150791
92844: 0.000150789
92845: 0.000150787
92846: 0.000150786
92847: 0.000150784
92848: 0.000150782
92849: 0.000150781
92850: 0.000150779
92851: 0.000150778
92852: 0.000150776
92853: 0.000150774
92854: 0.000150773
92855: 0.000150771
92856: 0.000150769
92857: 0.000150768
92858: 0.000150766
92859: 0.000150765
92860: 0.000150763
92861: 0.000150761
92862: 0.00015076
92863: 0.000150758
92864: 0.000150756
92865: 0.000150755
92866: 0.000150753
92867: 0.000150752
92868: 0.00015075
92869: 0.000150748
92870: 0.000150747
92871: 0.000150745
92872: 0.000150743
92873: 0.000150742
92874: 0.00015074
92875: 0.000150739
92876: 0.000150737
92877: 0.000150735
92878: 0.000150734
92879: 0.000150732
92880: 0.000150731
92881: 0.000150729
92882: 0.000150727
92883: 0.000150726
92884: 0.000150724
92885: 0.000150722
92886: 0.000150721
92887: 0.000150719
92888: 0.000150718
92889: 0.000150716
92890: 0.000150714
92891: 0.000150713
92892: 0.000150711
92893: 0.000150709
92894: 0.000150708
92895: 0.000150706
92896: 0.000150705
92897: 0.000150703
92898: 0.000150701
92899: 0.0001507
92900: 0.000150698
92901: 0.000150696
92902: 0.000150695
92903: 0.000150693
92904: 0.000150692
92905: 0.00015069
92906: 0.000150688
92907: 0.000150687
92908: 0.000150685
92909: 0.000150683
92910: 0.000150682
92911: 0.00015068
92912: 0.000150679
92913: 0.000150677
92914: 0.000150675
92915: 0.000150674
92916: 0.000150672
92917: 0.00015067
92918: 0.000150669
92919: 0.000150667
92920: 0.000150666
92921: 0.000150664
92922: 0.000150662
92923: 0.000150661
92924: 0.000150659
92925: 0.000150658
92926: 0.000150656
92927: 0.000150654
92928: 0.000150653
92929: 0.000150651
92930: 0.000150649
92931: 0.000150648
92932: 0.000150646
92933: 0.000150645
92934: 0.000150643
92935: 0.000150641
92936: 0.00015064
92937: 0.000150638
92938: 0.000150636
92939: 0.000150635
92940: 0.000150633
92941: 0.000150632
92942: 0.00015063
92943: 0.000150628
92944: 0.000150627
92945: 0.000150625
92946: 0.000150623
92947: 0.000150622
92948: 0.00015062
92949: 0.000150619
92950: 0.000150617
92951: 0.000150615
92952: 0.000150614
92953: 0.000150612
92954: 0.000150611
92955: 0.000150609
92956: 0.000150607
92957: 0.000150606
92958: 0.000150604
92959: 0.000150602
92960: 0.000150601
92961: 0.000150599
92962: 0.000150598
92963: 0.000150596
92964: 0.000150594
92965: 0.000150593
92966: 0.000150591
92967: 0.000150589
92968: 0.000150588
92969: 0.000150586
92970: 0.000150585
92971: 0.000150583
92972: 0.000150581
92973: 0.00015058
92974: 0.000150578
92975: 0.000150576
92976: 0.000150575
92977: 0.000150573
92978: 0.000150572
92979: 0.00015057
92980: 0.000150568
92981: 0.000150567
92982: 0.000150565
92983: 0.000150564
92984: 0.000150562
92985: 0.00015056
92986: 0.000150559
92987: 0.000150557
92988: 0.000150555
92989: 0.000150554
92990: 0.000150552
92991: 0.000150551
92992: 0.000150549
92993: 0.000150547
92994: 0.000150546
92995: 0.000150544
92996: 0.000150542
92997: 0.000150541
92998: 0.000150539
92999: 0.000150538
93000: 0.000150536
93001: 0.000150534
93002: 0.000150533
93003: 0.000150531
93004: 0.00015053
93005: 0.000150528
93006: 0.000150526
93007: 0.000150525
93008: 0.000150523
93009: 0.000150521
93010: 0.00015052
93011: 0.000150518
93012: 0.000150517
93013: 0.000150515
93014: 0.000150513
93015: 0.000150512
93016: 0.00015051
93017: 0.000150509
93018: 0.000150507
93019: 0.000150505
93020: 0.000150504
93021: 0.000150502
93022: 0.0001505
93023: 0.000150499
93024: 0.000150497
93025: 0.000150496
93026: 0.000150494
93027: 0.000150492
93028: 0.000150491
93029: 0.000150489
93030: 0.000150487
93031: 0.000150486
93032: 0.000150484
93033: 0.000150483
93034: 0.000150481
93035: 0.000150479
93036: 0.000150478
93037: 0.000150476
93038: 0.000150475
93039: 0.000150473
93040: 0.000150471
93041: 0.00015047
93042: 0.000150468
93043: 0.000150466
93044: 0.000150465
93045: 0.000150463
93046: 0.000150462
93047: 0.00015046
93048: 0.000150458
93049: 0.000150457
93050: 0.000150455
93051: 0.000150454
93052: 0.000150452
93053: 0.00015045
93054: 0.000150449
93055: 0.000150447
93056: 0.000150445
93057: 0.000150444
93058: 0.000150442
93059: 0.000150441
93060: 0.000150439
93061: 0.000150437
93062: 0.000150436
93063: 0.000150434
93064: 0.000150432
93065: 0.000150431
93066: 0.000150429
93067: 0.000150428
93068: 0.000150426
93069: 0.000150424
93070: 0.000150423
93071: 0.000150421
93072: 0.00015042
93073: 0.000150418
93074: 0.000150416
93075: 0.000150415
93076: 0.000150413
93077: 0.000150411
93078: 0.00015041
93079: 0.000150408
93080: 0.000150407
93081: 0.000150405
93082: 0.000150403
93083: 0.000150402
93084: 0.0001504
93085: 0.000150399
93086: 0.000150397
93087: 0.000150395
93088: 0.000150394
93089: 0.000150392
93090: 0.00015039
93091: 0.000150389
93092: 0.000150387
93093: 0.000150386
93094: 0.000150384
93095: 0.000150382
93096: 0.000150381
93097: 0.000150379
93098: 0.000150378
93099: 0.000150376
93100: 0.000150374
93101: 0.000150373
93102: 0.000150371
93103: 0.000150369
93104: 0.000150368
93105: 0.000150366
93106: 0.000150365
93107: 0.000150363
93108: 0.000150361
93109: 0.00015036
93110: 0.000150358
93111: 0.000150357
93112: 0.000150355
93113: 0.000150353
93114: 0.000150352
93115: 0.00015035
93116: 0.000150348
93117: 0.000150347
93118: 0.000150345
93119: 0.000150344
93120: 0.000150342
93121: 0.00015034
93122: 0.000150339
93123: 0.000150337
93124: 0.000150336
93125: 0.000150334
93126: 0.000150332
93127: 0.000150331
93128: 0.000150329
93129: 0.000150327
93130: 0.000150326
93131: 0.000150324
93132: 0.000150323
93133: 0.000150321
93134: 0.000150319
93135: 0.000150318
93136: 0.000150316
93137: 0.000150315
93138: 0.000150313
93139: 0.000150311
93140: 0.00015031
93141: 0.000150308
93142: 0.000150307
93143: 0.000150305
93144: 0.000150303
93145: 0.000150302
93146: 0.0001503
93147: 0.000150298
93148: 0.000150297
93149: 0.000150295
93150: 0.000150294
93151: 0.000150292
93152: 0.00015029
93153: 0.000150289
93154: 0.000150287
93155: 0.000150286
93156: 0.000150284
93157: 0.000150282
93158: 0.000150281
93159: 0.000150279
93160: 0.000150277
93161: 0.000150276
93162: 0.000150274
93163: 0.000150273
93164: 0.000150271
93165: 0.000150269
93166: 0.000150268
93167: 0.000150266
93168: 0.000150265
93169: 0.000150263
93170: 0.000150261
93171: 0.00015026
93172: 0.000150258
93173: 0.000150257
93174: 0.000150255
93175: 0.000150253
93176: 0.000150252
93177: 0.00015025
93178: 0.000150248
93179: 0.000150247
93180: 0.000150245
93181: 0.000150244
93182: 0.000150242
93183: 0.00015024
93184: 0.000150239
93185: 0.000150237
93186: 0.000150236
93187: 0.000150234
93188: 0.000150232
93189: 0.000150231
93190: 0.000150229
93191: 0.000150227
93192: 0.000150226
93193: 0.000150224
93194: 0.000150223
93195: 0.000150221
93196: 0.000150219
93197: 0.000150218
93198: 0.000150216
93199: 0.000150215
93200: 0.000150213
93201: 0.000150211
93202: 0.00015021
93203: 0.000150208
93204: 0.000150207
93205: 0.000150205
93206: 0.000150203
93207: 0.000150202
93208: 0.0001502
93209: 0.000150198
93210: 0.000150197
93211: 0.000150195
93212: 0.000150194
93213: 0.000150192
93214: 0.00015019
93215: 0.000150189
93216: 0.000150187
93217: 0.000150186
93218: 0.000150184
93219: 0.000150182
93220: 0.000150181
93221: 0.000150179
93222: 0.000150178
93223: 0.000150176
93224: 0.000150174
93225: 0.000150173
93226: 0.000150171
93227: 0.000150169
93228: 0.000150168
93229: 0.000150166
93230: 0.000150165
93231: 0.000150163
93232: 0.000150161
93233: 0.00015016
93234: 0.000150158
93235: 0.000150157
93236: 0.000150155
93237: 0.000150153
93238: 0.000150152
93239: 0.00015015
93240: 0.000150149
93241: 0.000150147
93242: 0.000150145
93243: 0.000150144
93244: 0.000150142
93245: 0.00015014
93246: 0.000150139
93247: 0.000150137
93248: 0.000150136
93249: 0.000150134
93250: 0.000150132
93251: 0.000150131
93252: 0.000150129
93253: 0.000150128
93254: 0.000150126
93255: 0.000150124
93256: 0.000150123
93257: 0.000150121
93258: 0.00015012
93259: 0.000150118
93260: 0.000150116
93261: 0.000150115
93262: 0.000150113
93263: 0.000150112
93264: 0.00015011
93265: 0.000150108
93266: 0.000150107
93267: 0.000150105
93268: 0.000150103
93269: 0.000150102
93270: 0.0001501
93271: 0.000150099
93272: 0.000150097
93273: 0.000150095
93274: 0.000150094
93275: 0.000150092
93276: 0.000150091
93277: 0.000150089
93278: 0.000150087
93279: 0.000150086
93280: 0.000150084
93281: 0.000150083
93282: 0.000150081
93283: 0.000150079
93284: 0.000150078
93285: 0.000150076
93286: 0.000150075
93287: 0.000150073
93288: 0.000150071
93289: 0.00015007
93290: 0.000150068
93291: 0.000150066
93292: 0.000150065
93293: 0.000150063
93294: 0.000150062
93295: 0.00015006
93296: 0.000150058
93297: 0.000150057
93298: 0.000150055
93299: 0.000150054
93300: 0.000150052
93301: 0.00015005
93302: 0.000150049
93303: 0.000150047
93304: 0.000150046
93305: 0.000150044
93306: 0.000150042
93307: 0.000150041
93308: 0.000150039
93309: 0.000150038
93310: 0.000150036
93311: 0.000150034
93312: 0.000150033
93313: 0.000150031
93314: 0.000150029
93315: 0.000150028
93316: 0.000150026
93317: 0.000150025
93318: 0.000150023
93319: 0.000150021
93320: 0.00015002
93321: 0.000150018
93322: 0.000150017
93323: 0.000150015
93324: 0.000150013
93325: 0.000150012
93326: 0.00015001
93327: 0.000150009
93328: 0.000150007
93329: 0.000150005
93330: 0.000150004
93331: 0.000150002
93332: 0.000150001
93333: 0.000149999
93334: 0.000149997
93335: 0.000149996
93336: 0.000149994
93337: 0.000149993
93338: 0.000149991
93339: 0.000149989
93340: 0.000149988
93341: 0.000149986
93342: 0.000149984
93343: 0.000149983
93344: 0.000149981
93345: 0.00014998
93346: 0.000149978
93347: 0.000149976
93348: 0.000149975
93349: 0.000149973
93350: 0.000149972
93351: 0.00014997
93352: 0.000149968
93353: 0.000149967
93354: 0.000149965
93355: 0.000149964
93356: 0.000149962
93357: 0.00014996
93358: 0.000149959
93359: 0.000149957
93360: 0.000149956
93361: 0.000149954
93362: 0.000149952
93363: 0.000149951
93364: 0.000149949
93365: 0.000149948
93366: 0.000149946
93367: 0.000149944
93368: 0.000149943
93369: 0.000149941
93370: 0.000149939
93371: 0.000149938
93372: 0.000149936
93373: 0.000149935
93374: 0.000149933
93375: 0.000149931
93376: 0.00014993
93377: 0.000149928
93378: 0.000149927
93379: 0.000149925
93380: 0.000149923
93381: 0.000149922
93382: 0.00014992
93383: 0.000149919
93384: 0.000149917
93385: 0.000149915
93386: 0.000149914
93387: 0.000149912
93388: 0.000149911
93389: 0.000149909
93390: 0.000149907
93391: 0.000149906
93392: 0.000149904
93393: 0.000149903
93394: 0.000149901
93395: 0.000149899
93396: 0.000149898
93397: 0.000149896
93398: 0.000149895
93399: 0.000149893
93400: 0.000149891
93401: 0.00014989
93402: 0.000149888
93403: 0.000149887
93404: 0.000149885
93405: 0.000149883
93406: 0.000149882
93407: 0.00014988
93408: 0.000149878
93409: 0.000149877
93410: 0.000149875
93411: 0.000149874
93412: 0.000149872
93413: 0.00014987
93414: 0.000149869
93415: 0.000149867
93416: 0.000149866
93417: 0.000149864
93418: 0.000149862
93419: 0.000149861
93420: 0.000149859
93421: 0.000149858
93422: 0.000149856
93423: 0.000149854
93424: 0.000149853
93425: 0.000149851
93426: 0.00014985
93427: 0.000149848
93428: 0.000149846
93429: 0.000149845
93430: 0.000149843
93431: 0.000149842
93432: 0.00014984
93433: 0.000149838
93434: 0.000149837
93435: 0.000149835
93436: 0.000149834
93437: 0.000149832
93438: 0.00014983
93439: 0.000149829
93440: 0.000149827
93441: 0.000149826
93442: 0.000149824
93443: 0.000149822
93444: 0.000149821
93445: 0.000149819
93446: 0.000149818
93447: 0.000149816
93448: 0.000149814
93449: 0.000149813
93450: 0.000149811
93451: 0.00014981
93452: 0.000149808
93453: 0.000149806
93454: 0.000149805
93455: 0.000149803
93456: 0.000149802
93457: 0.0001498
93458: 0.000149798
93459: 0.000149797
93460: 0.000149795
93461: 0.000149793
93462: 0.000149792
93463: 0.00014979
93464: 0.000149789
93465: 0.000149787
93466: 0.000149785
93467: 0.000149784
93468: 0.000149782
93469: 0.000149781
93470: 0.000149779
93471: 0.000149777
93472: 0.000149776
93473: 0.000149774
93474: 0.000149773
93475: 0.000149771
93476: 0.000149769
93477: 0.000149768
93478: 0.000149766
93479: 0.000149765
93480: 0.000149763
93481: 0.000149761
93482: 0.00014976
93483: 0.000149758
93484: 0.000149757
93485: 0.000149755
93486: 0.000149753
93487: 0.000149752
93488: 0.00014975
93489: 0.000149749
93490: 0.000149747
93491: 0.000149745
93492: 0.000149744
93493: 0.000149742
93494: 0.000149741
93495: 0.000149739
93496: 0.000149737
93497: 0.000149736
93498: 0.000149734
93499: 0.000149733
93500: 0.000149731
93501: 0.000149729
93502: 0.000149728
93503: 0.000149726
93504: 0.000149725
93505: 0.000149723
93506: 0.000149721
93507: 0.00014972
93508: 0.000149718
93509: 0.000149717
93510: 0.000149715
93511: 0.000149713
93512: 0.000149712
93513: 0.00014971
93514: 0.000149709
93515: 0.000149707
93516: 0.000149705
93517: 0.000149704
93518: 0.000149702
93519: 0.000149701
93520: 0.000149699
93521: 0.000149697
93522: 0.000149696
93523: 0.000149694
93524: 0.000149693
93525: 0.000149691
93526: 0.000149689
93527: 0.000149688
93528: 0.000149686
93529: 0.000149685
93530: 0.000149683
93531: 0.000149681
93532: 0.00014968
93533: 0.000149678
93534: 0.000149677
93535: 0.000149675
93536: 0.000149673
93537: 0.000149672
93538: 0.00014967
93539: 0.000149669
93540: 0.000149667
93541: 0.000149665
93542: 0.000149664
93543: 0.000149662
93544: 0.000149661
93545: 0.000149659
93546: 0.000149657
93547: 0.000149656
93548: 0.000149654
93549: 0.000149653
93550: 0.000149651
93551: 0.000149649
93552: 0.000149648
93553: 0.000149646
93554: 0.000149645
93555: 0.000149643
93556: 0.000149641
93557: 0.00014964
93558: 0.000149638
93559: 0.000149637
93560: 0.000149635
93561: 0.000149633
93562: 0.000149632
93563: 0.00014963
93564: 0.000149629
93565: 0.000149627
93566: 0.000149625
93567: 0.000149624
93568: 0.000149622
93569: 0.000149621
93570: 0.000149619
93571: 0.000149617
93572: 0.000149616
93573: 0.000149614
93574: 0.000149613
93575: 0.000149611
93576: 0.000149609
93577: 0.000149608
93578: 0.000149606
93579: 0.000149605
93580: 0.000149603
93581: 0.000149601
93582: 0.0001496
93583: 0.000149598
93584: 0.000149597
93585: 0.000149595
93586: 0.000149593
93587: 0.000149592
93588: 0.00014959
93589: 0.000149589
93590: 0.000149587
93591: 0.000149585
93592: 0.000149584
93593: 0.000149582
93594: 0.000149581
93595: 0.000149579
93596: 0.000149577
93597: 0.000149576
93598: 0.000149574
93599: 0.000149573
93600: 0.000149571
93601: 0.000149569
93602: 0.000149568
93603: 0.000149566
93604: 0.000149565
93605: 0.000149563
93606: 0.000149561
93607: 0.00014956
93608: 0.000149558
93609: 0.000149557
93610: 0.000149555
93611: 0.000149553
93612: 0.000149552
93613: 0.00014955
93614: 0.000149549
93615: 0.000149547
93616: 0.000149545
93617: 0.000149544
93618: 0.000149542
93619: 0.000149541
93620: 0.000149539
93621: 0.000149538
93622: 0.000149536
93623: 0.000149534
93624: 0.000149533
93625: 0.000149531
93626: 0.00014953
93627: 0.000149528
93628: 0.000149526
93629: 0.000149525
93630: 0.000149523
93631: 0.000149522
93632: 0.00014952
93633: 0.000149518
93634: 0.000149517
93635: 0.000149515
93636: 0.000149514
93637: 0.000149512
93638: 0.00014951
93639: 0.000149509
93640: 0.000149507
93641: 0.000149506
93642: 0.000149504
93643: 0.000149502
93644: 0.000149501
93645: 0.000149499
93646: 0.000149498
93647: 0.000149496
93648: 0.000149494
93649: 0.000149493
93650: 0.000149491
93651: 0.00014949
93652: 0.000149488
93653: 0.000149486
93654: 0.000149485
93655: 0.000149483
93656: 0.000149482
93657: 0.00014948
93658: 0.000149478
93659: 0.000149477
93660: 0.000149475
93661: 0.000149474
93662: 0.000149472
93663: 0.00014947
93664: 0.000149469
93665: 0.000149467
93666: 0.000149466
93667: 0.000149464
93668: 0.000149462
93669: 0.000149461
93670: 0.000149459
93671: 0.000149458
93672: 0.000149456
93673: 0.000149454
93674: 0.000149453
93675: 0.000149451
93676: 0.00014945
93677: 0.000149448
93678: 0.000149447
93679: 0.000149445
93680: 0.000149443
93681: 0.000149442
93682: 0.00014944
93683: 0.000149439
93684: 0.000149437
93685: 0.000149435
93686: 0.000149434
93687: 0.000149432
93688: 0.000149431
93689: 0.000149429
93690: 0.000149427
93691: 0.000149426
93692: 0.000149424
93693: 0.000149423
93694: 0.000149421
93695: 0.000149419
93696: 0.000149418
93697: 0.000149416
93698: 0.000149415
93699: 0.000149413
93700: 0.000149411
93701: 0.00014941
93702: 0.000149408
93703: 0.000149407
93704: 0.000149405
93705: 0.000149403
93706: 0.000149402
93707: 0.0001494
93708: 0.000149399
93709: 0.000149397
93710: 0.000149395
93711: 0.000149394
93712: 0.000149392
93713: 0.000149391
93714: 0.000149389
93715: 0.000149388
93716: 0.000149386
93717: 0.000149384
93718: 0.000149383
93719: 0.000149381
93720: 0.00014938
93721: 0.000149378
93722: 0.000149376
93723: 0.000149375
93724: 0.000149373
93725: 0.000149372
93726: 0.00014937
93727: 0.000149368
93728: 0.000149367
93729: 0.000149365
93730: 0.000149364
93731: 0.000149362
93732: 0.00014936
93733: 0.000149359
93734: 0.000149357
93735: 0.000149356
93736: 0.000149354
93737: 0.000149352
93738: 0.000149351
93739: 0.000149349
93740: 0.000149348
93741: 0.000149346
93742: 0.000149344
93743: 0.000149343
93744: 0.000149341
93745: 0.00014934
93746: 0.000149338
93747: 0.000149337
93748: 0.000149335
93749: 0.000149333
93750: 0.000149332
93751: 0.00014933
93752: 0.000149329
93753: 0.000149327
93754: 0.000149325
93755: 0.000149324
93756: 0.000149322
93757: 0.000149321
93758: 0.000149319
93759: 0.000149317
93760: 0.000149316
93761: 0.000149314
93762: 0.000149313
93763: 0.000149311
93764: 0.000149309
93765: 0.000149308
93766: 0.000149306
93767: 0.000149305
93768: 0.000149303
93769: 0.000149301
93770: 0.0001493
93771: 0.000149298
93772: 0.000149297
93773: 0.000149295
93774: 0.000149294
93775: 0.000149292
93776: 0.00014929
93777: 0.000149289
93778: 0.000149287
93779: 0.000149286
93780: 0.000149284
93781: 0.000149282
93782: 0.000149281
93783: 0.000149279
93784: 0.000149278
93785: 0.000149276
93786: 0.000149274
93787: 0.000149273
93788: 0.000149271
93789: 0.00014927
93790: 0.000149268
93791: 0.000149266
93792: 0.000149265
93793: 0.000149263
93794: 0.000149262
93795: 0.00014926
93796: 0.000149259
93797: 0.000149257
93798: 0.000149255
93799: 0.000149254
93800: 0.000149252
93801: 0.000149251
93802: 0.000149249
93803: 0.000149247
93804: 0.000149246
93805: 0.000149244
93806: 0.000149243
93807: 0.000149241
93808: 0.000149239
93809: 0.000149238
93810: 0.000149236
93811: 0.000149235
93812: 0.000149233
93813: 0.000149231
93814: 0.00014923
93815: 0.000149228
93816: 0.000149227
93817: 0.000149225
93818: 0.000149224
93819: 0.000149222
93820: 0.00014922
93821: 0.000149219
93822: 0.000149217
93823: 0.000149216
93824: 0.000149214
93825: 0.000149212
93826: 0.000149211
93827: 0.000149209
93828: 0.000149208
93829: 0.000149206
93830: 0.000149204
93831: 0.000149203
93832: 0.000149201
93833: 0.0001492
93834: 0.000149198
93835: 0.000149196
93836: 0.000149195
93837: 0.000149193
93838: 0.000149192
93839: 0.00014919
93840: 0.000149189
93841: 0.000149187
93842: 0.000149185
93843: 0.000149184
93844: 0.000149182
93845: 0.000149181
93846: 0.000149179
93847: 0.000149177
93848: 0.000149176
93849: 0.000149174
93850: 0.000149173
93851: 0.000149171
93852: 0.000149169
93853: 0.000149168
93854: 0.000149166
93855: 0.000149165
93856: 0.000149163
93857: 0.000149161
93858: 0.00014916
93859: 0.000149158
93860: 0.000149157
93861: 0.000149155
93862: 0.000149154
93863: 0.000149152
93864: 0.00014915
93865: 0.000149149
93866: 0.000149147
93867: 0.000149146
93868: 0.000149144
93869: 0.000149142
93870: 0.000149141
93871: 0.000149139
93872: 0.000149138
93873: 0.000149136
93874: 0.000149134
93875: 0.000149133
93876: 0.000149131
93877: 0.00014913
93878: 0.000149128
93879: 0.000149127
93880: 0.000149125
93881: 0.000149123
93882: 0.000149122
93883: 0.00014912
93884: 0.000149119
93885: 0.000149117
93886: 0.000149115
93887: 0.000149114
93888: 0.000149112
93889: 0.000149111
93890: 0.000149109
93891: 0.000149107
93892: 0.000149106
93893: 0.000149104
93894: 0.000149103
93895: 0.000149101
93896: 0.0001491
93897: 0.000149098
93898: 0.000149096
93899: 0.000149095
93900: 0.000149093
93901: 0.000149092
93902: 0.00014909
93903: 0.000149088
93904: 0.000149087
93905: 0.000149085
93906: 0.000149084
93907: 0.000149082
93908: 0.00014908
93909: 0.000149079
93910: 0.000149077
93911: 0.000149076
93912: 0.000149074
93913: 0.000149073
93914: 0.000149071
93915: 0.000149069
93916: 0.000149068
93917: 0.000149066
93918: 0.000149065
93919: 0.000149063
93920: 0.000149061
93921: 0.00014906
93922: 0.000149058
93923: 0.000149057
93924: 0.000149055
93925: 0.000149054
93926: 0.000149052
93927: 0.00014905
93928: 0.000149049
93929: 0.000149047
93930: 0.000149046
93931: 0.000149044
93932: 0.000149042
93933: 0.000149041
93934: 0.000149039
93935: 0.000149038
93936: 0.000149036
93937: 0.000149034
93938: 0.000149033
93939: 0.000149031
93940: 0.00014903
93941: 0.000149028
93942: 0.000149027
93943: 0.000149025
93944: 0.000149023
93945: 0.000149022
93946: 0.00014902
93947: 0.000149019
93948: 0.000149017
93949: 0.000149015
93950: 0.000149014
93951: 0.000149012
93952: 0.000149011
93953: 0.000149009
93954: 0.000149008
93955: 0.000149006
93956: 0.000149004
93957: 0.000149003
93958: 0.000149001
93959: 0.000149
93960: 0.000148998
93961: 0.000148996
93962: 0.000148995
93963: 0.000148993
93964: 0.000148992
93965: 0.00014899
93966: 0.000148988
93967: 0.000148987
93968: 0.000148985
93969: 0.000148984
93970: 0.000148982
93971: 0.000148981
93972: 0.000148979
93973: 0.000148977
93974: 0.000148976
93975: 0.000148974
93976: 0.000148973
93977: 0.000148971
93978: 0.000148969
93979: 0.000148968
93980: 0.000148966
93981: 0.000148965
93982: 0.000148963
93983: 0.000148962
93984: 0.00014896
93985: 0.000148958
93986: 0.000148957
93987: 0.000148955
93988: 0.000148954
93989: 0.000148952
93990: 0.00014895
93991: 0.000148949
93992: 0.000148947
93993: 0.000148946
93994: 0.000148944
93995: 0.000148943
93996: 0.000148941
93997: 0.000148939
93998: 0.000148938
93999: 0.000148936
94000: 0.000148935
94001: 0.000148933
94002: 0.000148931
94003: 0.00014893
94004: 0.000148928
94005: 0.000148927
94006: 0.000148925
94007: 0.000148923
94008: 0.000148922
94009: 0.00014892
94010: 0.000148919
94011: 0.000148917
94012: 0.000148916
94013: 0.000148914
94014: 0.000148912
94015: 0.000148911
94016: 0.000148909
94017: 0.000148908
94018: 0.000148906
94019: 0.000148904
94020: 0.000148903
94021: 0.000148901
94022: 0.0001489
94023: 0.000148898
94024: 0.000148897
94025: 0.000148895
94026: 0.000148893
94027: 0.000148892
94028: 0.00014889
94029: 0.000148889
94030: 0.000148887
94031: 0.000148885
94032: 0.000148884
94033: 0.000148882
94034: 0.000148881
94035: 0.000148879
94036: 0.000148878
94037: 0.000148876
94038: 0.000148874
94039: 0.000148873
94040: 0.000148871
94041: 0.00014887
94042: 0.000148868
94043: 0.000148866
94044: 0.000148865
94045: 0.000148863
94046: 0.000148862
94047: 0.00014886
94048: 0.000148859
94049: 0.000148857
94050: 0.000148855
94051: 0.000148854
94052: 0.000148852
94053: 0.000148851
94054: 0.000148849
94055: 0.000148847
94056: 0.000148846
94057: 0.000148844
94058: 0.000148843
94059: 0.000148841
94060: 0.00014884
94061: 0.000148838
94062: 0.000148836
94063: 0.000148835
94064: 0.000148833
94065: 0.000148832
94066: 0.00014883
94067: 0.000148829
94068: 0.000148827
94069: 0.000148825
94070: 0.000148824
94071: 0.000148822
94072: 0.000148821
94073: 0.000148819
94074: 0.000148817
94075: 0.000148816
94076: 0.000148814
94077: 0.000148813
94078: 0.000148811
94079: 0.00014881
94080: 0.000148808
94081: 0.000148806
94082: 0.000148805
94083: 0.000148803
94084: 0.000148802
94085: 0.0001488
94086: 0.000148798
94087: 0.000148797
94088: 0.000148795
94089: 0.000148794
94090: 0.000148792
94091: 0.000148791
94092: 0.000148789
94093: 0.000148787
94094: 0.000148786
94095: 0.000148784
94096: 0.000148783
94097: 0.000148781
94098: 0.000148779
94099: 0.000148778
94100: 0.000148776
94101: 0.000148775
94102: 0.000148773
94103: 0.000148772
94104: 0.00014877
94105: 0.000148768
94106: 0.000148767
94107: 0.000148765
94108: 0.000148764
94109: 0.000148762
94110: 0.000148761
94111: 0.000148759
94112: 0.000148757
94113: 0.000148756
94114: 0.000148754
94115: 0.000148753
94116: 0.000148751
94117: 0.000148749
94118: 0.000148748
94119: 0.000148746
94120: 0.000148745
94121: 0.000148743
94122: 0.000148742
94123: 0.00014874
94124: 0.000148738
94125: 0.000148737
94126: 0.000148735
94127: 0.000148734
94128: 0.000148732
94129: 0.00014873
94130: 0.000148729
94131: 0.000148727
94132: 0.000148726
94133: 0.000148724
94134: 0.000148723
94135: 0.000148721
94136: 0.000148719
94137: 0.000148718
94138: 0.000148716
94139: 0.000148715
94140: 0.000148713
94141: 0.000148712
94142: 0.00014871
94143: 0.000148708
94144: 0.000148707
94145: 0.000148705
94146: 0.000148704
94147: 0.000148702
94148: 0.0001487
94149: 0.000148699
94150: 0.000148697
94151: 0.000148696
94152: 0.000148694
94153: 0.000148693
94154: 0.000148691
94155: 0.000148689
94156: 0.000148688
94157: 0.000148686
94158: 0.000148685
94159: 0.000148683
94160: 0.000148682
94161: 0.00014868
94162: 0.000148678
94163: 0.000148677
94164: 0.000148675
94165: 0.000148674
94166: 0.000148672
94167: 0.00014867
94168: 0.000148669
94169: 0.000148667
94170: 0.000148666
94171: 0.000148664
94172: 0.000148663
94173: 0.000148661
94174: 0.000148659
94175: 0.000148658
94176: 0.000148656
94177: 0.000148655
94178: 0.000148653
94179: 0.000148652
94180: 0.00014865
94181: 0.000148648
94182: 0.000148647
94183: 0.000148645
94184: 0.000148644
94185: 0.000148642
94186: 0.00014864
94187: 0.000148639
94188: 0.000148637
94189: 0.000148636
94190: 0.000148634
94191: 0.000148633
94192: 0.000148631
94193: 0.000148629
94194: 0.000148628
94195: 0.000148626
94196: 0.000148625
94197: 0.000148623
94198: 0.000148622
94199: 0.00014862
94200: 0.000148618
94201: 0.000148617
94202: 0.000148615
94203: 0.000148614
94204: 0.000148612
94205: 0.00014861
94206: 0.000148609
94207: 0.000148607
94208: 0.000148606
94209: 0.000148604
94210: 0.000148603
94211: 0.000148601
94212: 0.000148599
94213: 0.000148598
94214: 0.000148596
94215: 0.000148595
94216: 0.000148593
94217: 0.000148592
94218: 0.00014859
94219: 0.000148588
94220: 0.000148587
94221: 0.000148585
94222: 0.000148584
94223: 0.000148582
94224: 0.000148581
94225: 0.000148579
94226: 0.000148577
94227: 0.000148576
94228: 0.000148574
94229: 0.000148573
94230: 0.000148571
94231: 0.000148569
94232: 0.000148568
94233: 0.000148566
94234: 0.000148565
94235: 0.000148563
94236: 0.000148562
94237: 0.00014856
94238: 0.000148558
94239: 0.000148557
94240: 0.000148555
94241: 0.000148554
94242: 0.000148552
94243: 0.000148551
94244: 0.000148549
94245: 0.000148547
94246: 0.000148546
94247: 0.000148544
94248: 0.000148543
94249: 0.000148541
94250: 0.00014854
94251: 0.000148538
94252: 0.000148536
94253: 0.000148535
94254: 0.000148533
94255: 0.000148532
94256: 0.00014853
94257: 0.000148529
94258: 0.000148527
94259: 0.000148525
94260: 0.000148524
94261: 0.000148522
94262: 0.000148521
94263: 0.000148519
94264: 0.000148517
94265: 0.000148516
94266: 0.000148514
94267: 0.000148513
94268: 0.000148511
94269: 0.00014851
94270: 0.000148508
94271: 0.000148506
94272: 0.000148505
94273: 0.000148503
94274: 0.000148502
94275: 0.0001485
94276: 0.000148499
94277: 0.000148497
94278: 0.000148495
94279: 0.000148494
94280: 0.000148492
94281: 0.000148491
94282: 0.000148489
94283: 0.000148488
94284: 0.000148486
94285: 0.000148484
94286: 0.000148483
94287: 0.000148481
94288: 0.00014848
94289: 0.000148478
94290: 0.000148477
94291: 0.000148475
94292: 0.000148473
94293: 0.000148472
94294: 0.00014847
94295: 0.000148469
94296: 0.000148467
94297: 0.000148466
94298: 0.000148464
94299: 0.000148462
94300: 0.000148461
94301: 0.000148459
94302: 0.000148458
94303: 0.000148456
94304: 0.000148454
94305: 0.000148453
94306: 0.000148451
94307: 0.00014845
94308: 0.000148448
94309: 0.000148447
94310: 0.000148445
94311: 0.000148443
94312: 0.000148442
94313: 0.00014844
94314: 0.000148439
94315: 0.000148437
94316: 0.000148436
94317: 0.000148434
94318: 0.000148432
94319: 0.000148431
94320: 0.000148429
94321: 0.000148428
94322: 0.000148426
94323: 0.000148425
94324: 0.000148423
94325: 0.000148421
94326: 0.00014842
94327: 0.000148418
94328: 0.000148417
94329: 0.000148415
94330: 0.000148414
94331: 0.000148412
94332: 0.00014841
94333: 0.000148409
94334: 0.000148407
94335: 0.000148406
94336: 0.000148404
94337: 0.000148403
94338: 0.000148401
94339: 0.000148399
94340: 0.000148398
94341: 0.000148396
94342: 0.000148395
94343: 0.000148393
94344: 0.000148392
94345: 0.00014839
94346: 0.000148388
94347: 0.000148387
94348: 0.000148385
94349: 0.000148384
94350: 0.000148382
94351: 0.000148381
94352: 0.000148379
94353: 0.000148377
94354: 0.000148376
94355: 0.000148374
94356: 0.000148373
94357: 0.000148371
94358: 0.00014837
94359: 0.000148368
94360: 0.000148366
94361: 0.000148365
94362: 0.000148363
94363: 0.000148362
94364: 0.00014836
94365: 0.000148359
94366: 0.000148357
94367: 0.000148355
94368: 0.000148354
94369: 0.000148352
94370: 0.000148351
94371: 0.000148349
94372: 0.000148348
94373: 0.000148346
94374: 0.000148344
94375: 0.000148343
94376: 0.000148341
94377: 0.00014834
94378: 0.000148338
94379: 0.000148337
94380: 0.000148335
94381: 0.000148333
94382: 0.000148332
94383: 0.00014833
94384: 0.000148329
94385: 0.000148327
94386: 0.000148326
94387: 0.000148324
94388: 0.000148322
94389: 0.000148321
94390: 0.000148319
94391: 0.000148318
94392: 0.000148316
94393: 0.000148315
94394: 0.000148313
94395: 0.000148311
94396: 0.00014831
94397: 0.000148308
94398: 0.000148307
94399: 0.000148305
94400: 0.000148304
94401: 0.000148302
94402: 0.0001483
94403: 0.000148299
94404: 0.000148297
94405: 0.000148296
94406: 0.000148294
94407: 0.000148293
94408: 0.000148291
94409: 0.000148289
94410: 0.000148288
94411: 0.000148286
94412: 0.000148285
94413: 0.000148283
94414: 0.000148282
94415: 0.00014828
94416: 0.000148278
94417: 0.000148277
94418: 0.000148275
94419: 0.000148274
94420: 0.000148272
94421: 0.000148271
94422: 0.000148269
94423: 0.000148267
94424: 0.000158856
94425: 0.000158855
94426: 0.000158853
94427: 0.000158851
94428: 0.00015885
94429: 0.000158848
94430: 0.000158846
94431: 0.000158844
94432: 0.000158843
94433: 0.000158841
94434: 0.000158839
94435: 0.000158838
94436: 0.000158836
94437: 0.000158834
94438: 0.000158833
94439: 0.000158831
94440: 0.000158829
94441: 0.000158828
94442: 0.000158826
94443: 0.000158824
94444: 0.000158823
94445: 0.000158821
94446: 0.000158819
94447: 0.000158818
94448: 0.000158816
94449: 0.000158814
94450: 0.000158813
94451: 0.000158811
94452: 0.000158809
94453: 0.000158807
94454: 0.000158806
94455: 0.000158804
94456: 0.000158802
94457: 0.000158801
94458: 0.000158799
94459: 0.000158797
94460: 0.000158796
94461: 0.000158794
94462: 0.000158792
94463: 0.000158791
94464: 0.000158789
94465: 0.000158787
94466: 0.000158786
94467: 0.000158784
94468: 0.000158782
94469: 0.000158781
94470: 0.000158779
94471: 0.000158777
94472: 0.000158776
94473: 0.000158774
94474: 0.000158772
94475: 0.00015877
94476: 0.000158769
94477: 0.000158767
94478: 0.000158765
94479: 0.000158764
94480: 0.000158762
94481: 0.00015876
94482: 0.000158759
94483: 0.000158757
94484: 0.000158755
94485: 0.000158754
94486: 0.000158752
94487: 0.00015875
94488: 0.000158749
94489: 0.000158747
94490: 0.000158745
94491: 0.000158744
94492: 0.000158742
94493: 0.00015874
94494: 0.000158739
94495: 0.000158737
94496: 0.000158735
94497: 0.000158734
94498: 0.000158732
94499: 0.00015873
94500: 0.000158728
94501: 0.000158727
94502: 0.000158725
94503: 0.000158723
94504: 0.000158722
94505: 0.00015872
94506: 0.000158718
94507: 0.000158717
94508: 0.000158715
94509: 0.000158713
94510: 0.000158712
94511: 0.00015871
94512: 0.000158708
94513: 0.000158707
94514: 0.000158705
94515: 0.000158703
94516: 0.000158702
94517: 0.0001587
94518: 0.000158698
94519: 0.000158697
94520: 0.000158695
94521: 0.000158693
94522: 0.000158692
94523: 0.00015869
94524: 0.000158688
94525: 0.000158686
94526: 0.000158685
94527: 0.000158683
94528: 0.000158681
94529: 0.00015868
94530: 0.000158678
94531: 0.000158676
94532: 0.000158675
94533: 0.000158673
94534: 0.000158671
94535: 0.00015867
94536: 0.000158668
94537: 0.000158666
94538: 0.000158665
94539: 0.000158663
94540: 0.000158661
94541: 0.00015866
94542: 0.000158658
94543: 0.000158656
94544: 0.000158655
94545: 0.000158653
94546: 0.000158651
94547: 0.00015865
94548: 0.000158648
94549: 0.000158646
94550: 0.000158645
94551: 0.000158643
94552: 0.000158641
94553: 0.00015864
94554: 0.000158638
94555: 0.000158636
94556: 0.000158634
94557: 0.000158633
94558: 0.000158631
94559: 0.000158629
94560: 0.000158628
94561: 0.000158626
94562: 0.000158624
94563: 0.000158623
94564: 0.000158621
94565: 0.000158619
94566: 0.000158618
94567: 0.000158616
94568: 0.000158614
94569: 0.000158613
94570: 0.000158611
94571: 0.000158609
94572: 0.000158608
94573: 0.000158606
94574: 0.000158604
94575: 0.000158603
94576: 0.000158601
94577: 0.000158599
94578: 0.000158598
94579: 0.000158596
94580: 0.000158594
94581: 0.000158593
94582: 0.000158591
94583: 0.000158589
94584: 0.000158588
94585: 0.000158586
94586: 0.000158584
94587: 0.000158582
94588: 0.000158581
94589: 0.000158579
94590: 0.000158577
94591: 0.000158576
94592: 0.000158574
94593: 0.000158572
94594: 0.000158571
94595: 0.000158569
94596: 0.000158567
94597: 0.000158566
94598: 0.000158564
94599: 0.000158562
94600: 0.000158561
94601: 0.000158559
94602: 0.000158557
94603: 0.000158556
94604: 0.000158554
94605: 0.000158552
94606: 0.000158551
94607: 0.000158549
94608: 0.000158547
94609: 0.000158546
94610: 0.000158544
94611: 0.000158542
94612: 0.000158541
94613: 0.000158539
94614: 0.000158537
94615: 0.000158536
94616: 0.000158534
94617: 0.000158532
94618: 0.000158531
94619: 0.000158529
94620: 0.000158527
94621: 0.000158526
94622: 0.000158524
94623: 0.000158522
94624: 0.00015852
94625: 0.000158519
94626: 0.000158517
94627: 0.000158515
94628: 0.000158514
94629: 0.000158512
94630: 0.00015851
94631: 0.000158509
94632: 0.000158507
94633: 0.000158505
94634: 0.000158504
94635: 0.000158502
94636: 0.0001585
94637: 0.000158499
94638: 0.000158497
94639: 0.000158495
94640: 0.000158494
94641: 0.000158492
94642: 0.00015849
94643: 0.000158489
94644: 0.000158487
94645: 0.000158485
94646: 0.000158484
94647: 0.000158482
94648: 0.00015848
94649: 0.000158479
94650: 0.000158477
94651: 0.000158475
94652: 0.000158474
94653: 0.000158472
94654: 0.00015847
94655: 0.000158469
94656: 0.000158467
94657: 0.000158465
94658: 0.000158464
94659: 0.000158462
94660: 0.00015846
94661: 0.000158459
94662: 0.000158457
94663: 0.000158455
94664: 0.000158453
94665: 0.000158452
94666: 0.00015845
94667: 0.000158448
94668: 0.000158447
94669: 0.000158445
94670: 0.000158443
94671: 0.000158442
94672: 0.00015844
94673: 0.000158438
94674: 0.000158437
94675: 0.000158435
94676: 0.000158433
94677: 0.000158432
94678: 0.00015843
94679: 0.000158428
94680: 0.000158427
94681: 0.000158425
94682: 0.000158423
94683: 0.000158422
94684: 0.00015842
94685: 0.000158418
94686: 0.000158417
94687: 0.000158415
94688: 0.000158413
94689: 0.000158412
94690: 0.00015841
94691: 0.000158408
94692: 0.000158407
94693: 0.000158405
94694: 0.000158403
94695: 0.000158402
94696: 0.0001584
94697: 0.000158398
94698: 0.000158397
94699: 0.000158395
94700: 0.000158393
94701: 0.000158392
94702: 0.00015839
94703: 0.000158388
94704: 0.000158387
94705: 0.000158385
94706: 0.000158383
94707: 0.000158382
94708: 0.00015838
94709: 0.000158378
94710: 0.000158377
94711: 0.000158375
94712: 0.000158373
94713: 0.000158372
94714: 0.00015837
94715: 0.000158368
94716: 0.000158367
94717: 0.000158365
94718: 0.000158363
94719: 0.000158361
94720: 0.00015836
94721: 0.000158358
94722: 0.000158356
94723: 0.000158355
94724: 0.000158353
94725: 0.000158351
94726: 0.00015835
94727: 0.000158348
94728: 0.000158346
94729: 0.000158345
94730: 0.000158343
94731: 0.000158341
94732: 0.00015834
94733: 0.000158338
94734: 0.000158336
94735: 0.000158335
94736: 0.000158333
94737: 0.000158331
94738: 0.00015833
94739: 0.000158328
94740: 0.000158326
94741: 0.000158325
94742: 0.000158323
94743: 0.000158321
94744: 0.00015832
94745: 0.000158318
94746: 0.000158316
94747: 0.000158315
94748: 0.000158313
94749: 0.000158311
94750: 0.00015831
94751: 0.000158308
94752: 0.000158306
94753: 0.000158305
94754: 0.000158303
94755: 0.000158301
94756: 0.0001583
94757: 0.000158298
94758: 0.000158296
94759: 0.000158295
94760: 0.000158293
94761: 0.000158291
94762: 0.00015829
94763: 0.000158288
94764: 0.000158286
94765: 0.000158285
94766: 0.000158283
94767: 0.000158281
94768: 0.00015828
94769: 0.000158278
94770: 0.000158276
94771: 0.000158275
94772: 0.000158273
94773: 0.000158271
94774: 0.00015827
94775: 0.000158268
94776: 0.000158266
94777: 0.000158265
94778: 0.000158263
94779: 0.000158261
94780: 0.00015826
94781: 0.000158258
94782: 0.000158256
94783: 0.000158255
94784: 0.000158253
94785: 0.000158251
94786: 0.00015825
94787: 0.000158248
94788: 0.000158246
94789: 0.000158245
94790: 0.000158243
94791: 0.000158241
94792: 0.00015824
94793: 0.000158238
94794: 0.000158236
94795: 0.000158235
94796: 0.000158233
94797: 0.000158231
94798: 0.00015823
94799: 0.000158228
94800: 0.000158226
94801: 0.000158225
94802: 0.000158223
94803: 0.000158221
94804: 0.00015822
94805: 0.000158218
94806: 0.000158216
94807: 0.000158214
94808: 0.000158213
94809: 0.000158211
94810: 0.000158209
94811: 0.000158208
94812: 0.000158206
94813: 0.000158204
94814: 0.000158203
94815: 0.000158201
94816: 0.000158199
94817: 0.000158198
94818: 0.000158196
94819: 0.000158194
94820: 0.000158193
94821: 0.000158191
94822: 0.000158189
94823: 0.000158188
94824: 0.000158186
94825: 0.000158184
94826: 0.000158183
94827: 0.000158181
94828: 0.000158179
94829: 0.000158178
94830: 0.000158176
94831: 0.000158174
94832: 0.000158173
94833: 0.000158171
94834: 0.000158169
94835: 0.000158168
94836: 0.000158166
94837: 0.000158164
94838: 0.000158163
94839: 0.000158161
94840: 0.000158159
94841: 0.000158158
94842: 0.000158156
94843: 0.000158154
94844: 0.000158153
94845: 0.000158151
94846: 0.000158149
94847: 0.000158148
94848: 0.000158146
94849: 0.000158144
94850: 0.000158143
94851: 0.000158141
94852: 0.000158139
94853: 0.000158138
94854: 0.000158136
94855: 0.000158134
94856: 0.000158133
94857: 0.000158131
94858: 0.000158129
94859: 0.000158128
94860: 0.000158126
94861: 0.000158124
94862: 0.000158123
94863: 0.000158121
94864: 0.000158119
94865: 0.000158118
94866: 0.000158116
94867: 0.000158114
94868: 0.000158113
94869: 0.000158111
94870: 0.000158109
94871: 0.000158108
94872: 0.000158106
94873: 0.000158104
94874: 0.000158103
94875: 0.000158101
94876: 0.000158099
94877: 0.000158098
94878: 0.000158096
94879: 0.000158094
94880: 0.000158093
94881: 0.000158091
94882: 0.000158089
94883: 0.000158088
94884: 0.000158086
94885: 0.000158084
94886: 0.000158083
94887: 0.000158081
94888: 0.000158079
94889: 0.000158078
94890: 0.000158076
94891: 0.000158074
94892: 0.000158073
94893: 0.000158071
94894: 0.000158069
94895: 0.000158068
94896: 0.000158066
94897: 0.000158064
94898: 0.000158063
94899: 0.000158061
94900: 0.000158059
94901: 0.000158058
94902: 0.000158056
94903: 0.000158054
94904: 0.000158053
94905: 0.000158051
94906: 0.000158049
94907: 0.000158048
94908: 0.000158046
94909: 0.000158044
94910: 0.000158043
94911: 0.000158041
94912: 0.000158039
94913: 0.000158038
94914: 0.000158036
94915: 0.000158034
94916: 0.000158033
94917: 0.000158031
94918: 0.000158029
94919: 0.000158028
94920: 0.000158026
94921: 0.000158024
94922: 0.000158023
94923: 0.000158021
94924: 0.000158019
94925: 0.000158018
94926: 0.000158016
94927: 0.000158014
94928: 0.000158013
94929: 0.000158011
94930: 0.00015801
94931: 0.000158008
94932: 0.000158006
94933: 0.000158005
94934: 0.000158003
94935: 0.000158001
94936: 0.000158
94937: 0.000157998
94938: 0.000157996
94939: 0.000157995
94940: 0.000157993
94941: 0.000157991
94942: 0.00015799
94943: 0.000157988
94944: 0.000157986
94945: 0.000157985
94946: 0.000157983
94947: 0.000157981
94948: 0.00015798
94949: 0.000157978
94950: 0.000157976
94951: 0.000157975
94952: 0.000157973
94953: 0.000157971
94954: 0.00015797
94955: 0.000157968
94956: 0.000157966
94957: 0.000157965
94958: 0.000157963
94959: 0.000157961
94960: 0.00015796
94961: 0.000157958
94962: 0.000157956
94963: 0.000157955
94964: 0.000157953
94965: 0.000157951
94966: 0.00015795
94967: 0.000157948
94968: 0.000157946
94969: 0.000157945
94970: 0.000157943
94971: 0.000157941
94972: 0.00015794
94973: 0.000157938
94974: 0.000157936
94975: 0.000157935
94976: 0.000157933
94977: 0.000157931
94978: 0.00015793
94979: 0.000157928
94980: 0.000157926
94981: 0.000157925
94982: 0.000157923
94983: 0.000157921
94984: 0.00015792
94985: 0.000157918
94986: 0.000157916
94987: 0.000157915
94988: 0.000157913
94989: 0.000157911
94990: 0.00015791
94991: 0.000157908
94992: 0.000157906
94993: 0.000157905
94994: 0.000157903
94995: 0.000157901
94996: 0.0001579
94997: 0.000157898
94998: 0.000157896
94999: 0.000157895
95000: 0.000157893
95001: 0.000157891
95002: 0.00015789
95003: 0.000157888
95004: 0.000157886
95005: 0.000157885
95006: 0.000157883
95007: 0.000157881
95008: 0.00015788
95009: 0.000157878
95010: 0.000157876
95011: 0.000157875
95012: 0.000157873
95013: 0.000157871
95014: 0.00015787
95015: 0.000157868
95016: 0.000157866
95017: 0.000157865
95018: 0.000157863
95019: 0.000157862
95020: 0.00015786
95021: 0.000157858
95022: 0.000157857
95023: 0.000157855
95024: 0.000157853
95025: 0.000157852
95026: 0.00015785
95027: 0.000157848
95028: 0.000157847
95029: 0.000157845
95030: 0.000157843
95031: 0.000157842
95032: 0.00015784
95033: 0.000157838
95034: 0.000157837
95035: 0.000157835
95036: 0.000157833
95037: 0.000157832
95038: 0.00015783
95039: 0.000157828
95040: 0.000157827
95041: 0.000157825
95042: 0.000157823
95043: 0.000157822
95044: 0.00015782
95045: 0.000157818
95046: 0.000157817
95047: 0.000157815
95048: 0.000157813
95049: 0.000157812
95050: 0.00015781
95051: 0.000157808
95052: 0.000157807
95053: 0.000157805
95054: 0.000157803
95055: 0.000157802
95056: 0.0001578
95057: 0.000157798
95058: 0.000157797
95059: 0.000157795
95060: 0.000157793
95061: 0.000157792
95062: 0.00015779
95063: 0.000157788
95064: 0.000157787
95065: 0.000157785
95066: 0.000157783
95067: 0.000157782
95068: 0.00015778
95069: 0.000157778
95070: 0.000157777
95071: 0.000157775
95072: 0.000157774
95073: 0.000157772
95074: 0.00015777
95075: 0.000157769
95076: 0.000157767
95077: 0.000157765
95078: 0.000157764
95079: 0.000157762
95080: 0.00015776
95081: 0.000157759
95082: 0.000157757
95083: 0.000157755
95084: 0.000157754
95085: 0.000157752
95086: 0.00015775
95087: 0.000157749
95088: 0.000157747
95089: 0.000157745
95090: 0.000157744
95091: 0.000157742
95092: 0.00015774
95093: 0.000157739
95094: 0.000157737
95095: 0.000157735
95096: 0.000157734
95097: 0.000157732
95098: 0.00015773
95099: 0.000157729
95100: 0.000157727
95101: 0.000157725
95102: 0.000157724
95103: 0.000157722
95104: 0.00015772
95105: 0.000157719
95106: 0.000157717
95107: 0.000157715
95108: 0.000157714
95109: 0.000157712
95110: 0.00015771
95111: 0.000157709
95112: 0.000157707
95113: 0.000157705
95114: 0.000157704
95115: 0.000157702
95116: 0.000157701
95117: 0.000157699
95118: 0.000157697
95119: 0.000157696
95120: 0.000157694
95121: 0.000157692
95122: 0.000157691
95123: 0.000157689
95124: 0.000157687
95125: 0.000157686
95126: 0.000157684
95127: 0.000157682
95128: 0.000157681
95129: 0.000157679
95130: 0.000157677
95131: 0.000157676
95132: 0.000157674
95133: 0.000157672
95134: 0.000157671
95135: 0.000157669
95136: 0.000157667
95137: 0.000157666
95138: 0.000157664
95139: 0.000157662
95140: 0.000157661
95141: 0.000157659
95142: 0.000157657
95143: 0.000157656
95144: 0.000157654
95145: 0.000157652
95146: 0.000157651
95147: 0.000157649
95148: 0.000157647
95149: 0.000157646
95150: 0.000157644
95151: 0.000157643
95152: 0.000157641
95153: 0.000157639
95154: 0.000157638
95155: 0.000157636
95156: 0.000157634
95157: 0.000157633
95158: 0.000157631
95159: 0.000157629
95160: 0.000157628
95161: 0.000157626
95162: 0.000157624
95163: 0.000157623
95164: 0.000157621
95165: 0.000157619
95166: 0.000157618
95167: 0.000157616
95168: 0.000157614
95169: 0.000157613
95170: 0.000157611
95171: 0.000157609
95172: 0.000157608
95173: 0.000157606
95174: 0.000157604
95175: 0.000157603
95176: 0.000157601
95177: 0.000157599
95178: 0.000157598
95179: 0.000157596
95180: 0.000157594
95181: 0.000157593
95182: 0.000157591
95183: 0.00015759
95184: 0.000157588
95185: 0.000157586
95186: 0.000157585
95187: 0.000157583
95188: 0.000157581
95189: 0.00015758
95190: 0.000157578
95191: 0.000157576
95192: 0.000157575
95193: 0.000157573
95194: 0.000157571
95195: 0.00015757
95196: 0.000157568
95197: 0.000157566
95198: 0.000157565
95199: 0.000157563
95200: 0.000157561
95201: 0.00015756
95202: 0.000157558
95203: 0.000157556
95204: 0.000157555
95205: 0.000157553
95206: 0.000157551
95207: 0.00015755
95208: 0.000157548
95209: 0.000157546
95210: 0.000157545
95211: 0.000157543
95212: 0.000157542
95213: 0.00015754
95214: 0.000157538
95215: 0.000157537
95216: 0.000157535
95217: 0.000157533
95218: 0.000157532
95219: 0.00015753
95220: 0.000157528
95221: 0.000157527
95222: 0.000157525
95223: 0.000157523
95224: 0.000157522
95225: 0.00015752
95226: 0.000157518
95227: 0.000157517
95228: 0.000157515
95229: 0.000157513
95230: 0.000157512
95231: 0.00015751
95232: 0.000157508
95233: 0.000157507
95234: 0.000157505
95235: 0.000157503
95236: 0.000157502
95237: 0.0001575
95238: 0.000157499
95239: 0.000157497
95240: 0.000157495
95241: 0.000157494
95242: 0.000157492
95243: 0.00015749
95244: 0.000157489
95245: 0.000157487
95246: 0.000157485
95247: 0.000157484
95248: 0.000157482
95249: 0.00015748
95250: 0.000157479
95251: 0.000157477
95252: 0.000157475
95253: 0.000157474
95254: 0.000157472
95255: 0.00015747
95256: 0.000157469
95257: 0.000157467
95258: 0.000157465
95259: 0.000157464
95260: 0.000157462
95261: 0.00015746
95262: 0.000157459
95263: 0.000157457
95264: 0.000157456
95265: 0.000157454
95266: 0.000157452
95267: 0.000157451
95268: 0.000157449
95269: 0.000157447
95270: 0.000157446
95271: 0.000157444
95272: 0.000157442
95273: 0.000157441
95274: 0.000157439
95275: 0.000157437
95276: 0.000157436
95277: 0.000157434
95278: 0.000157432
95279: 0.000157431
95280: 0.000157429
95281: 0.000157427
95282: 0.000157426
95283: 0.000157424
95284: 0.000157422
95285: 0.000157421
95286: 0.000157419
95287: 0.000157418
95288: 0.000157416
95289: 0.000157414
95290: 0.000157413
95291: 0.000157411
95292: 0.000157409
95293: 0.000157408
95294: 0.000157406
95295: 0.000157404
95296: 0.000157403
95297: 0.000157401
95298: 0.000157399
95299: 0.000157398
95300: 0.000157396
95301: 0.000157394
95302: 0.000157393
95303: 0.000157391
95304: 0.000157389
95305: 0.000157388
95306: 0.000157386
95307: 0.000157384
95308: 0.000157383
95309: 0.000157381
95310: 0.00015738
95311: 0.000157378
95312: 0.000157376
95313: 0.000157375
95314: 0.000157373
95315: 0.000157371
95316: 0.00015737
95317: 0.000157368
95318: 0.000157366
95319: 0.000157365
95320: 0.000157363
95321: 0.000157361
95322: 0.00015736
95323: 0.000157358
95324: 0.000157356
95325: 0.000157355
95326: 0.000157353
95327: 0.000157351
95328: 0.00015735
95329: 0.000157348
95330: 0.000157347
95331: 0.000157345
95332: 0.000157343
95333: 0.000157342
95334: 0.00015734
95335: 0.000157338
95336: 0.000157337
95337: 0.000157335
95338: 0.000157333
95339: 0.000157332
95340: 0.00015733
95341: 0.000157328
95342: 0.000157327
95343: 0.000157325
95344: 0.000157323
95345: 0.000157322
95346: 0.00015732
95347: 0.000157318
95348: 0.000157317
95349: 0.000157315
95350: 0.000157314
95351: 0.000157312
95352: 0.00015731
95353: 0.000157309
95354: 0.000157307
95355: 0.000157305
95356: 0.000157304
95357: 0.000157302
95358: 0.0001573
95359: 0.000157299
95360: 0.000157297
95361: 0.000157295
95362: 0.000157294
95363: 0.000157292
95364: 0.00015729
95365: 0.000157289
95366: 0.000157287
95367: 0.000157285
95368: 0.000157284
95369: 0.000157282
95370: 0.000157281
95371: 0.000157279
95372: 0.000157277
95373: 0.000157276
95374: 0.000157274
95375: 0.000157272
95376: 0.000157271
95377: 0.000157269
95378: 0.000157267
95379: 0.000157266
95380: 0.000157264
95381: 0.000157262
95382: 0.000157261
95383: 0.000157259
95384: 0.000157257
95385: 0.000157256
95386: 0.000157254
95387: 0.000157252
95388: 0.000157251
95389: 0.000157249
95390: 0.000157248
95391: 0.000157246
95392: 0.000157244
95393: 0.000157243
95394: 0.000157241
95395: 0.000157239
95396: 0.000157238
95397: 0.000157236
95398: 0.000157234
95399: 0.000157233
95400: 0.000157231
95401: 0.000157229
95402: 0.000157228
95403: 0.000157226
95404: 0.000157224
95405: 0.000157223
95406: 0.000157221
95407: 0.00015722
95408: 0.000157218
95409: 0.000157216
95410: 0.000157215
95411: 0.000157213
95412: 0.000157211
95413: 0.00015721
95414: 0.000157208
95415: 0.000157206
95416: 0.000157205
95417: 0.000157203
95418: 0.000157201
95419: 0.0001572
95420: 0.000157198
95421: 0.000157196
95422: 0.000157195
95423: 0.000157193
95424: 0.000157192
95425: 0.00015719
95426: 0.000157188
95427: 0.000157187
95428: 0.000157185
95429: 0.000157183
95430: 0.000157182
95431: 0.00015718
95432: 0.000157178
95433: 0.000157177
95434: 0.000157175
95435: 0.000157173
95436: 0.000157172
95437: 0.00015717
95438: 0.000157168
95439: 0.000157167
95440: 0.000157165
95441: 0.000157164
95442: 0.000157162
95443: 0.00015716
95444: 0.000157159
95445: 0.000157157
95446: 0.000157155
95447: 0.000157154
95448: 0.000157152
95449: 0.00015715
95450: 0.000157149
95451: 0.000157147
95452: 0.000157145
95453: 0.000157144
95454: 0.000157142
95455: 0.00015714
95456: 0.000157139
95457: 0.000157137
95458: 0.000157136
95459: 0.000157134
95460: 0.000157132
95461: 0.000157131
95462: 0.000157129
95463: 0.000157127
95464: 0.000157126
95465: 0.000157124
95466: 0.000157122
95467: 0.000157121
95468: 0.000157119
95469: 0.000157117
95470: 0.000157116
95471: 0.000157114
95472: 0.000157112
95473: 0.000157111
95474: 0.000157109
95475: 0.000157108
95476: 0.000157106
95477: 0.000157104
95478: 0.000157103
95479: 0.000157101
95480: 0.000157099
95481: 0.000157098
95482: 0.000157096
95483: 0.000157094
95484: 0.000157093
95485: 0.000157091
95486: 0.000157089
95487: 0.000157088
95488: 0.000157086
95489: 0.000157085
95490: 0.000157083
95491: 0.000157081
95492: 0.00015708
95493: 0.000157078
95494: 0.000157076
95495: 0.000157075
95496: 0.000157073
95497: 0.000157071
95498: 0.00015707
95499: 0.000157068
95500: 0.000157066
95501: 0.000157065
95502: 0.000157063
95503: 0.000157061
95504: 0.00015706
95505: 0.000157058
95506: 0.000157057
95507: 0.000157055
95508: 0.000157053
95509: 0.000157052
95510: 0.00015705
95511: 0.000157048
95512: 0.000157047
95513: 0.000157045
95514: 0.000157043
95515: 0.000157042
95516: 0.00015704
95517: 0.000157038
95518: 0.000157037
95519: 0.000157035
95520: 0.000157034
95521: 0.000157032
95522: 0.00015703
95523: 0.000157029
95524: 0.000157027
95525: 0.000157025
95526: 0.000157024
95527: 0.000157022
95528: 0.00015702
95529: 0.000157019
95530: 0.000157017
95531: 0.000157015
95532: 0.000157014
95533: 0.000157012
95534: 0.000157011
95535: 0.000157009
95536: 0.000157007
95537: 0.000157006
95538: 0.000157004
95539: 0.000157002
95540: 0.000157001
95541: 0.000156999
95542: 0.000156997
95543: 0.000156996
95544: 0.000156994
95545: 0.000156992
95546: 0.000156991
95547: 0.000156989
95548: 0.000156988
95549: 0.000156986
95550: 0.000156984
95551: 0.000156983
95552: 0.000156981
95553: 0.000156979
95554: 0.000156978
95555: 0.000156976
95556: 0.000156974
95557: 0.000156973
95558: 0.000156971
95559: 0.000156969
95560: 0.000156968
95561: 0.000156966
95562: 0.000156965
95563: 0.000156963
95564: 0.000156961
95565: 0.00015696
95566: 0.000156958
95567: 0.000156956
95568: 0.000156955
95569: 0.000156953
95570: 0.000156951
95571: 0.00015695
95572: 0.000156948
95573: 0.000156946
95574: 0.000156945
95575: 0.000156943
95576: 0.000156942
95577: 0.00015694
95578: 0.000156938
95579: 0.000156937
95580: 0.000156935
95581: 0.000156933
95582: 0.000156932
95583: 0.00015693
95584: 0.000156928
95585: 0.000156927
95586: 0.000156925
95587: 0.000156923
95588: 0.000156922
95589: 0.00015692
95590: 0.000156919
95591: 0.000156917
95592: 0.000156915
95593: 0.000156914
95594: 0.000156912
95595: 0.00015691
95596: 0.000156909
95597: 0.000156907
95598: 0.000156905
95599: 0.000156904
95600: 0.000156902
95601: 0.0001569
95602: 0.000156899
95603: 0.000156897
95604: 0.000156896
95605: 0.000156894
95606: 0.000156892
95607: 0.000156891
95608: 0.000156889
95609: 0.000156887
95610: 0.000156886
95611: 0.000156884
95612: 0.000156882
95613: 0.000156881
95614: 0.000156879
95615: 0.000156878
95616: 0.000156876
95617: 0.000156874
95618: 0.000156873
95619: 0.000156871
95620: 0.000156869
95621: 0.000156868
95622: 0.000156866
95623: 0.000156864
95624: 0.000156863
95625: 0.000156861
95626: 0.000156859
95627: 0.000156858
95628: 0.000156856
95629: 0.000156855
95630: 0.000156853
95631: 0.000156851
95632: 0.00015685
95633: 0.000156848
95634: 0.000156846
95635: 0.000156845
95636: 0.000156843
95637: 0.000156841
95638: 0.00015684
95639: 0.000156838
95640: 0.000156837
95641: 0.000156835
95642: 0.000156833
95643: 0.000156832
95644: 0.00015683
95645: 0.000156828
95646: 0.000156827
95647: 0.000156825
95648: 0.000156823
95649: 0.000156822
95650: 0.00015682
95651: 0.000156818
95652: 0.000156817
95653: 0.000156815
95654: 0.000156814
95655: 0.000156812
95656: 0.00015681
95657: 0.000156809
95658: 0.000156807
95659: 0.000156805
95660: 0.000156804
95661: 0.000156802
95662: 0.0001568
95663: 0.000156799
95664: 0.000156797
95665: 0.000156796
95666: 0.000156794
95667: 0.000156792
95668: 0.000156791
95669: 0.000156789
95670: 0.000156787
95671: 0.000156786
95672: 0.000156784
95673: 0.000156782
95674: 0.000156781
95675: 0.000156779
95676: 0.000156777
95677: 0.000156776
95678: 0.000156774
95679: 0.000156773
95680: 0.000156771
95681: 0.000156769
95682: 0.000156768
95683: 0.000156766
95684: 0.000156764
95685: 0.000156763
95686: 0.000156761
95687: 0.000156759
95688: 0.000156758
95689: 0.000156756
95690: 0.000156755
95691: 0.000156753
95692: 0.000156751
95693: 0.00015675
95694: 0.000156748
95695: 0.000156746
95696: 0.000156745
95697: 0.000156743
95698: 0.000156741
95699: 0.00015674
95700: 0.000156738
95701: 0.000156737
95702: 0.000156735
95703: 0.000156733
95704: 0.000156732
95705: 0.00015673
95706: 0.000156728
95707: 0.000156727
95708: 0.000156725
95709: 0.000156723
95710: 0.000156722
95711: 0.00015672
95712: 0.000156719
95713: 0.000156717
95714: 0.000156715
95715: 0.000156714
95716: 0.000156712
95717: 0.00015671
95718: 0.000156709
95719: 0.000156707
95720: 0.000156705
95721: 0.000156704
95722: 0.000156702
95723: 0.000156701
95724: 0.000156699
95725: 0.000156697
95726: 0.000156696
95727: 0.000156694
95728: 0.000156692
95729: 0.000156691
95730: 0.000156689
95731: 0.000156687
95732: 0.000156686
95733: 0.000156684
95734: 0.000156683
95735: 0.000156681
95736: 0.000156679
95737: 0.000156678
95738: 0.000156676
95739: 0.000156674
95740: 0.000156673
95741: 0.000156671
95742: 0.000156669
95743: 0.000156668
95744: 0.000156666
95745: 0.000156665
95746: 0.000156663
95747: 0.000156661
95748: 0.00015666
95749: 0.000156658
95750: 0.000156656
95751: 0.000156655
95752: 0.000156653
95753: 0.000156651
95754: 0.00015665
95755: 0.000156648
95756: 0.000156647
95757: 0.000156645
95758: 0.000156643
95759: 0.000156642
95760: 0.00015664
95761: 0.000156638
95762: 0.000156637
95763: 0.000156635
95764: 0.000156633
95765: 0.000156632
95766: 0.00015663
95767: 0.000156629
95768: 0.000156627
95769: 0.000156625
95770: 0.000156624
95771: 0.000156622
95772: 0.00015662
95773: 0.000156619
95774: 0.000156617
95775: 0.000156615
95776: 0.000156614
95777: 0.000156612
95778: 0.000156611
95779: 0.000156609
95780: 0.000156607
95781: 0.000156606
95782: 0.000156604
95783: 0.000156602
95784: 0.000156601
95785: 0.000156599
95786: 0.000156597
95787: 0.000156596
95788: 0.000156594
95789: 0.000156593
95790: 0.000156591
95791: 0.000156589
95792: 0.000156588
95793: 0.000156586
95794: 0.000156584
95795: 0.000156583
95796: 0.000156581
95797: 0.000156579
95798: 0.000156578
95799: 0.000156576
95800: 0.000156575
95801: 0.000156573
95802: 0.000156571
95803: 0.00015657
95804: 0.000156568
95805: 0.000156566
95806: 0.000156565
95807: 0.000156563
95808: 0.000156561
95809: 0.00015656
95810: 0.000156558
95811: 0.000156557
95812: 0.000156555
95813: 0.000156553
95814: 0.000156552
95815: 0.00015655
95816: 0.000156548
95817: 0.000156547
95818: 0.000156545
95819: 0.000156544
95820: 0.000156542
95821: 0.00015654
95822: 0.000156539
95823: 0.000156537
95824: 0.000156535
95825: 0.000156534
95826: 0.000156532
95827: 0.00015653
95828: 0.000156529
95829: 0.000156527
95830: 0.000156526
95831: 0.000156524
95832: 0.000156522
95833: 0.000156521
95834: 0.000156519
95835: 0.000156517
95836: 0.000156516
95837: 0.000156514
95838: 0.000156512
95839: 0.000156511
95840: 0.000156509
95841: 0.000156508
95842: 0.000156506
95843: 0.000156504
95844: 0.000156503
95845: 0.000156501
95846: 0.000156499
95847: 0.000156498
95848: 0.000156496
95849: 0.000156495
95850: 0.000156493
95851: 0.000156491
95852: 0.00015649
95853: 0.000156488
95854: 0.000156486
95855: 0.000156485
95856: 0.000156483
95857: 0.000156481
95858: 0.00015648
95859: 0.000156478
95860: 0.000156477
95861: 0.000156475
95862: 0.000156473
95863: 0.000156472
95864: 0.00015647
95865: 0.000156468
95866: 0.000156467
95867: 0.000156465
95868: 0.000156464
95869: 0.000156462
95870: 0.00015646
95871: 0.000156459
95872: 0.000156457
95873: 0.000156455
95874: 0.000156454
95875: 0.000156452
95876: 0.00015645
95877: 0.000156449
95878: 0.000156447
95879: 0.000156446
95880: 0.000156444
95881: 0.000156442
95882: 0.000156441
95883: 0.000156439
95884: 0.000156437
95885: 0.000156436
95886: 0.000156434
95887: 0.000156433
95888: 0.000156431
95889: 0.000156429
95890: 0.000156428
95891: 0.000156426
95892: 0.000156424
95893: 0.000156423
95894: 0.000156421
95895: 0.000156419
95896: 0.000156418
95897: 0.000156416
95898: 0.000156415
95899: 0.000156413
95900: 0.000156411
95901: 0.00015641
95902: 0.000156408
95903: 0.000156406
95904: 0.000156405
95905: 0.000156403
95906: 0.000156402
95907: 0.0001564
95908: 0.000156398
95909: 0.000156397
95910: 0.000156395
95911: 0.000156393
95912: 0.000156392
95913: 0.00015639
95914: 0.000156388
95915: 0.000156387
95916: 0.000156385
95917: 0.000156384
95918: 0.000156382
95919: 0.00015638
95920: 0.000156379
95921: 0.000156377
95922: 0.000156375
95923: 0.000156374
95924: 0.000156372
95925: 0.000156371
95926: 0.000156369
95927: 0.000156367
95928: 0.000156366
95929: 0.000156364
95930: 0.000156362
95931: 0.000156361
95932: 0.000156359
95933: 0.000156357
95934: 0.000156356
95935: 0.000156354
95936: 0.000156353
95937: 0.000156351
95938: 0.000156349
95939: 0.000156348
95940: 0.000156346
95941: 0.000156344
95942: 0.000156343
95943: 0.000156341
95944: 0.00015634
95945: 0.000156338
95946: 0.000156336
95947: 0.000156335
95948: 0.000156333
95949: 0.000156331
95950: 0.00015633
95951: 0.000156328
95952: 0.000156327
95953: 0.000156325
95954: 0.000156323
95955: 0.000156322
95956: 0.00015632
95957: 0.000156318
95958: 0.000156317
95959: 0.000156315
95960: 0.000156314
95961: 0.000156312
95962: 0.00015631
95963: 0.000156309
95964: 0.000156307
95965: 0.000156305
95966: 0.000156304
95967: 0.000156302
95968: 0.0001563
95969: 0.000156299
95970: 0.000156297
95971: 0.000156296
95972: 0.000156294
95973: 0.000156292
95974: 0.000156291
95975: 0.000156289
95976: 0.000156287
95977: 0.000156286
95978: 0.000156284
95979: 0.000156283
95980: 0.000156281
95981: 0.000156279
95982: 0.000156278
95983: 0.000156276
95984: 0.000156274
95985: 0.000156273
95986: 0.000156271
95987: 0.00015627
95988: 0.000156268
95989: 0.000156266
95990: 0.000156265
95991: 0.000156263
95992: 0.000156261
95993: 0.00015626
95994: 0.000156258
95995: 0.000156257
95996: 0.000156255
95997: 0.000156253
95998: 0.000156252
95999: 0.00015625
96000: 0.000156248
96001: 0.000156247
96002: 0.000156245
96003: 0.000156243
96004: 0.000156242
96005: 0.00015624
96006: 0.000156239
96007: 0.000156237
96008: 0.000156235
96009: 0.000156234
96010: 0.000156232
96011: 0.00015623
96012: 0.000156229
96013: 0.000156227
96014: 0.000156226
96015: 0.000156224
96016: 0.000156222
96017: 0.000156221
96018: 0.000156219
96019: 0.000156217
96020: 0.000156216
96021: 0.000156214
96022: 0.000156213
96023: 0.000156211
96024: 0.000156209
96025: 0.000156208
96026: 0.000156206
96027: 0.000156204
96028: 0.000156203
96029: 0.000156201
96030: 0.0001562
96031: 0.000156198
96032: 0.000156196
96033: 0.000156195
96034: 0.000156193
96035: 0.000156191
96036: 0.00015619
96037: 0.000156188
96038: 0.000156187
96039: 0.000156185
96040: 0.000156183
96041: 0.000156182
96042: 0.00015618
96043: 0.000156178
96044: 0.000156177
96045: 0.000156175
96046: 0.000156174
96047: 0.000156172
96048: 0.00015617
96049: 0.000156169
96050: 0.000156167
96051: 0.000156165
96052: 0.000156164
96053: 0.000156162
96054: 0.000156161
96055: 0.000156159
96056: 0.000156157
96057: 0.000156156
96058: 0.000156154
96059: 0.000156152
96060: 0.000156151
96061: 0.000156149
96062: 0.000156148
96063: 0.000156146
96064: 0.000156144
96065: 0.000156143
96066: 0.000156141
96067: 0.000156139
96068: 0.000156138
96069: 0.000156136
96070: 0.000156135
96071: 0.000156133
96072: 0.000156131
96073: 0.00015613
96074: 0.000156128
96075: 0.000156126
96076: 0.000156125
96077: 0.000156123
96078: 0.000156122
96079: 0.00015612
96080: 0.000156118
96081: 0.000156117
96082: 0.000156115
96083: 0.000156113
96084: 0.000156112
96085: 0.00015611
96086: 0.000156109
96087: 0.000156107
96088: 0.000156105
96089: 0.000156104
96090: 0.000156102
96091: 0.0001561
96092: 0.000156099
96093: 0.000156097
96094: 0.000156096
96095: 0.000156094
96096: 0.000156092
96097: 0.000156091
96098: 0.000156089
96099: 0.000156087
96100: 0.000156086
96101: 0.000156084
96102: 0.000156083
96103: 0.000156081
96104: 0.000156079
96105: 0.000156078
96106: 0.000156076
96107: 0.000156074
96108: 0.000156073
96109: 0.000156071
96110: 0.00015607
96111: 0.000156068
96112: 0.000156066
96113: 0.000156065
96114: 0.000156063
96115: 0.000156061
96116: 0.00015606
96117: 0.000156058
96118: 0.000156057
96119: 0.000156055
96120: 0.000156053
96121: 0.000156052
96122: 0.00015605
96123: 0.000156048
96124: 0.000156047
96125: 0.000156045
96126: 0.000156044
96127: 0.000156042
96128: 0.00015604
96129: 0.000156039
96130: 0.000156037
96131: 0.000156035
96132: 0.000156034
96133: 0.000156032
96134: 0.000156031
96135: 0.000156029
96136: 0.000156027
96137: 0.000156026
96138: 0.000156024
96139: 0.000156022
96140: 0.000156021
96141: 0.000156019
96142: 0.000156018
96143: 0.000156016
96144: 0.000156014
96145: 0.000156013
96146: 0.000156011
96147: 0.000156009
96148: 0.000156008
96149: 0.000156006
96150: 0.000156005
96151: 0.000156003
96152: 0.000156001
96153: 0.000156
96154: 0.000155998
96155: 0.000155997
96156: 0.000155995
96157: 0.000155993
96158: 0.000155992
96159: 0.00015599
96160: 0.000155988
96161: 0.000155987
96162: 0.000155985
96163: 0.000155984
96164: 0.000155982
96165: 0.00015598
96166: 0.000155979
96167: 0.000155977
96168: 0.000155975
96169: 0.000155974
96170: 0.000155972
96171: 0.000155971
96172: 0.000155969
96173: 0.000155967
96174: 0.000155966
96175: 0.000155964
96176: 0.000155962
96177: 0.000155961
96178: 0.000155959
96179: 0.000155958
96180: 0.000155956
96181: 0.000155954
96182: 0.000155953
96183: 0.000155951
96184: 0.000155949
96185: 0.000155948
96186: 0.000155946
96187: 0.000155945
96188: 0.000155943
96189: 0.000155941
96190: 0.00015594
96191: 0.000155938
96192: 0.000155937
96193: 0.000155935
96194: 0.000155933
96195: 0.000155932
96196: 0.00015593
96197: 0.000155928
96198: 0.000155927
96199: 0.000155925
96200: 0.000155924
96201: 0.000155922
96202: 0.00015592
96203: 0.000155919
96204: 0.000155917
96205: 0.000155915
96206: 0.000155914
96207: 0.000155912
96208: 0.000155911
96209: 0.000155909
96210: 0.000155907
96211: 0.000155906
96212: 0.000155904
96213: 0.000155902
96214: 0.000155901
96215: 0.000155899
96216: 0.000155898
96217: 0.000155896
96218: 0.000155894
96219: 0.000155893
96220: 0.000155891
96221: 0.00015589
96222: 0.000155888
96223: 0.000155886
96224: 0.000155885
96225: 0.000155883
96226: 0.000155881
96227: 0.00015588
96228: 0.000155878
96229: 0.000155877
96230: 0.000155875
96231: 0.000155873
96232: 0.000155872
96233: 0.00015587
96234: 0.000155868
96235: 0.000155867
96236: 0.000155865
96237: 0.000155864
96238: 0.000155862
96239: 0.00015586
96240: 0.000155859
96241: 0.000155857
96242: 0.000155855
96243: 0.000155854
96244: 0.000155852
96245: 0.000155851
96246: 0.000155849
96247: 0.000155847
96248: 0.000155846
96249: 0.000155844
96250: 0.000155843
96251: 0.000155841
96252: 0.000155839
96253: 0.000155838
96254: 0.000155836
96255: 0.000155834
96256: 0.000155833
96257: 0.000155831
96258: 0.00015583
96259: 0.000155828
96260: 0.000155826
96261: 0.000155825
96262: 0.000155823
96263: 0.000155821
96264: 0.00015582
96265: 0.000155818
96266: 0.000155817
96267: 0.000155815
96268: 0.000155813
96269: 0.000155812
96270: 0.00015581
96271: 0.000155809
96272: 0.000155807
96273: 0.000155805
96274: 0.000155804
96275: 0.000155802
96276: 0.0001558
96277: 0.000155799
96278: 0.000155797
96279: 0.000155796
96280: 0.000155794
96281: 0.000155792
96282: 0.000155791
96283: 0.000155789
96284: 0.000155788
96285: 0.000155786
96286: 0.000155784
96287: 0.000155783
96288: 0.000155781
96289: 0.000155779
96290: 0.000155778
96291: 0.000155776
96292: 0.000155775
96293: 0.000155773
96294: 0.000155771
96295: 0.00015577
96296: 0.000155768
96297: 0.000155766
96298: 0.000155765
96299: 0.000155763
96300: 0.000155762
96301: 0.00015576
96302: 0.000155758
96303: 0.000155757
96304: 0.000155755
96305: 0.000155754
96306: 0.000155752
96307: 0.00015575
96308: 0.000155749
96309: 0.000155747
96310: 0.000155745
96311: 0.000155744
96312: 0.000155742
96313: 0.000155741
96314: 0.000155739
96315: 0.000155737
96316: 0.000155736
96317: 0.000155734
96318: 0.000155733
96319: 0.000155731
96320: 0.000155729
96321: 0.000155728
96322: 0.000155726
96323: 0.000155724
96324: 0.000155723
96325: 0.000155721
96326: 0.00015572
96327: 0.000155718
96328: 0.000155716
96329: 0.000155715
96330: 0.000155713
96331: 0.000155711
96332: 0.00015571
96333: 0.000155708
96334: 0.000155707
96335: 0.000155705
96336: 0.000155703
96337: 0.000155702
96338: 0.0001557
96339: 0.000155699
96340: 0.000155697
96341: 0.000155695
96342: 0.000155694
96343: 0.000155692
96344: 0.00015569
96345: 0.000155689
96346: 0.000155687
96347: 0.000155686
96348: 0.000155684
96349: 0.000155682
96350: 0.000155681
96351: 0.000155679
96352: 0.000155678
96353: 0.000155676
96354: 0.000155674
96355: 0.000155673
96356: 0.000155671
96357: 0.000155669
96358: 0.000155668
96359: 0.000155666
96360: 0.000155665
96361: 0.000155663
96362: 0.000155661
96363: 0.00015566
96364: 0.000155658
96365: 0.000155657
96366: 0.000155655
96367: 0.000155653
96368: 0.000155652
96369: 0.00015565
96370: 0.000155648
96371: 0.000155647
96372: 0.000155645
96373: 0.000155644
96374: 0.000155642
96375: 0.00015564
96376: 0.000155639
96377: 0.000155637
96378: 0.000155636
96379: 0.000155634
96380: 0.000155632
96381: 0.000155631
96382: 0.000155629
96383: 0.000155627
96384: 0.000155626
96385: 0.000155624
96386: 0.000155623
96387: 0.000155621
96388: 0.000155619
96389: 0.000155618
96390: 0.000155616
96391: 0.000155615
96392: 0.000155613
96393: 0.000155611
96394: 0.00015561
96395: 0.000155608
96396: 0.000155607
96397: 0.000155605
96398: 0.000155603
96399: 0.000155602
96400: 0.0001556
96401: 0.000155598
96402: 0.000155597
96403: 0.000155595
96404: 0.000155594
96405: 0.000155592
96406: 0.00015559
96407: 0.000155589
96408: 0.000155587
96409: 0.000155586
96410: 0.000155584
96411: 0.000155582
96412: 0.000155581
96413: 0.000155579
96414: 0.000155577
96415: 0.000155576
96416: 0.000155574
96417: 0.000155573
96418: 0.000155571
96419: 0.000155569
96420: 0.000155568
96421: 0.000155566
96422: 0.000155565
96423: 0.000155563
96424: 0.000155561
96425: 0.00015556
96426: 0.000155558
96427: 0.000155556
96428: 0.000155555
96429: 0.000155553
96430: 0.000155552
96431: 0.00015555
96432: 0.000155548
96433: 0.000155547
96434: 0.000155545
96435: 0.000155544
96436: 0.000155542
96437: 0.00015554
96438: 0.000155539
96439: 0.000155537
96440: 0.000155536
96441: 0.000155534
96442: 0.000155532
96443: 0.000155531
96444: 0.000155529
96445: 0.000155527
96446: 0.000155526
96447: 0.000155524
96448: 0.000155523
96449: 0.000155521
96450: 0.000155519
96451: 0.000155518
96452: 0.000155516
96453: 0.000155515
96454: 0.000155513
96455: 0.000155511
96456: 0.00015551
96457: 0.000155508
96458: 0.000155506
96459: 0.000155505
96460: 0.000155503
96461: 0.000155502
96462: 0.0001555
96463: 0.000155498
96464: 0.000155497
96465: 0.000155495
96466: 0.000155494
96467: 0.000155492
96468: 0.00015549
96469: 0.000155489
96470: 0.000155487
96471: 0.000155486
96472: 0.000155484
96473: 0.000155482
96474: 0.000155481
96475: 0.000155479
96476: 0.000155477
96477: 0.000155476
96478: 0.000155474
96479: 0.000155473
96480: 0.000155471
96481: 0.000155469
96482: 0.000155468
96483: 0.000155466
96484: 0.000155465
96485: 0.000155463
96486: 0.000155461
96487: 0.00015546
96488: 0.000155458
96489: 0.000155457
96490: 0.000155455
96491: 0.000155453
96492: 0.000155452
96493: 0.00015545
96494: 0.000155448
96495: 0.000155447
96496: 0.000155445
96497: 0.000155444
96498: 0.000155442
96499: 0.00015544
96500: 0.000155439
96501: 0.000155437
96502: 0.000155436
96503: 0.000155434
96504: 0.000155432
96505: 0.000155431
96506: 0.000155429
96507: 0.000155428
96508: 0.000155426
96509: 0.000155424
96510: 0.000155423
96511: 0.000155421
96512: 0.000155419
96513: 0.000155418
96514: 0.000155416
96515: 0.000155415
96516: 0.000155413
96517: 0.000155411
96518: 0.00015541
96519: 0.000155408
96520: 0.000155407
96521: 0.000155405
96522: 0.000155403
96523: 0.000155402
96524: 0.0001554
96525: 0.000155399
96526: 0.000155397
96527: 0.000155395
96528: 0.000155394
96529: 0.000155392
96530: 0.00015539
96531: 0.000155389
96532: 0.000155387
96533: 0.000155386
96534: 0.000155384
96535: 0.000155382
96536: 0.000155381
96537: 0.000155379
96538: 0.000155378
96539: 0.000155376
96540: 0.000155374
96541: 0.000155373
96542: 0.000155371
96543: 0.00015537
96544: 0.000155368
96545: 0.000155366
96546: 0.000155365
96547: 0.000155363
96548: 0.000155362
96549: 0.00015536
96550: 0.000155358
96551: 0.000155357
96552: 0.000155355
96553: 0.000155353
96554: 0.000155352
96555: 0.00015535
96556: 0.000155349
96557: 0.000155347
96558: 0.000155345
96559: 0.000155344
96560: 0.000155342
96561: 0.000155341
96562: 0.000155339
96563: 0.000155337
96564: 0.000155336
96565: 0.000155334
96566: 0.000155333
96567: 0.000155331
96568: 0.000155329
96569: 0.000155328
96570: 0.000155326
96571: 0.000155325
96572: 0.000155323
96573: 0.000155321
96574: 0.00015532
96575: 0.000155318
96576: 0.000155316
96577: 0.000155315
96578: 0.000155313
96579: 0.000155312
96580: 0.00015531
96581: 0.000155308
96582: 0.000155307
96583: 0.000155305
96584: 0.000155304
96585: 0.000155302
96586: 0.0001553
96587: 0.000155299
96588: 0.000155297
96589: 0.000155296
96590: 0.000155294
96591: 0.000155292
96592: 0.000155291
96593: 0.000155289
96594: 0.000155288
96595: 0.000155286
96596: 0.000155284
96597: 0.000155283
96598: 0.000155281
96599: 0.00015528
96600: 0.000155278
96601: 0.000155276
96602: 0.000155275
96603: 0.000155273
96604: 0.000155271
96605: 0.00015527
96606: 0.000155268
96607: 0.000155267
96608: 0.000155265
96609: 0.000155263
96610: 0.000155262
96611: 0.00015526
96612: 0.000155259
96613: 0.000155257
96614: 0.000155255
96615: 0.000155254
96616: 0.000155252
96617: 0.000155251
96618: 0.000155249
96619: 0.000155247
96620: 0.000155246
96621: 0.000155244
96622: 0.000155243
96623: 0.000155241
96624: 0.000155239
96625: 0.000155238
96626: 0.000155236
96627: 0.000155235
96628: 0.000155233
96629: 0.000155231
96630: 0.00015523
96631: 0.000155228
96632: 0.000155226
96633: 0.000155225
96634: 0.000155223
96635: 0.000155222
96636: 0.00015522
96637: 0.000155218
96638: 0.000155217
96639: 0.000155215
96640: 0.000155214
96641: 0.000155212
96642: 0.00015521
96643: 0.000155209
96644: 0.000155207
96645: 0.000155206
96646: 0.000155204
96647: 0.000155202
96648: 0.000155201
96649: 0.000155199
96650: 0.000155198
96651: 0.000155196
96652: 0.000155194
96653: 0.000155193
96654: 0.000155191
96655: 0.00015519
96656: 0.000155188
96657: 0.000155186
96658: 0.000155185
96659: 0.000155183
96660: 0.000155182
96661: 0.00015518
96662: 0.000155178
96663: 0.000155177
96664: 0.000155175
96665: 0.000155173
96666: 0.000155172
96667: 0.00015517
96668: 0.000155169
96669: 0.000155167
96670: 0.000155165
96671: 0.000155164
96672: 0.000155162
96673: 0.000155161
96674: 0.000155159
96675: 0.000155157
96676: 0.000155156
96677: 0.000155154
96678: 0.000155153
96679: 0.000155151
96680: 0.000155149
96681: 0.000155148
96682: 0.000155146
96683: 0.000155145
96684: 0.000155143
96685: 0.000155141
96686: 0.00015514
96687: 0.000155138
96688: 0.000155137
96689: 0.000155135
96690: 0.000155133
96691: 0.000155132
96692: 0.00015513
96693: 0.000155129
96694: 0.000155127
96695: 0.000155125
96696: 0.000155124
96697: 0.000155122
96698: 0.000155121
96699: 0.000155119
96700: 0.000155117
96701: 0.000155116
96702: 0.000155114
96703: 0.000155113
96704: 0.000155111
96705: 0.000155109
96706: 0.000155108
96707: 0.000155106
96708: 0.000155104
96709: 0.000155103
96710: 0.000155101
96711: 0.0001551
96712: 0.000155098
96713: 0.000155096
96714: 0.000155095
96715: 0.000155093
96716: 0.000155092
96717: 0.00015509
96718: 0.000155088
96719: 0.000155087
96720: 0.000155085
96721: 0.000155084
96722: 0.000155082
96723: 0.00015508
96724: 0.000155079
96725: 0.000155077
96726: 0.000155076
96727: 0.000155074
96728: 0.000155072
96729: 0.000155071
96730: 0.000155069
96731: 0.000155068
96732: 0.000155066
96733: 0.000155064
96734: 0.000155063
96735: 0.000155061
96736: 0.00015506
96737: 0.000155058
96738: 0.000155056
96739: 0.000155055
96740: 0.000155053
96741: 0.000155052
96742: 0.00015505
96743: 0.000155048
96744: 0.000155047
96745: 0.000155045
96746: 0.000155044
96747: 0.000155042
96748: 0.00015504
96749: 0.000155039
96750: 0.000155037
96751: 0.000155036
96752: 0.000155034
96753: 0.000155032
96754: 0.000155031
96755: 0.000155029
96756: 0.000155028
96757: 0.000155026
96758: 0.000155024
96759: 0.000155023
96760: 0.000155021
96761: 0.00015502
96762: 0.000155018
96763: 0.000155016
96764: 0.000155015
96765: 0.000155013
96766: 0.000155012
96767: 0.00015501
96768: 0.000155008
96769: 0.000155007
96770: 0.000155005
96771: 0.000155004
96772: 0.000155002
96773: 0.000155
96774: 0.000154999
96775: 0.000154997
96776: 0.000154996
96777: 0.000154994
96778: 0.000154992
96779: 0.000154991
96780: 0.000154989
96781: 0.000154987
96782: 0.000154986
96783: 0.000154984
96784: 0.000154983
96785: 0.000154981
96786: 0.000154979
96787: 0.000154978
96788: 0.000154976
96789: 0.000154975
96790: 0.000154973
96791: 0.000154971
96792: 0.00015497
96793: 0.000154968
96794: 0.000154967
96795: 0.000154965
96796: 0.000154963
96797: 0.000154962
96798: 0.00015496
96799: 0.000154959
96800: 0.000154957
96801: 0.000154955
96802: 0.000154954
96803: 0.000154952
96804: 0.000154951
96805: 0.000154949
96806: 0.000154947
96807: 0.000154946
96808: 0.000154944
96809: 0.000154943
96810: 0.000154941
96811: 0.000154939
96812: 0.000154938
96813: 0.000154936
96814: 0.000154935
96815: 0.000154933
96816: 0.000154931
96817: 0.00015493
96818: 0.000154928
96819: 0.000154927
96820: 0.000154925
96821: 0.000154923
96822: 0.000154922
96823: 0.00015492
96824: 0.000154919
96825: 0.000154917
96826: 0.000154915
96827: 0.000154914
96828: 0.000154912
96829: 0.000154911
96830: 0.000154909
96831: 0.000154907
96832: 0.000154906
96833: 0.000154904
96834: 0.000154903
96835: 0.000154901
96836: 0.000154899
96837: 0.000154898
96838: 0.000154896
96839: 0.000154895
96840: 0.000154893
96841: 0.000154891
96842: 0.00015489
96843: 0.000154888
96844: 0.000154887
96845: 0.000154885
96846: 0.000154883
96847: 0.000154882
96848: 0.00015488
96849: 0.000154879
96850: 0.000154877
96851: 0.000154875
96852: 0.000154874
96853: 0.000154872
96854: 0.000154871
96855: 0.000154869
96856: 0.000154867
96857: 0.000154866
96858: 0.000154864
96859: 0.000154863
96860: 0.000154861
96861: 0.000154859
96862: 0.000154858
96863: 0.000154856
96864: 0.000154855
96865: 0.000154853
96866: 0.000154851
96867: 0.00015485
96868: 0.000154848
96869: 0.000154847
96870: 0.000154845
96871: 0.000154844
96872: 0.000154842
96873: 0.00015484
96874: 0.000154839
96875: 0.000154837
96876: 0.000154836
96877: 0.000154834
96878: 0.000154832
96879: 0.000154831
96880: 0.000154829
96881: 0.000154828
96882: 0.000154826
96883: 0.000154824
96884: 0.000154823
96885: 0.000154821
96886: 0.00015482
96887: 0.000154818
96888: 0.000154816
96889: 0.000154815
96890: 0.000154813
96891: 0.000154812
96892: 0.00015481
96893: 0.000154808
96894: 0.000154807
96895: 0.000154805
96896: 0.000154804
96897: 0.000154802
96898: 0.0001548
96899: 0.000154799
96900: 0.000154797
96901: 0.000154796
96902: 0.000154794
96903: 0.000154792
96904: 0.000154791
96905: 0.000154789
96906: 0.000154788
96907: 0.000154786
96908: 0.000154784
96909: 0.000154783
96910: 0.000154781
96911: 0.00015478
96912: 0.000154778
96913: 0.000154776
96914: 0.000154775
96915: 0.000154773
96916: 0.000154772
96917: 0.00015477
96918: 0.000154768
96919: 0.000154767
96920: 0.000154765
96921: 0.000154764
96922: 0.000154762
96923: 0.00015476
96924: 0.000154759
96925: 0.000154757
96926: 0.000154756
96927: 0.000154754
96928: 0.000154752
96929: 0.000154751
96930: 0.000154749
96931: 0.000154748
96932: 0.000154746
96933: 0.000154744
96934: 0.000154743
96935: 0.000154741
96936: 0.00015474
96937: 0.000154738
96938: 0.000154736
96939: 0.000154735
96940: 0.000154733
96941: 0.000154732
96942: 0.00015473
96943: 0.000154729
96944: 0.000154727
96945: 0.000154725
96946: 0.000154724
96947: 0.000154722
96948: 0.000154721
96949: 0.000154719
96950: 0.000154717
96951: 0.000154716
96952: 0.000154714
96953: 0.000154713
96954: 0.000154711
96955: 0.000154709
96956: 0.000154708
96957: 0.000154706
96958: 0.000154705
96959: 0.000154703
96960: 0.000154701
96961: 0.0001547
96962: 0.000154698
96963: 0.000154697
96964: 0.000154695
96965: 0.000154693
96966: 0.000154692
96967: 0.00015469
96968: 0.000154689
96969: 0.000154687
96970: 0.000154685
96971: 0.000154684
96972: 0.000154682
96973: 0.000154681
96974: 0.000154679
96975: 0.000154677
96976: 0.000154676
96977: 0.000154674
96978: 0.000154673
96979: 0.000154671
96980: 0.000154669
96981: 0.000154668
96982: 0.000154666
96983: 0.000154665
96984: 0.000154663
96985: 0.000154661
96986: 0.00015466
96987: 0.000154658
96988: 0.000154657
96989: 0.000154655
96990: 0.000154654
96991: 0.000154652
96992: 0.00015465
96993: 0.000154649
96994: 0.000154647
96995: 0.000154646
96996: 0.000154644
96997: 0.000154642
96998: 0.000154641
96999: 0.000154639
97000: 0.000154638
97001: 0.000154636
97002: 0.000154634
97003: 0.000154633
97004: 0.000154631
97005: 0.00015463
97006: 0.000154628
97007: 0.000154626
97008: 0.000154625
97009: 0.000154623
97010: 0.000154622
97011: 0.00015462
97012: 0.000154618
97013: 0.000154617
97014: 0.000154615
97015: 0.000154614
97016: 0.000154612
97017: 0.00015461
97018: 0.000154609
97019: 0.000154607
97020: 0.000154606
97021: 0.000154604
97022: 0.000154603
97023: 0.000154601
97024: 0.000154599
97025: 0.000154598
97026: 0.000154596
97027: 0.000154595
97028: 0.000154593
97029: 0.000154591
97030: 0.00015459
97031: 0.000154588
97032: 0.000154587
97033: 0.000154585
97034: 0.000154583
97035: 0.000154582
97036: 0.00015458
97037: 0.000154579
97038: 0.000154577
97039: 0.000154575
97040: 0.000154574
97041: 0.000154572
97042: 0.000154571
97043: 0.000154569
97044: 0.000154567
97045: 0.000154566
97046: 0.000154564
97047: 0.000154563
97048: 0.000154561
97049: 0.00015456
97050: 0.000154558
97051: 0.000154556
97052: 0.000154555
97053: 0.000154553
97054: 0.000154552
97055: 0.00015455
97056: 0.000154548
97057: 0.000154547
97058: 0.000154545
97059: 0.000154544
97060: 0.000154542
97061: 0.00015454
97062: 0.000154539
97063: 0.000154537
97064: 0.000154536
97065: 0.000154534
97066: 0.000154532
97067: 0.000154531
97068: 0.000154529
97069: 0.000154528
97070: 0.000154526
97071: 0.000154524
97072: 0.000154523
97073: 0.000154521
97074: 0.00015452
97075: 0.000154518
97076: 0.000154517
97077: 0.000154515
97078: 0.000154513
97079: 0.000154512
97080: 0.00015451
97081: 0.000154509
97082: 0.000154507
97083: 0.000154505
97084: 0.000154504
97085: 0.000154502
97086: 0.000154501
97087: 0.000154499
97088: 0.000154497
97089: 0.000154496
97090: 0.000154494
97091: 0.000154493
97092: 0.000154491
97093: 0.000154489
97094: 0.000154488
97095: 0.000154486
97096: 0.000154485
97097: 0.000154483
97098: 0.000154482
97099: 0.00015448
97100: 0.000154478
97101: 0.000154477
97102: 0.000154475
97103: 0.000154474
97104: 0.000154472
97105: 0.00015447
97106: 0.000154469
97107: 0.000154467
97108: 0.000154466
97109: 0.000154464
97110: 0.000154462
97111: 0.000154461
97112: 0.000154459
97113: 0.000154458
97114: 0.000154456
97115: 0.000154454
97116: 0.000154453
97117: 0.000154451
97118: 0.00015445
97119: 0.000154448
97120: 0.000154447
97121: 0.000154445
97122: 0.000154443
97123: 0.000154442
97124: 0.00015444
97125: 0.000154439
97126: 0.000154437
97127: 0.000154435
97128: 0.000154434
97129: 0.000154432
97130: 0.000154431
97131: 0.000154429
97132: 0.000154427
97133: 0.000154426
97134: 0.000154424
97135: 0.000154423
97136: 0.000154421
97137: 0.000154419
97138: 0.000154418
97139: 0.000154416
97140: 0.000154415
97141: 0.000154413
97142: 0.000154412
97143: 0.00015441
97144: 0.000154408
97145: 0.000154407
97146: 0.000154405
97147: 0.000154404
97148: 0.000154402
97149: 0.0001544
97150: 0.000154399
97151: 0.000154397
97152: 0.000154396
97153: 0.000154394
97154: 0.000154392
97155: 0.000154391
97156: 0.000154389
97157: 0.000154388
97158: 0.000154386
97159: 0.000154385
97160: 0.000154383
97161: 0.000154381
97162: 0.00015438
97163: 0.000154378
97164: 0.000154377
97165: 0.000154375
97166: 0.000154373
97167: 0.000154372
97168: 0.00015437
97169: 0.000154369
97170: 0.000154367
97171: 0.000154365
97172: 0.000154364
97173: 0.000154362
97174: 0.000154361
97175: 0.000154359
97176: 0.000154358
97177: 0.000154356
97178: 0.000154354
97179: 0.000154353
97180: 0.000154351
97181: 0.00015435
97182: 0.000154348
97183: 0.000154346
97184: 0.000154345
97185: 0.000154343
97186: 0.000154342
97187: 0.00015434
97188: 0.000154338
97189: 0.000154337
97190: 0.000154335
97191: 0.000154334
97192: 0.000154332
97193: 0.000154331
97194: 0.000154329
97195: 0.000154327
97196: 0.000154326
97197: 0.000154324
97198: 0.000154323
97199: 0.000154321
97200: 0.000154319
97201: 0.000154318
97202: 0.000154316
97203: 0.000154315
97204: 0.000154313
97205: 0.000154311
97206: 0.00015431
97207: 0.000154308
97208: 0.000154307
97209: 0.000154305
97210: 0.000154304
97211: 0.000154302
97212: 0.0001543
97213: 0.000154299
97214: 0.000154297
97215: 0.000154296
97216: 0.000154294
97217: 0.000154292
97218: 0.000154291
97219: 0.000154289
97220: 0.000154288
97221: 0.000154286
97222: 0.000154284
97223: 0.000154283
97224: 0.000154281
97225: 0.00015428
97226: 0.000154278
97227: 0.000154277
97228: 0.000154275
97229: 0.000154273
97230: 0.000154272
97231: 0.00015427
97232: 0.000154269
97233: 0.000154267
97234: 0.000154265
97235: 0.000154264
97236: 0.000154262
97237: 0.000154261
97238: 0.000154259
97239: 0.000154258
97240: 0.000154256
97241: 0.000154254
97242: 0.000154253
97243: 0.000154251
97244: 0.00015425
97245: 0.000154248
97246: 0.000154246
97247: 0.000154245
97248: 0.000154243
97249: 0.000154242
97250: 0.00015424
97251: 0.000154238
97252: 0.000154237
97253: 0.000154235
97254: 0.000154234
97255: 0.000154232
97256: 0.000154231
97257: 0.000154229
97258: 0.000154227
97259: 0.000154226
97260: 0.000154224
97261: 0.000154223
97262: 0.000154221
97263: 0.000154219
97264: 0.000154218
97265: 0.000154216
97266: 0.000154215
97267: 0.000154213
97268: 0.000154212
97269: 0.00015421
97270: 0.000154208
97271: 0.000154207
97272: 0.000154205
97273: 0.000154204
97274: 0.000154202
97275: 0.0001542
97276: 0.000154199
97277: 0.000154197
97278: 0.000154196
97279: 0.000154194
97280: 0.000154192
97281: 0.000154191
97282: 0.000154189
97283: 0.000154188
97284: 0.000154186
97285: 0.000154185
97286: 0.000154183
97287: 0.000154181
97288: 0.00015418
97289: 0.000154178
97290: 0.000154177
97291: 0.000154175
97292: 0.000154173
97293: 0.000154172
97294: 0.00015417
97295: 0.000154169
97296: 0.000154167
97297: 0.000154166
97298: 0.000154164
97299: 0.000154162
97300: 0.000154161
97301: 0.000154159
97302: 0.000154158
97303: 0.000154156
97304: 0.000154154
97305: 0.000154153
97306: 0.000154151
97307: 0.00015415
97308: 0.000154148
97309: 0.000154147
97310: 0.000154145
97311: 0.000154143
97312: 0.000154142
97313: 0.00015414
97314: 0.000154139
97315: 0.000154137
97316: 0.000154135
97317: 0.000154134
97318: 0.000154132
97319: 0.000154131
97320: 0.000154129
97321: 0.000154128
97322: 0.000154126
97323: 0.000154124
97324: 0.000154123
97325: 0.000154121
97326: 0.00015412
97327: 0.000154118
97328: 0.000154116
97329: 0.000154115
97330: 0.000154113
97331: 0.000154112
97332: 0.00015411
97333: 0.000154109
97334: 0.000154107
97335: 0.000154105
97336: 0.000154104
97337: 0.000154102
97338: 0.000154101
97339: 0.000154099
97340: 0.000154097
97341: 0.000154096
97342: 0.000154094
97343: 0.000154093
97344: 0.000154091
97345: 0.00015409
97346: 0.000154088
97347: 0.000154086
97348: 0.000154085
97349: 0.000154083
97350: 0.000154082
97351: 0.00015408
97352: 0.000154078
97353: 0.000154077
97354: 0.000154075
97355: 0.000154074
97356: 0.000154072
97357: 0.000154071
97358: 0.000154069
97359: 0.000154067
97360: 0.000154066
97361: 0.000154064
97362: 0.000154063
97363: 0.000154061
97364: 0.000154059
97365: 0.000154058
97366: 0.000154056
97367: 0.000154055
97368: 0.000154053
97369: 0.000154052
97370: 0.00015405
97371: 0.000154048
97372: 0.000154047
97373: 0.000154045
97374: 0.000154044
97375: 0.000154042
97376: 0.00015404
97377: 0.000154039
97378: 0.000154037
97379: 0.000154036
97380: 0.000154034
97381: 0.000154033
97382: 0.000154031
97383: 0.000154029
97384: 0.000154028
97385: 0.000154026
97386: 0.000154025
97387: 0.000154023
97388: 0.000154022
97389: 0.00015402
97390: 0.000154018
97391: 0.000154017
97392: 0.000154015
97393: 0.000154014
97394: 0.000154012
97395: 0.00015401
97396: 0.000154009
97397: 0.000154007
97398: 0.000154006
97399: 0.000154004
97400: 0.000154003
97401: 0.000154001
97402: 0.000153999
97403: 0.000153998
97404: 0.000153996
97405: 0.000153995
97406: 0.000153993
97407: 0.000153991
97408: 0.00015399
97409: 0.000153988
97410: 0.000153987
97411: 0.000153985
97412: 0.000153984
97413: 0.000153982
97414: 0.00015398
97415: 0.000153979
97416: 0.000153977
97417: 0.000153976
97418: 0.000153974
97419: 0.000153972
97420: 0.000153971
97421: 0.000153969
97422: 0.000153968
97423: 0.000153966
97424: 0.000153965
97425: 0.000153963
97426: 0.000153961
97427: 0.00015396
97428: 0.000153958
97429: 0.000153957
97430: 0.000153955
97431: 0.000153954
97432: 0.000153952
97433: 0.00015395
97434: 0.000153949
97435: 0.000153947
97436: 0.000153946
97437: 0.000153944
97438: 0.000153942
97439: 0.000153941
97440: 0.000153939
97441: 0.000153938
97442: 0.000153936
97443: 0.000153935
97444: 0.000153933
97445: 0.000153931
97446: 0.00015393
97447: 0.000153928
97448: 0.000153927
97449: 0.000153925
97450: 0.000153924
97451: 0.000153922
97452: 0.00015392
97453: 0.000153919
97454: 0.000153917
97455: 0.000153916
97456: 0.000153914
97457: 0.000153912
97458: 0.000153911
97459: 0.000153909
97460: 0.000153908
97461: 0.000153906
97462: 0.000153905
97463: 0.000153903
97464: 0.000153901
97465: 0.0001539
97466: 0.000153898
97467: 0.000153897
97468: 0.000153895
97469: 0.000153894
97470: 0.000153892
97471: 0.00015389
97472: 0.000153889
97473: 0.000153887
97474: 0.000153886
97475: 0.000153884
97476: 0.000153882
97477: 0.000153881
97478: 0.000153879
97479: 0.000153878
97480: 0.000153876
97481: 0.000153875
97482: 0.000153873
97483: 0.000153871
97484: 0.00015387
97485: 0.000153868
97486: 0.000153867
97487: 0.000153865
97488: 0.000153864
97489: 0.000153862
97490: 0.00015386
97491: 0.000153859
97492: 0.000153857
97493: 0.000153856
97494: 0.000153854
97495: 0.000153852
97496: 0.000153851
97497: 0.000153849
97498: 0.000153848
97499: 0.000153846
97500: 0.000153845
97501: 0.000153843
97502: 0.000153841
97503: 0.00015384
97504: 0.000153838
97505: 0.000153837
97506: 0.000153835
97507: 0.000153834
97508: 0.000153832
97509: 0.00015383
97510: 0.000153829
97511: 0.000153827
97512: 0.000153826
97513: 0.000153824
97514: 0.000153822
97515: 0.000153821
97516: 0.000153819
97517: 0.000153818
97518: 0.000153816
97519: 0.000153815
97520: 0.000153813
97521: 0.000153811
97522: 0.00015381
97523: 0.000153808
97524: 0.000153807
97525: 0.000153805
97526: 0.000153804
97527: 0.000153802
97528: 0.0001538
97529: 0.000153799
97530: 0.000153797
97531: 0.000153796
97532: 0.000153794
97533: 0.000153793
97534: 0.000153791
97535: 0.000153789
97536: 0.000153788
97537: 0.000153786
97538: 0.000153785
97539: 0.000153783
97540: 0.000153781
97541: 0.00015378
97542: 0.000153778
97543: 0.000153777
97544: 0.000153775
97545: 0.000153774
97546: 0.000153772
97547: 0.00015377
97548: 0.000153769
97549: 0.000153767
97550: 0.000153766
97551: 0.000153764
97552: 0.000153763
97553: 0.000153761
97554: 0.000153759
97555: 0.000153758
97556: 0.000153756
97557: 0.000153755
97558: 0.000153753
97559: 0.000153752
97560: 0.00015375
97561: 0.000153748
97562: 0.000153747
97563: 0.000153745
97564: 0.000153744
97565: 0.000153742
97566: 0.000153741
97567: 0.000153739
97568: 0.000153737
97569: 0.000153736
97570: 0.000153734
97571: 0.000153733
97572: 0.000153731
97573: 0.000153729
97574: 0.000153728
97575: 0.000153726
97576: 0.000153725
97577: 0.000153723
97578: 0.000153722
97579: 0.00015372
97580: 0.000153718
97581: 0.000153717
97582: 0.000153715
97583: 0.000153714
97584: 0.000153712
97585: 0.000153711
97586: 0.000153709
97587: 0.000153707
97588: 0.000153706
97589: 0.000153704
97590: 0.000153703
97591: 0.000153701
97592: 0.0001537
97593: 0.000153698
97594: 0.000153696
97595: 0.000153695
97596: 0.000153693
97597: 0.000153692
97598: 0.00015369
97599: 0.000153689
97600: 0.000153687
97601: 0.000153685
97602: 0.000153684
97603: 0.000153682
97604: 0.000153681
97605: 0.000153679
97606: 0.000153678
97607: 0.000153676
97608: 0.000153674
97609: 0.000153673
97610: 0.000153671
97611: 0.00015367
97612: 0.000153668
97613: 0.000153666
97614: 0.000153665
97615: 0.000153663
97616: 0.000153662
97617: 0.00015366
97618: 0.000153659
97619: 0.000153657
97620: 0.000153655
97621: 0.000153654
97622: 0.000153652
97623: 0.000153651
97624: 0.000153649
97625: 0.000153648
97626: 0.000153646
97627: 0.000153644
97628: 0.000153643
97629: 0.000153641
97630: 0.00015364
97631: 0.000153638
97632: 0.000153637
97633: 0.000153635
97634: 0.000153633
97635: 0.000153632
97636: 0.00015363
97637: 0.000153629
97638: 0.000153627
97639: 0.000153626
97640: 0.000153624
97641: 0.000153622
97642: 0.000153621
97643: 0.000153619
97644: 0.000153618
97645: 0.000153616
97646: 0.000153615
97647: 0.000153613
97648: 0.000153611
97649: 0.00015361
97650: 0.000153608
97651: 0.000153607
97652: 0.000153605
97653: 0.000153604
97654: 0.000153602
97655: 0.0001536
97656: 0.000153599
97657: 0.000153597
97658: 0.000153596
97659: 0.000153594
97660: 0.000153593
97661: 0.000153591
97662: 0.000153589
97663: 0.000153588
97664: 0.000153586
97665: 0.000153585
97666: 0.000153583
97667: 0.000153582
97668: 0.00015358
97669: 0.000153578
97670: 0.000153577
97671: 0.000153575
97672: 0.000153574
97673: 0.000153572
97674: 0.000153571
97675: 0.000153569
97676: 0.000153567
97677: 0.000153566
97678: 0.000153564
97679: 0.000153563
97680: 0.000153561
97681: 0.00015356
97682: 0.000153558
97683: 0.000153556
97684: 0.000153555
97685: 0.000153553
97686: 0.000153552
97687: 0.00015355
97688: 0.000153549
97689: 0.000153547
97690: 0.000153545
97691: 0.000153544
97692: 0.000153542
97693: 0.000153541
97694: 0.000153539
97695: 0.000153538
97696: 0.000153536
97697: 0.000153534
97698: 0.000153533
97699: 0.000153531
97700: 0.00015353
97701: 0.000153528
97702: 0.000153527
97703: 0.000153525
97704: 0.000153523
97705: 0.000153522
97706: 0.00015352
97707: 0.000153519
97708: 0.000153517
97709: 0.000153516
97710: 0.000153514
97711: 0.000153512
97712: 0.000153511
97713: 0.000153509
97714: 0.000153508
97715: 0.000153506
97716: 0.000153505
97717: 0.000153503
97718: 0.000153501
97719: 0.0001535
97720: 0.000153498
97721: 0.000153497
97722: 0.000153495
97723: 0.000153494
97724: 0.000153492
97725: 0.00015349
97726: 0.000153489
97727: 0.000153487
97728: 0.000153486
97729: 0.000153484
97730: 0.000153483
97731: 0.000153481
97732: 0.000153479
97733: 0.000153478
97734: 0.000153476
97735: 0.000153475
97736: 0.000153473
97737: 0.000153472
97738: 0.00015347
97739: 0.000153468
97740: 0.000153467
97741: 0.000153465
97742: 0.000153464
97743: 0.000153462
97744: 0.000153461
97745: 0.000153459
97746: 0.000153457
97747: 0.000153456
97748: 0.000153454
97749: 0.000153453
97750: 0.000153451
97751: 0.00015345
97752: 0.000153448
97753: 0.000153446
97754: 0.000153445
97755: 0.000153443
97756: 0.000153442
97757: 0.00015344
97758: 0.000153439
97759: 0.000153437
97760: 0.000153435
97761: 0.000153434
97762: 0.000153432
97763: 0.000153431
97764: 0.000153429
97765: 0.000153428
97766: 0.000153426
97767: 0.000153424
97768: 0.000153423
97769: 0.000153421
97770: 0.00015342
97771: 0.000153418
97772: 0.000153417
97773: 0.000153415
97774: 0.000153413
97775: 0.000153412
97776: 0.00015341
97777: 0.000153409
97778: 0.000153407
97779: 0.000153406
97780: 0.000153404
97781: 0.000153402
97782: 0.000153401
97783: 0.000153399
97784: 0.000153398
97785: 0.000153396
97786: 0.000153395
97787: 0.000153393
97788: 0.000153391
97789: 0.00015339
97790: 0.000153388
97791: 0.000153387
97792: 0.000153385
97793: 0.000153384
97794: 0.000153382
97795: 0.000153381
97796: 0.000153379
97797: 0.000153377
97798: 0.000153376
97799: 0.000153374
97800: 0.000153373
97801: 0.000153371
97802: 0.00015337
97803: 0.000153368
97804: 0.000153366
97805: 0.000153365
97806: 0.000153363
97807: 0.000153362
97808: 0.00015336
97809: 0.000153359
97810: 0.000153357
97811: 0.000153355
97812: 0.000153354
97813: 0.000153352
97814: 0.000153351
97815: 0.000153349
97816: 0.000153348
97817: 0.000153346
97818: 0.000153344
97819: 0.000153343
97820: 0.000153341
97821: 0.00015334
97822: 0.000153338
97823: 0.000153337
97824: 0.000153335
97825: 0.000153333
97826: 0.000153332
97827: 0.00015333
97828: 0.000153329
97829: 0.000153327
97830: 0.000153326
97831: 0.000153324
97832: 0.000153322
97833: 0.000153321
97834: 0.000153319
97835: 0.000153318
97836: 0.000153316
97837: 0.000153315
97838: 0.000153313
97839: 0.000153312
97840: 0.00015331
97841: 0.000153308
97842: 0.000153307
97843: 0.000153305
97844: 0.000153304
97845: 0.000153302
97846: 0.000153301
97847: 0.000153299
97848: 0.000153297
97849: 0.000153296
97850: 0.000153294
97851: 0.000153293
97852: 0.000153291
97853: 0.00015329
97854: 0.000153288
97855: 0.000153286
97856: 0.000153285
97857: 0.000153283
97858: 0.000153282
97859: 0.00015328
97860: 0.000153279
97861: 0.000153277
97862: 0.000153275
97863: 0.000153274
97864: 0.000153272
97865: 0.000153271
97866: 0.000153269
97867: 0.000153268
97868: 0.000153266
97869: 0.000153265
97870: 0.000153263
97871: 0.000153261
97872: 0.00015326
97873: 0.000153258
97874: 0.000153257
97875: 0.000153255
97876: 0.000153254
97877: 0.000153252
97878: 0.00015325
97879: 0.000153249
97880: 0.000153247
97881: 0.000153246
97882: 0.000153244
97883: 0.000153243
97884: 0.000153241
97885: 0.000153239
97886: 0.000153238
97887: 0.000153236
97888: 0.000153235
97889: 0.000153233
97890: 0.000153232
97891: 0.00015323
97892: 0.000153229
97893: 0.000153227
97894: 0.000153225
97895: 0.000153224
97896: 0.000153222
97897: 0.000153221
97898: 0.000153219
97899: 0.000153218
97900: 0.000153216
97901: 0.000153214
97902: 0.000153213
97903: 0.000153211
97904: 0.00015321
97905: 0.000153208
97906: 0.000153207
97907: 0.000153205
97908: 0.000153203
97909: 0.000153202
97910: 0.0001532
97911: 0.000153199
97912: 0.000153197
97913: 0.000153196
97914: 0.000153194
97915: 0.000153193
97916: 0.000153191
97917: 0.000153189
97918: 0.000153188
97919: 0.000153186
97920: 0.000153185
97921: 0.000153183
97922: 0.000153182
97923: 0.00015318
97924: 0.000153178
97925: 0.000153177
97926: 0.000153175
97927: 0.000153174
97928: 0.000153172
97929: 0.000153171
97930: 0.000153169
97931: 0.000153168
97932: 0.000153166
97933: 0.000153164
97934: 0.000153163
97935: 0.000153161
97936: 0.00015316
97937: 0.000153158
97938: 0.000153157
97939: 0.000153155
97940: 0.000153153
97941: 0.000153152
97942: 0.00015315
97943: 0.000153149
97944: 0.000153147
97945: 0.000153146
97946: 0.000153144
97947: 0.000153142
97948: 0.000153141
97949: 0.000153139
97950: 0.000153138
97951: 0.000153136
97952: 0.000153135
97953: 0.000153133
97954: 0.000153132
97955: 0.00015313
97956: 0.000153128
97957: 0.000153127
97958: 0.000153125
97959: 0.000153124
97960: 0.000153122
97961: 0.000153121
97962: 0.000153119
97963: 0.000153117
97964: 0.000153116
97965: 0.000153114
97966: 0.000153113
97967: 0.000153111
97968: 0.00015311
97969: 0.000153108
97970: 0.000153107
97971: 0.000153105
97972: 0.000153103
97973: 0.000153102
97974: 0.0001531
97975: 0.000153099
97976: 0.000153097
97977: 0.000153096
97978: 0.000153094
97979: 0.000153092
97980: 0.000153091
97981: 0.000153089
97982: 0.000153088
97983: 0.000153086
97984: 0.000153085
97985: 0.000153083
97986: 0.000153082
97987: 0.00015308
97988: 0.000153078
97989: 0.000153077
97990: 0.000153075
97991: 0.000153074
97992: 0.000153072
97993: 0.000153071
97994: 0.000153069
97995: 0.000153067
97996: 0.000153066
97997: 0.000153064
97998: 0.000153063
97999: 0.000153061
98000: 0.00015306
98001: 0.000153058
98002: 0.000153057
98003: 0.000153055
98004: 0.000153053
98005: 0.000153052
98006: 0.00015305
98007: 0.000153049
98008: 0.000153047
98009: 0.000153046
98010: 0.000153044
98011: 0.000153042
98012: 0.000153041
98013: 0.000153039
98014: 0.000153038
98015: 0.000153036
98016: 0.000153035
98017: 0.000153033
98018: 0.000153032
98019: 0.00015303
98020: 0.000153028
98021: 0.000153027
98022: 0.000153025
98023: 0.000153024
98024: 0.000153022
98025: 0.000153021
98026: 0.000153019
98027: 0.000153018
98028: 0.000153016
98029: 0.000153014
98030: 0.000153013
98031: 0.000153011
98032: 0.00015301
98033: 0.000153008
98034: 0.000153007
98035: 0.000153005
98036: 0.000153003
98037: 0.000153002
98038: 0.000153
98039: 0.000152999
98040: 0.000152997
98041: 0.000152996
98042: 0.000152994
98043: 0.000152993
98044: 0.000152991
98045: 0.000152989
98046: 0.000152988
98047: 0.000152986
98048: 0.000152985
98049: 0.000152983
98050: 0.000152982
98051: 0.00015298
98052: 0.000152978
98053: 0.000152977
98054: 0.000152975
98055: 0.000152974
98056: 0.000152972
98057: 0.000152971
98058: 0.000152969
98059: 0.000152968
98060: 0.000152966
98061: 0.000152964
98062: 0.000152963
98063: 0.000152961
98064: 0.00015296
98065: 0.000152958
98066: 0.000152957
98067: 0.000152955
98068: 0.000152954
98069: 0.000152952
98070: 0.00015295
98071: 0.000152949
98072: 0.000152947
98073: 0.000152946
98074: 0.000152944
98075: 0.000152943
98076: 0.000152941
98077: 0.000152939
98078: 0.000152938
98079: 0.000152936
98080: 0.000152935
98081: 0.000152933
98082: 0.000152932
98083: 0.00015293
98084: 0.000152929
98085: 0.000152927
98086: 0.000152925
98087: 0.000152924
98088: 0.000152922
98089: 0.000152921
98090: 0.000152919
98091: 0.000152918
98092: 0.000152916
98093: 0.000152915
98094: 0.000152913
98095: 0.000152911
98096: 0.00015291
98097: 0.000152908
98098: 0.000152907
98099: 0.000152905
98100: 0.000152904
98101: 0.000152902
98102: 0.000152901
98103: 0.000152899
98104: 0.000152897
98105: 0.000152896
98106: 0.000152894
98107: 0.000152893
98108: 0.000152891
98109: 0.00015289
98110: 0.000152888
98111: 0.000152886
98112: 0.000152885
98113: 0.000152883
98114: 0.000152882
98115: 0.00015288
98116: 0.000152879
98117: 0.000152877
98118: 0.000152876
98119: 0.000152874
98120: 0.000152872
98121: 0.000152871
98122: 0.000152869
98123: 0.000152868
98124: 0.000152866
98125: 0.000152865
98126: 0.000152863
98127: 0.000152862
98128: 0.00015286
98129: 0.000152858
98130: 0.000152857
98131: 0.000152855
98132: 0.000152854
98133: 0.000152852
98134: 0.000152851
98135: 0.000152849
98136: 0.000152848
98137: 0.000152846
98138: 0.000152844
98139: 0.000152843
98140: 0.000152841
98141: 0.00015284
98142: 0.000152838
98143: 0.000152837
98144: 0.000152835
98145: 0.000152834
98146: 0.000152832
98147: 0.00015283
98148: 0.000152829
98149: 0.000152827
98150: 0.000152826
98151: 0.000152824
98152: 0.000152823
98153: 0.000152821
98154: 0.00015282
98155: 0.000152818
98156: 0.000152816
98157: 0.000152815
98158: 0.000152813
98159: 0.000152812
98160: 0.00015281
98161: 0.000152809
98162: 0.000152807
98163: 0.000152806
98164: 0.000152804
98165: 0.000152802
98166: 0.000152801
98167: 0.000152799
98168: 0.000152798
98169: 0.000152796
98170: 0.000152795
98171: 0.000152793
98172: 0.000152792
98173: 0.00015279
98174: 0.000152788
98175: 0.000152787
98176: 0.000152785
98177: 0.000152784
98178: 0.000152782
98179: 0.000152781
98180: 0.000152779
98181: 0.000152777
98182: 0.000152776
98183: 0.000152774
98184: 0.000152773
98185: 0.000152771
98186: 0.00015277
98187: 0.000152768
98188: 0.000152767
98189: 0.000152765
98190: 0.000152763
98191: 0.000152762
98192: 0.00015276
98193: 0.000152759
98194: 0.000152757
98195: 0.000152756
98196: 0.000152754
98197: 0.000152753
98198: 0.000152751
98199: 0.000152749
98200: 0.000152748
98201: 0.000152746
98202: 0.000152745
98203: 0.000152743
98204: 0.000152742
98205: 0.00015274
98206: 0.000152739
98207: 0.000152737
98208: 0.000152735
98209: 0.000152734
98210: 0.000152732
98211: 0.000152731
98212: 0.000152729
98213: 0.000152728
98214: 0.000152726
98215: 0.000152725
98216: 0.000152723
98217: 0.000152721
98218: 0.00015272
98219: 0.000152718
98220: 0.000152717
98221: 0.000152715
98222: 0.000152714
98223: 0.000152712
98224: 0.000152711
98225: 0.000152709
98226: 0.000152708
98227: 0.000152706
98228: 0.000152704
98229: 0.000152703
98230: 0.000152701
98231: 0.0001527
98232: 0.000152698
98233: 0.000152697
98234: 0.000152695
98235: 0.000152694
98236: 0.000152692
98237: 0.00015269
98238: 0.000152689
98239: 0.000152687
98240: 0.000152686
98241: 0.000152684
98242: 0.000152683
98243: 0.000152681
98244: 0.00015268
98245: 0.000152678
98246: 0.000152676
98247: 0.000152675
98248: 0.000152673
98249: 0.000152672
98250: 0.00015267
98251: 0.000152669
98252: 0.000152667
98253: 0.000152666
98254: 0.000152664
98255: 0.000152662
98256: 0.000152661
98257: 0.000152659
98258: 0.000152658
98259: 0.000152656
98260: 0.000152655
98261: 0.000152653
98262: 0.000152652
98263: 0.00015265
98264: 0.000152648
98265: 0.000152647
98266: 0.000152645
98267: 0.000152644
98268: 0.000152642
98269: 0.000152641
98270: 0.000152639
98271: 0.000152638
98272: 0.000152636
98273: 0.000152634
98274: 0.000152633
98275: 0.000152631
98276: 0.00015263
98277: 0.000152628
98278: 0.000152627
98279: 0.000152625
98280: 0.000152624
98281: 0.000152622
98282: 0.00015262
98283: 0.000152619
98284: 0.000152617
98285: 0.000152616
98286: 0.000152614
98287: 0.000152613
98288: 0.000152611
98289: 0.00015261
98290: 0.000152608
98291: 0.000152607
98292: 0.000152605
98293: 0.000152603
98294: 0.000152602
98295: 0.0001526
98296: 0.000152599
98297: 0.000152597
98298: 0.000152596
98299: 0.000152594
98300: 0.000152593
98301: 0.000152591
98302: 0.000152589
98303: 0.000152588
98304: 0.000152586
98305: 0.000152585
98306: 0.000152583
98307: 0.000152582
98308: 0.00015258
98309: 0.000152579
98310: 0.000152577
98311: 0.000152575
98312: 0.000152574
98313: 0.000152572
98314: 0.000152571
98315: 0.000152569
98316: 0.000152568
98317: 0.000152566
98318: 0.000152565
98319: 0.000152563
98320: 0.000152562
98321: 0.00015256
98322: 0.000152558
98323: 0.000152557
98324: 0.000152555
98325: 0.000152554
98326: 0.000152552
98327: 0.000152551
98328: 0.000152549
98329: 0.000152548
98330: 0.000152546
98331: 0.000152544
98332: 0.000152543
98333: 0.000152541
98334: 0.00015254
98335: 0.000152538
98336: 0.000152537
98337: 0.000152535
98338: 0.000152534
98339: 0.000152532
98340: 0.00015253
98341: 0.000152529
98342: 0.000152527
98343: 0.000152526
98344: 0.000152524
98345: 0.000152523
98346: 0.000152521
98347: 0.00015252
98348: 0.000152518
98349: 0.000152517
98350: 0.000152515
98351: 0.000152513
98352: 0.000152512
98353: 0.00015251
98354: 0.000152509
98355: 0.000152507
98356: 0.000152506
98357: 0.000152504
98358: 0.000152503
98359: 0.000152501
98360: 0.000152499
98361: 0.000152498
98362: 0.000152496
98363: 0.000152495
98364: 0.000152493
98365: 0.000152492
98366: 0.00015249
98367: 0.000152489
98368: 0.000152487
98369: 0.000152486
98370: 0.000152484
98371: 0.000152482
98372: 0.000152481
98373: 0.000152479
98374: 0.000152478
98375: 0.000152476
98376: 0.000152475
98377: 0.000152473
98378: 0.000152472
98379: 0.00015247
98380: 0.000152468
98381: 0.000152467
98382: 0.000152465
98383: 0.000152464
98384: 0.000152462
98385: 0.000152461
98386: 0.000152459
98387: 0.000152458
98388: 0.000152456
98389: 0.000152455
98390: 0.000152453
98391: 0.000152451
98392: 0.00015245
98393: 0.000152448
98394: 0.000152447
98395: 0.000152445
98396: 0.000152444
98397: 0.000152442
98398: 0.000152441
98399: 0.000152439
98400: 0.000152437
98401: 0.000152436
98402: 0.000152434
98403: 0.000152433
98404: 0.000152431
98405: 0.00015243
98406: 0.000152428
98407: 0.000152427
98408: 0.000152425
98409: 0.000152424
98410: 0.000152422
98411: 0.00015242
98412: 0.000152419
98413: 0.000152417
98414: 0.000152416
98415: 0.000152414
98416: 0.000152413
98417: 0.000152411
98418: 0.00015241
98419: 0.000152408
98420: 0.000152406
98421: 0.000152405
98422: 0.000152403
98423: 0.000152402
98424: 0.0001524
98425: 0.000152399
98426: 0.000152397
98427: 0.000152396
98428: 0.000152394
98429: 0.000152393
98430: 0.000152391
98431: 0.000152389
98432: 0.000152388
98433: 0.000152386
98434: 0.000152385
98435: 0.000152383
98436: 0.000152382
98437: 0.00015238
98438: 0.000152379
98439: 0.000152377
98440: 0.000152376
98441: 0.000152374
98442: 0.000152372
98443: 0.000152371
98444: 0.000152369
98445: 0.000152368
98446: 0.000152366
98447: 0.000152365
98448: 0.000152363
98449: 0.000152362
98450: 0.00015236
98451: 0.000152359
98452: 0.000152357
98453: 0.000152355
98454: 0.000152354
98455: 0.000152352
98456: 0.000152351
98457: 0.000152349
98458: 0.000152348
98459: 0.000152346
98460: 0.000152345
98461: 0.000152343
98462: 0.000152341
98463: 0.00015234
98464: 0.000152338
98465: 0.000152337
98466: 0.000152335
98467: 0.000152334
98468: 0.000152332
98469: 0.000152331
98470: 0.000152329
98471: 0.000152328
98472: 0.000152326
98473: 0.000152324
98474: 0.000152323
98475: 0.000152321
98476: 0.00015232
98477: 0.000152318
98478: 0.000152317
98479: 0.000152315
98480: 0.000152314
98481: 0.000152312
98482: 0.000152311
98483: 0.000152309
98484: 0.000152307
98485: 0.000152306
98486: 0.000152304
98487: 0.000152303
98488: 0.000152301
98489: 0.0001523
98490: 0.000152298
98491: 0.000152297
98492: 0.000152295
98493: 0.000152294
98494: 0.000152292
98495: 0.00015229
98496: 0.000152289
98497: 0.000152287
98498: 0.000152286
98499: 0.000152284
98500: 0.000152283
98501: 0.000152281
98502: 0.00015228
98503: 0.000152278
98504: 0.000152277
98505: 0.000152275
98506: 0.000152273
98507: 0.000152272
98508: 0.00015227
98509: 0.000152269
98510: 0.000152267
98511: 0.000152266
98512: 0.000152264
98513: 0.000152263
98514: 0.000152261
98515: 0.00015226
98516: 0.000152258
98517: 0.000152256
98518: 0.000152255
98519: 0.000152253
98520: 0.000152252
98521: 0.00015225
98522: 0.000152249
98523: 0.000152247
98524: 0.000152246
98525: 0.000152244
98526: 0.000152243
98527: 0.000152241
98528: 0.000152239
98529: 0.000152238
98530: 0.000152236
98531: 0.000152235
98532: 0.000152233
98533: 0.000152232
98534: 0.00015223
98535: 0.000152229
98536: 0.000152227
98537: 0.000152226
98538: 0.000152224
98539: 0.000152222
98540: 0.000152221
98541: 0.000152219
98542: 0.000152218
98543: 0.000152216
98544: 0.000152215
98545: 0.000152213
98546: 0.000152212
98547: 0.00015221
98548: 0.000152209
98549: 0.000152207
98550: 0.000152205
98551: 0.000152204
98552: 0.000152202
98553: 0.000152201
98554: 0.000152199
98555: 0.000152198
98556: 0.000152196
98557: 0.000152195
98558: 0.000152193
98559: 0.000152192
98560: 0.00015219
98561: 0.000152188
98562: 0.000152187
98563: 0.000152185
98564: 0.000152184
98565: 0.000152182
98566: 0.000152181
98567: 0.000152179
98568: 0.000152178
98569: 0.000152176
98570: 0.000152175
98571: 0.000152173
98572: 0.000152171
98573: 0.00015217
98574: 0.000152168
98575: 0.000152167
98576: 0.000152165
98577: 0.000152164
98578: 0.000152162
98579: 0.000152161
98580: 0.000152159
98581: 0.000152158
98582: 0.000152156
98583: 0.000152155
98584: 0.000152153
98585: 0.000152151
98586: 0.00015215
98587: 0.000152148
98588: 0.000152147
98589: 0.000152145
98590: 0.000152144
98591: 0.000152142
98592: 0.000152141
98593: 0.000152139
98594: 0.000152138
98595: 0.000152136
98596: 0.000152134
98597: 0.000152133
98598: 0.000152131
98599: 0.00015213
98600: 0.000152128
98601: 0.000152127
98602: 0.000152125
98603: 0.000152124
98604: 0.000152122
98605: 0.000152121
98606: 0.000152119
98607: 0.000152117
98608: 0.000152116
98609: 0.000152114
98610: 0.000152113
98611: 0.000152111
98612: 0.00015211
98613: 0.000152108
98614: 0.000152107
98615: 0.000152105
98616: 0.000152104
98617: 0.000152102
98618: 0.000152101
98619: 0.000152099
98620: 0.000152097
98621: 0.000152096
98622: 0.000152094
98623: 0.000152093
98624: 0.000152091
98625: 0.00015209
98626: 0.000152088
98627: 0.000152087
98628: 0.000152085
98629: 0.000152084
98630: 0.000152082
98631: 0.00015208
98632: 0.000152079
98633: 0.000152077
98634: 0.000152076
98635: 0.000152074
98636: 0.000152073
98637: 0.000152071
98638: 0.00015207
98639: 0.000152068
98640: 0.000152067
98641: 0.000152065
98642: 0.000152064
98643: 0.000152062
98644: 0.00015206
98645: 0.000152059
98646: 0.000152057
98647: 0.000152056
98648: 0.000152054
98649: 0.000152053
98650: 0.000152051
98651: 0.00015205
98652: 0.000152048
98653: 0.000152047
98654: 0.000152045
98655: 0.000152043
98656: 0.000152042
98657: 0.00015204
98658: 0.000152039
98659: 0.000152037
98660: 0.000152036
98661: 0.000152034
98662: 0.000152033
98663: 0.000152031
98664: 0.00015203
98665: 0.000152028
98666: 0.000152027
98667: 0.000152025
98668: 0.000152023
98669: 0.000152022
98670: 0.00015202
98671: 0.000152019
98672: 0.000152017
98673: 0.000152016
98674: 0.000152014
98675: 0.000152013
98676: 0.000152011
98677: 0.00015201
98678: 0.000152008
98679: 0.000152006
98680: 0.000152005
98681: 0.000152003
98682: 0.000152002
98683: 0.000152
98684: 0.000151999
98685: 0.000151997
98686: 0.000151996
98687: 0.000151994
98688: 0.000151993
98689: 0.000151991
98690: 0.00015199
98691: 0.000151988
98692: 0.000151986
98693: 0.000151985
98694: 0.000151983
98695: 0.000151982
98696: 0.00015198
98697: 0.000151979
98698: 0.000151977
98699: 0.000151976
98700: 0.000151974
98701: 0.000151973
98702: 0.000151971
98703: 0.00015197
98704: 0.000151968
98705: 0.000151966
98706: 0.000151965
98707: 0.000151963
98708: 0.000151962
98709: 0.00015196
98710: 0.000151959
98711: 0.000151957
98712: 0.000151956
98713: 0.000151954
98714: 0.000151953
98715: 0.000151951
98716: 0.00015195
98717: 0.000151948
98718: 0.000151946
98719: 0.000151945
98720: 0.000151943
98721: 0.000151942
98722: 0.00015194
98723: 0.000151939
98724: 0.000151937
98725: 0.000151936
98726: 0.000151934
98727: 0.000151933
98728: 0.000151931
98729: 0.00015193
98730: 0.000151928
98731: 0.000151926
98732: 0.000151925
98733: 0.000151923
98734: 0.000151922
98735: 0.00015192
98736: 0.000151919
98737: 0.000151917
98738: 0.000151916
98739: 0.000151914
98740: 0.000151913
98741: 0.000151911
98742: 0.00015191
98743: 0.000151908
98744: 0.000151906
98745: 0.000151905
98746: 0.000151903
98747: 0.000151902
98748: 0.0001519
98749: 0.000151899
98750: 0.000151897
98751: 0.000151896
98752: 0.000151894
98753: 0.000151893
98754: 0.000151891
98755: 0.00015189
98756: 0.000151888
98757: 0.000151886
98758: 0.000151885
98759: 0.000151883
98760: 0.000151882
98761: 0.00015188
98762: 0.000151879
98763: 0.000151877
98764: 0.000151876
98765: 0.000151874
98766: 0.000151873
98767: 0.000151871
98768: 0.00015187
98769: 0.000151868
98770: 0.000151866
98771: 0.000151865
98772: 0.000151863
98773: 0.000151862
98774: 0.00015186
98775: 0.000151859
98776: 0.000151857
98777: 0.000151856
98778: 0.000151854
98779: 0.000151853
98780: 0.000151851
98781: 0.00015185
98782: 0.000151848
98783: 0.000151846
98784: 0.000151845
98785: 0.000151843
98786: 0.000151842
98787: 0.00015184
98788: 0.000151839
98789: 0.000151837
98790: 0.000151836
98791: 0.000151834
98792: 0.000151833
98793: 0.000151831
98794: 0.00015183
98795: 0.000151828
98796: 0.000151826
98797: 0.000151825
98798: 0.000151823
98799: 0.000151822
98800: 0.00015182
98801: 0.000151819
98802: 0.000151817
98803: 0.000151816
98804: 0.000151814
98805: 0.000151813
98806: 0.000151811
98807: 0.00015181
98808: 0.000151808
98809: 0.000151806
98810: 0.000151805
98811: 0.000151803
98812: 0.000151802
98813: 0.0001518
98814: 0.000151799
98815: 0.000151797
98816: 0.000151796
98817: 0.000151794
98818: 0.000151793
98819: 0.000151791
98820: 0.00015179
98821: 0.000151788
98822: 0.000151787
98823: 0.000151785
98824: 0.000151783
98825: 0.000151782
98826: 0.00015178
98827: 0.000151779
98828: 0.000151777
98829: 0.000151776
98830: 0.000151774
98831: 0.000151773
98832: 0.000151771
98833: 0.00015177
98834: 0.000151768
98835: 0.000151767
98836: 0.000151765
98837: 0.000151763
98838: 0.000151762
98839: 0.00015176
98840: 0.000151759
98841: 0.000151757
98842: 0.000151756
98843: 0.000151754
98844: 0.000151753
98845: 0.000151751
98846: 0.00015175
98847: 0.000151748
98848: 0.000151747
98849: 0.000151745
98850: 0.000151744
98851: 0.000151742
98852: 0.00015174
98853: 0.000151739
98854: 0.000151737
98855: 0.000151736
98856: 0.000151734
98857: 0.000151733
98858: 0.000151731
98859: 0.00015173
98860: 0.000151728
98861: 0.000151727
98862: 0.000151725
98863: 0.000151724
98864: 0.000151722
98865: 0.000151721
98866: 0.000151719
98867: 0.000151717
98868: 0.000151716
98869: 0.000151714
98870: 0.000151713
98871: 0.000151711
98872: 0.00015171
98873: 0.000151708
98874: 0.000151707
98875: 0.000151705
98876: 0.000151704
98877: 0.000151702
98878: 0.000151701
98879: 0.000151699
98880: 0.000151697
98881: 0.000151696
98882: 0.000151694
98883: 0.000151693
98884: 0.000151691
98885: 0.00015169
98886: 0.000151688
98887: 0.000151687
98888: 0.000151685
98889: 0.000151684
98890: 0.000151682
98891: 0.000151681
98892: 0.000151679
98893: 0.000151678
98894: 0.000151676
98895: 0.000151674
98896: 0.000151673
98897: 0.000151671
98898: 0.00015167
98899: 0.000151668
98900: 0.000151667
98901: 0.000151665
98902: 0.000151664
98903: 0.000151662
98904: 0.000151661
98905: 0.000151659
98906: 0.000151658
98907: 0.000151656
98908: 0.000151655
98909: 0.000151653
98910: 0.000151651
98911: 0.00015165
98912: 0.000151648
98913: 0.000151647
98914: 0.000151645
98915: 0.000151644
98916: 0.000151642
98917: 0.000151641
98918: 0.000151639
98919: 0.000151638
98920: 0.000151636
98921: 0.000151635
98922: 0.000151633
98923: 0.000151632
98924: 0.00015163
98925: 0.000151628
98926: 0.000151627
98927: 0.000151625
98928: 0.000151624
98929: 0.000151622
98930: 0.000151621
98931: 0.000151619
98932: 0.000151618
98933: 0.000151616
98934: 0.000151615
98935: 0.000151613
98936: 0.000151612
98937: 0.00015161
98938: 0.000151609
98939: 0.000151607
98940: 0.000151606
98941: 0.000151604
98942: 0.000151602
98943: 0.000151601
98944: 0.000151599
98945: 0.000151598
98946: 0.000151596
98947: 0.000151595
98948: 0.000151593
98949: 0.000151592
98950: 0.00015159
98951: 0.000151589
98952: 0.000151587
98953: 0.000151586
98954: 0.000151584
98955: 0.000151583
98956: 0.000151581
98957: 0.000151579
98958: 0.000151578
98959: 0.000151576
98960: 0.000151575
98961: 0.000151573
98962: 0.000151572
98963: 0.00015157
98964: 0.000151569
98965: 0.000151567
98966: 0.000151566
98967: 0.000151564
98968: 0.000151563
98969: 0.000151561
98970: 0.00015156
98971: 0.000151558
98972: 0.000151556
98973: 0.000151555
98974: 0.000151553
98975: 0.000151552
98976: 0.00015155
98977: 0.000151549
98978: 0.000151547
98979: 0.000151546
98980: 0.000151544
98981: 0.000151543
98982: 0.000151541
98983: 0.00015154
98984: 0.000151538
98985: 0.000151537
98986: 0.000151535
98987: 0.000151534
98988: 0.000151532
98989: 0.00015153
98990: 0.000151529
98991: 0.000151527
98992: 0.000151526
98993: 0.000151524
98994: 0.000151523
98995: 0.000151521
98996: 0.00015152
98997: 0.000151518
98998: 0.000151517
98999: 0.000151515
99000: 0.000151514
99001: 0.000151512
99002: 0.000151511
99003: 0.000151509
99004: 0.000151507
99005: 0.000151506
99006: 0.000151504
99007: 0.000151503
99008: 0.000151501
99009: 0.0001515
99010: 0.000151498
99011: 0.000151497
99012: 0.000151495
99013: 0.000151494
99014: 0.000151492
99015: 0.000151491
99016: 0.000151489
99017: 0.000151488
99018: 0.000151486
99019: 0.000151485
99020: 0.000151483
99021: 0.000151481
99022: 0.00015148
99023: 0.000151478
99024: 0.000151477
99025: 0.000151475
99026: 0.000151474
99027: 0.000151472
99028: 0.000151471
99029: 0.000151469
99030: 0.000151468
99031: 0.000151466
99032: 0.000151465
99033: 0.000151463
99034: 0.000151462
99035: 0.00015146
99036: 0.000151459
99037: 0.000151457
99038: 0.000151455
99039: 0.000151454
99040: 0.000151452
99041: 0.000151451
99042: 0.000151449
99043: 0.000151448
99044: 0.000151446
99045: 0.000151445
99046: 0.000151443
99047: 0.000151442
99048: 0.00015144
99049: 0.000151439
99050: 0.000151437
99051: 0.000151436
99052: 0.000151434
99053: 0.000151433
99054: 0.000151431
99055: 0.000151429
99056: 0.000151428
99057: 0.000151426
99058: 0.000151425
99059: 0.000151423
99060: 0.000151422
99061: 0.00015142
99062: 0.000151419
99063: 0.000151417
99064: 0.000151416
99065: 0.000151414
99066: 0.000151413
99067: 0.000151411
99068: 0.00015141
99069: 0.000151408
99070: 0.000151407
99071: 0.000151405
99072: 0.000151404
99073: 0.000151402
99074: 0.0001514
99075: 0.000151399
99076: 0.000151397
99077: 0.000151396
99078: 0.000151394
99079: 0.000151393
99080: 0.000151391
99081: 0.00015139
99082: 0.000151388
99083: 0.000151387
99084: 0.000151385
99085: 0.000151384
99086: 0.000151382
99087: 0.000151381
99088: 0.000151379
99089: 0.000151378
99090: 0.000151376
99091: 0.000151374
99092: 0.000151373
99093: 0.000151371
99094: 0.00015137
99095: 0.000151368
99096: 0.000151367
99097: 0.000151365
99098: 0.000151364
99099: 0.000151362
99100: 0.000151361
99101: 0.000151359
99102: 0.000151358
99103: 0.000151356
99104: 0.000151355
99105: 0.000151353
99106: 0.000151352
99107: 0.00015135
99108: 0.000151349
99109: 0.000151347
99110: 0.000151345
99111: 0.000151344
99112: 0.000151342
99113: 0.000151341
99114: 0.000151339
99115: 0.000151338
99116: 0.000151336
99117: 0.000151335
99118: 0.000151333
99119: 0.000151332
99120: 0.00015133
99121: 0.000151329
99122: 0.000151327
99123: 0.000151326
99124: 0.000151324
99125: 0.000151323
99126: 0.000151321
99127: 0.00015132
99128: 0.000151318
99129: 0.000151316
99130: 0.000151315
99131: 0.000151313
99132: 0.000151312
99133: 0.00015131
99134: 0.000151309
99135: 0.000151307
99136: 0.000151306
99137: 0.000151304
99138: 0.000151303
99139: 0.000151301
99140: 0.0001513
99141: 0.000151298
99142: 0.000151297
99143: 0.000151295
99144: 0.000151294
99145: 0.000151292
99146: 0.000151291
99147: 0.000151289
99148: 0.000151287
99149: 0.000151286
99150: 0.000151284
99151: 0.000151283
99152: 0.000151281
99153: 0.00015128
99154: 0.000151278
99155: 0.000151277
99156: 0.000151275
99157: 0.000151274
99158: 0.000151272
99159: 0.000151271
99160: 0.000151269
99161: 0.000151268
99162: 0.000151266
99163: 0.000151265
99164: 0.000151263
99165: 0.000151262
99166: 0.00015126
99167: 0.000151258
99168: 0.000151257
99169: 0.000151255
99170: 0.000151254
99171: 0.000151252
99172: 0.000151251
99173: 0.000151249
99174: 0.000151248
99175: 0.000151246
99176: 0.000151245
99177: 0.000151243
99178: 0.000151242
99179: 0.00015124
99180: 0.000151239
99181: 0.000151237
99182: 0.000151236
99183: 0.000151234
99184: 0.000151233
99185: 0.000151231
99186: 0.000151229
99187: 0.000151228
99188: 0.000151226
99189: 0.000151225
99190: 0.000151223
99191: 0.000151222
99192: 0.00015122
99193: 0.000151219
99194: 0.000151217
99195: 0.000151216
99196: 0.000151214
99197: 0.000151213
99198: 0.000151211
99199: 0.00015121
99200: 0.000151208
99201: 0.000151207
99202: 0.000151205
99203: 0.000151204
99204: 0.000151202
99205: 0.000151201
99206: 0.000151199
99207: 0.000151197
99208: 0.000151196
99209: 0.000151194
99210: 0.000151193
99211: 0.000151191
99212: 0.00015119
99213: 0.000151188
99214: 0.000151187
99215: 0.000151185
99216: 0.000151184
99217: 0.000151182
99218: 0.000151181
99219: 0.000151179
99220: 0.000151178
99221: 0.000151176
99222: 0.000151175
99223: 0.000151173
99224: 0.000151172
99225: 0.00015117
99226: 0.000151169
99227: 0.000151167
99228: 0.000151165
99229: 0.000151164
99230: 0.000151162
99231: 0.000151161
99232: 0.000151159
99233: 0.000151158
99234: 0.000151156
99235: 0.000151155
99236: 0.000151153
99237: 0.000151152
99238: 0.00015115
99239: 0.000151149
99240: 0.000151147
99241: 0.000151146
99242: 0.000151144
99243: 0.000151143
99244: 0.000151141
99245: 0.00015114
99246: 0.000151138
99247: 0.000151137
99248: 0.000151135
99249: 0.000151134
99250: 0.000151132
99251: 0.00015113
99252: 0.000151129
99253: 0.000151127
99254: 0.000151126
99255: 0.000151124
99256: 0.000151123
99257: 0.000151121
99258: 0.00015112
99259: 0.000151118
99260: 0.000151117
99261: 0.000151115
99262: 0.000151114
99263: 0.000151112
99264: 0.000151111
99265: 0.000151109
99266: 0.000151108
99267: 0.000151106
99268: 0.000151105
99269: 0.000151103
99270: 0.000151102
99271: 0.0001511
99272: 0.000151098
99273: 0.000151097
99274: 0.000151095
99275: 0.000151094
99276: 0.000151092
99277: 0.000151091
99278: 0.000151089
99279: 0.000151088
99280: 0.000151086
99281: 0.000151085
99282: 0.000151083
99283: 0.000151082
99284: 0.00015108
99285: 0.000151079
99286: 0.000151077
99287: 0.000151076
99288: 0.000151074
99289: 0.000151073
99290: 0.000151071
99291: 0.00015107
99292: 0.000151068
99293: 0.000151067
99294: 0.000151065
99295: 0.000151063
99296: 0.000151062
99297: 0.00015106
99298: 0.000151059
99299: 0.000151057
99300: 0.000151056
99301: 0.000151054
99302: 0.000151053
99303: 0.000151051
99304: 0.00015105
99305: 0.000151048
99306: 0.000151047
99307: 0.000151045
99308: 0.000151044
99309: 0.000151042
99310: 0.000151041
99311: 0.000151039
99312: 0.000151038
99313: 0.000151036
99314: 0.000151035
99315: 0.000151033
99316: 0.000151032
99317: 0.00015103
99318: 0.000151029
99319: 0.000151027
99320: 0.000151025
99321: 0.000151024
99322: 0.000151022
99323: 0.000151021
99324: 0.000151019
99325: 0.000151018
99326: 0.000151016
99327: 0.000151015
99328: 0.000151013
99329: 0.000151012
99330: 0.00015101
99331: 0.000151009
99332: 0.000151007
99333: 0.000151006
99334: 0.000151004
99335: 0.000151003
99336: 0.000151001
99337: 0.000151
99338: 0.000150998
99339: 0.000150997
99340: 0.000150995
99341: 0.000150994
99342: 0.000150992
99343: 0.00015099
99344: 0.000150989
99345: 0.000150987
99346: 0.000150986
99347: 0.000150984
99348: 0.000150983
99349: 0.000150981
99350: 0.00015098
99351: 0.000150978
99352: 0.000150977
99353: 0.000150975
99354: 0.000150974
99355: 0.000150972
99356: 0.000150971
99357: 0.000150969
99358: 0.000150968
99359: 0.000150966
99360: 0.000150965
99361: 0.000150963
99362: 0.000150962
99363: 0.00015096
99364: 0.000150959
99365: 0.000150957
99366: 0.000150956
99367: 0.000150954
99368: 0.000150953
99369: 0.000150951
99370: 0.000150949
99371: 0.000150948
99372: 0.000150946
99373: 0.000150945
99374: 0.000150943
99375: 0.000150942
99376: 0.00015094
99377: 0.000150939
99378: 0.000150937
99379: 0.000150936
99380: 0.000150934
99381: 0.000150933
99382: 0.000150931
99383: 0.00015093
99384: 0.000150928
99385: 0.000150927
99386: 0.000150925
99387: 0.000150924
99388: 0.000150922
99389: 0.000150921
99390: 0.000150919
99391: 0.000150918
99392: 0.000150916
99393: 0.000150915
99394: 0.000150913
99395: 0.000150912
99396: 0.00015091
99397: 0.000150908
99398: 0.000150907
99399: 0.000150905
99400: 0.000150904
99401: 0.000150902
99402: 0.000150901
99403: 0.000150899
99404: 0.000150898
99405: 0.000150896
99406: 0.000150895
99407: 0.000150893
99408: 0.000150892
99409: 0.00015089
99410: 0.000150889
99411: 0.000150887
99412: 0.000150886
99413: 0.000150884
99414: 0.000150883
99415: 0.000150881
99416: 0.00015088
99417: 0.000150878
99418: 0.000150877
99419: 0.000150875
99420: 0.000150874
99421: 0.000150872
99422: 0.000150871
99423: 0.000150869
99424: 0.000150867
99425: 0.000150866
99426: 0.000150864
99427: 0.000150863
99428: 0.000150861
99429: 0.00015086
99430: 0.000150858
99431: 0.000150857
99432: 0.000150855
99433: 0.000150854
99434: 0.000150852
99435: 0.000150851
99436: 0.000150849
99437: 0.000150848
99438: 0.000150846
99439: 0.000150845
99440: 0.000150843
99441: 0.000150842
99442: 0.00015084
99443: 0.000150839
99444: 0.000150837
99445: 0.000150836
99446: 0.000150834
99447: 0.000150833
99448: 0.000150831
99449: 0.00015083
99450: 0.000150828
99451: 0.000150827
99452: 0.000150825
99453: 0.000150823
99454: 0.000150822
99455: 0.00015082
99456: 0.000150819
99457: 0.000150817
99458: 0.000150816
99459: 0.000150814
99460: 0.000150813
99461: 0.000150811
99462: 0.00015081
99463: 0.000150808
99464: 0.000150807
99465: 0.000150805
99466: 0.000150804
99467: 0.000150802
99468: 0.000150801
99469: 0.000150799
99470: 0.000150798
99471: 0.000150796
99472: 0.000150795
99473: 0.000150793
99474: 0.000150792
99475: 0.00015079
99476: 0.000150789
99477: 0.000150787
99478: 0.000150786
99479: 0.000150784
99480: 0.000150783
99481: 0.000150781
99482: 0.00015078
99483: 0.000150778
99484: 0.000150776
99485: 0.000150775
99486: 0.000150773
99487: 0.000150772
99488: 0.00015077
99489: 0.000150769
99490: 0.000150767
99491: 0.000150766
99492: 0.000150764
99493: 0.000150763
99494: 0.000150761
99495: 0.00015076
99496: 0.000150758
99497: 0.000150757
99498: 0.000150755
99499: 0.000150754
99500: 0.000150752
99501: 0.000150751
99502: 0.000150749
99503: 0.000150748
99504: 0.000150746
99505: 0.000150745
99506: 0.000150743
99507: 0.000150742
99508: 0.00015074
99509: 0.000150739
99510: 0.000150737
99511: 0.000150736
99512: 0.000150734
99513: 0.000150733
99514: 0.000150731
99515: 0.00015073
99516: 0.000150728
99517: 0.000150727
99518: 0.000150725
99519: 0.000150723
99520: 0.000150722
99521: 0.00015072
99522: 0.000150719
99523: 0.000150717
99524: 0.000150716
99525: 0.000150714
99526: 0.000150713
99527: 0.000150711
99528: 0.00015071
99529: 0.000150708
99530: 0.000150707
99531: 0.000150705
99532: 0.000150704
99533: 0.000150702
99534: 0.000150701
99535: 0.000150699
99536: 0.000150698
99537: 0.000150696
99538: 0.000150695
99539: 0.000150693
99540: 0.000150692
99541: 0.00015069
99542: 0.000150689
99543: 0.000150687
99544: 0.000150686
99545: 0.000150684
99546: 0.000150683
99547: 0.000150681
99548: 0.00015068
99549: 0.000150678
99550: 0.000150677
99551: 0.000150675
99552: 0.000150674
99553: 0.000150672
99554: 0.00015067
99555: 0.000150669
99556: 0.000150667
99557: 0.000150666
99558: 0.000150664
99559: 0.000150663
99560: 0.000150661
99561: 0.00015066
99562: 0.000150658
99563: 0.000150657
99564: 0.000150655
99565: 0.000150654
99566: 0.000150652
99567: 0.000150651
99568: 0.000150649
99569: 0.000150648
99570: 0.000150646
99571: 0.000150645
99572: 0.000150643
99573: 0.000150642
99574: 0.00015064
99575: 0.000150639
99576: 0.000150637
99577: 0.000150636
99578: 0.000150634
99579: 0.000150633
99580: 0.000150631
99581: 0.00015063
99582: 0.000150628
99583: 0.000150627
99584: 0.000150625
99585: 0.000150624
99586: 0.000150622
99587: 0.000150621
99588: 0.000150619
99589: 0.000150618
99590: 0.000150616
99591: 0.000150615
99592: 0.000150613
99593: 0.000150611
99594: 0.00015061
99595: 0.000150608
99596: 0.000150607
99597: 0.000150605
99598: 0.000150604
99599: 0.000150602
99600: 0.000150601
99601: 0.000150599
99602: 0.000150598
99603: 0.000150596
99604: 0.000150595
99605: 0.000150593
99606: 0.000150592
99607: 0.00015059
99608: 0.000150589
99609: 0.000150587
99610: 0.000150586
99611: 0.000150584
99612: 0.000150583
99613: 0.000150581
99614: 0.00015058
99615: 0.000150578
99616: 0.000150577
99617: 0.000150575
99618: 0.000150574
99619: 0.000150572
99620: 0.000150571
99621: 0.000150569
99622: 0.000150568
99623: 0.000150566
99624: 0.000150565
99625: 0.000150563
99626: 0.000150562
99627: 0.00015056
99628: 0.000150559
99629: 0.000150557
99630: 0.000150556
99631: 0.000150554
99632: 0.000150553
99633: 0.000150551
99634: 0.00015055
99635: 0.000150548
99636: 0.000150546
99637: 0.000150545
99638: 0.000150543
99639: 0.000150542
99640: 0.00015054
99641: 0.000150539
99642: 0.000150537
99643: 0.000150536
99644: 0.000150534
99645: 0.000150533
99646: 0.000150531
99647: 0.00015053
99648: 0.000150528
99649: 0.000150527
99650: 0.000150525
99651: 0.000150524
99652: 0.000150522
99653: 0.000150521
99654: 0.000150519
99655: 0.000150518
99656: 0.000150516
99657: 0.000150515
99658: 0.000150513
99659: 0.000150512
99660: 0.00015051
99661: 0.000150509
99662: 0.000150507
99663: 0.000150506
99664: 0.000150504
99665: 0.000150503
99666: 0.000150501
99667: 0.0001505
99668: 0.000150498
99669: 0.000150497
99670: 0.000150495
99671: 0.000150494
99672: 0.000150492
99673: 0.000150491
99674: 0.000150489
99675: 0.000150488
99676: 0.000150486
99677: 0.000150485
99678: 0.000150483
99679: 0.000150482
99680: 0.00015048
99681: 0.000150479
99682: 0.000150477
99683: 0.000150476
99684: 0.000150474
99685: 0.000150472
99686: 0.000150471
99687: 0.000150469
99688: 0.000150468
99689: 0.000150466
99690: 0.000150465
99691: 0.000150463
99692: 0.000150462
99693: 0.00015046
99694: 0.000150459
99695: 0.000150457
99696: 0.000150456
99697: 0.000150454
99698: 0.000150453
99699: 0.000150451
99700: 0.00015045
99701: 0.000150448
99702: 0.000150447
99703: 0.000150445
99704: 0.000150444
99705: 0.000150442
99706: 0.000150441
99707: 0.000150439
99708: 0.000150438
99709: 0.000150436
99710: 0.000150435
99711: 0.000150433
99712: 0.000150432
99713: 0.00015043
99714: 0.000150429
99715: 0.000150427
99716: 0.000150426
99717: 0.000150424
99718: 0.000150423
99719: 0.000150421
99720: 0.00015042
99721: 0.000150418
99722: 0.000150417
99723: 0.000150415
99724: 0.000150414
99725: 0.000150412
99726: 0.000150411
99727: 0.000150409
99728: 0.000150408
99729: 0.000150406
99730: 0.000150405
99731: 0.000150403
99732: 0.000150402
99733: 0.0001504
99734: 0.000150399
99735: 0.000150397
99736: 0.000150396
99737: 0.000150394
99738: 0.000150393
99739: 0.000150391
99740: 0.00015039
99741: 0.000150388
99742: 0.000150386
99743: 0.000150385
99744: 0.000150383
99745: 0.000150382
99746: 0.00015038
99747: 0.000150379
99748: 0.000150377
99749: 0.000150376
99750: 0.000150374
99751: 0.000150373
99752: 0.000150371
99753: 0.00015037
99754: 0.000150368
99755: 0.000150367
99756: 0.000150365
99757: 0.000150364
99758: 0.000150362
99759: 0.000150361
99760: 0.000150359
99761: 0.000150358
99762: 0.000150356
99763: 0.000150355
99764: 0.000150353
99765: 0.000150352
99766: 0.00015035
99767: 0.000150349
99768: 0.000150347
99769: 0.000150346
99770: 0.000150344
99771: 0.000150343
99772: 0.000150341
99773: 0.00015034
99774: 0.000150338
99775: 0.000150337
99776: 0.000150335
99777: 0.000150334
99778: 0.000150332
99779: 0.000150331
99780: 0.000150329
99781: 0.000150328
99782: 0.000150326
99783: 0.000150325
99784: 0.000150323
99785: 0.000150322
99786: 0.00015032
99787: 0.000150319
99788: 0.000150317
99789: 0.000150316
99790: 0.000150314
99791: 0.000150313
99792: 0.000150311
99793: 0.00015031
99794: 0.000150308
99795: 0.000150307
99796: 0.000150305
99797: 0.000150304
99798: 0.000150302
99799: 0.000150301
99800: 0.000150299
99801: 0.000150298
99802: 0.000150296
99803: 0.000150295
99804: 0.000150293
99805: 0.000150292
99806: 0.00015029
99807: 0.000150289
99808: 0.000150287
99809: 0.000150286
99810: 0.000150284
99811: 0.000150283
99812: 0.000150281
99813: 0.00015028
99814: 0.000150278
99815: 0.000150277
99816: 0.000150275
99817: 0.000150273
99818: 0.000150272
99819: 0.00015027
99820: 0.000150269
99821: 0.000150267
99822: 0.000150266
99823: 0.000150264
99824: 0.000150263
99825: 0.000150261
99826: 0.00015026
99827: 0.000150258
99828: 0.000150257
99829: 0.000150255
99830: 0.000150254
99831: 0.000150252
99832: 0.000150251
99833: 0.000150249
99834: 0.000150248
99835: 0.000150246
99836: 0.000150245
99837: 0.000150243
99838: 0.000150242
99839: 0.00015024
99840: 0.000150239
99841: 0.000150237
99842: 0.000150236
99843: 0.000150234
99844: 0.000150233
99845: 0.000150231
99846: 0.00015023
99847: 0.000150228
99848: 0.000150227
99849: 0.000150225
99850: 0.000150224
99851: 0.000150222
99852: 0.000150221
99853: 0.000150219
99854: 0.000150218
99855: 0.000150216
99856: 0.000150215
99857: 0.000150213
99858: 0.000150212
99859: 0.00015021
99860: 0.000150209
99861: 0.000150207
99862: 0.000150206
99863: 0.000150204
99864: 0.000150203
99865: 0.000150201
99866: 0.0001502
99867: 0.000150198
99868: 0.000150197
99869: 0.000150195
99870: 0.000150194
99871: 0.000150192
99872: 0.000150191
99873: 0.000150189
99874: 0.000150188
99875: 0.000150186
99876: 0.000150185
99877: 0.000150183
99878: 0.000150182
99879: 0.00015018
99880: 0.000150179
99881: 0.000150177
99882: 0.000150176
99883: 0.000150174
99884: 0.000150173
99885: 0.000150171
99886: 0.00015017
99887: 0.000150168
99888: 0.000150167
99889: 0.000150165
99890: 0.000150164
99891: 0.000150162
99892: 0.000150161
99893: 0.000150159
99894: 0.000150158
99895: 0.000150156
99896: 0.000150155
99897: 0.000150153
99898: 0.000150152
99899: 0.00015015
99900: 0.000150149
99901: 0.000150147
99902: 0.000150146
99903: 0.000150144
99904: 0.000150143
99905: 0.000150141
99906: 0.00015014
99907: 0.000150138
99908: 0.000150137
99909: 0.000150135
99910: 0.000150134
99911: 0.000150132
99912: 0.000150131
99913: 0.000150129
99914: 0.000150128
99915: 0.000150126
99916: 0.000150125
99917: 0.000150123
99918: 0.000150122
99919: 0.00015012
99920: 0.000150119
99921: 0.000150117
99922: 0.000150116
99923: 0.000150114
99924: 0.000150113
99925: 0.000150111
99926: 0.00015011
99927: 0.000150108
99928: 0.000150107
99929: 0.000150105
99930: 0.000150104
99931: 0.000150102
99932: 0.000150101
99933: 0.000150099
99934: 0.000150098
99935: 0.000150096
99936: 0.000150095
99937: 0.000150093
99938: 0.000150092
99939: 0.00015009
99940: 0.000150089
99941: 0.000150087
99942: 0.000150086
99943: 0.000150084
99944: 0.000150083
99945: 0.000150081
99946: 0.00015008
99947: 0.000150078
99948: 0.000150077
99949: 0.000150075
99950: 0.000150074
99951: 0.000150072
99952: 0.000150071
99953: 0.000150069
99954: 0.000150068
99955: 0.000150066
99956: 0.000150065
99957: 0.000150063
99958: 0.000150062
99959: 0.00015006
99960: 0.000150059
99961: 0.000150057
99962: 0.000150056
99963: 0.000150054
99964: 0.000150053
99965: 0.000150051
99966: 0.00015005
99967: 0.000150048
99968: 0.000150047
99969: 0.000150045
99970: 0.000150044
99971: 0.000150042
99972: 0.000150041
99973: 0.000150039
99974: 0.000150038
99975: 0.000150036
99976: 0.000150035
99977: 0.000150033
99978: 0.000150032
99979: 0.00015003
99980: 0.000150029
99981: 0.000150027
99982: 0.000150026
99983: 0.000150024
99984: 0.000150023
99985: 0.000150021
99986: 0.00015002
99987: 0.000150018
99988: 0.000150017
99989: 0.000150015
99990: 0.000150014
99991: 0.000150012
99992: 0.000150011
99993: 0.000150009
99994: 0.000150008
99995: 0.000150006
99996: 0.000150005
99997: 0.000150003
99998: 0.000150002
99999: 0.00015
